-0.019040739590598,-0.0191576065316345,-0.0192611065137173,-0.0193517068424678,-0.0194275543422888,-0.0194857398736049,-0.0195262845812147,-0.0195485217145548,-0.0195502094292392,-0.0195306263398935,-0.0194858970111847,-0.0194165206188604,-0.0193214636751731,-0.0191971334486597,-0.0190439780229574,-0.0188589172199904,-0.0186421960289394,-0.0183868795524092,-0.018100482617753,-0.017771860289475,-0.0174078806361502,-0.017006876194323,-0.0165672048214837,-0.0160783426404279,-0.0155520518021457,-0.0149872924694868,-0.0143729957338556,-0.0137142981979693,-0.0130151829546081,-0.0122778166194451,-0.0114950560750668,-0.0106736642780517,-0.00981545140921294,-0.00892216232480997,-0.00799265438800184,-0.00703126852681917,-0.00604137419083921,-0.00502620506084723,-0.00398511633059362,-0.00292530871723019,-0.00185085221657542,-0.000762124223384935,0.000337043424625019,0.00143371616966956,0.00252692973054982,0.00362722377023769,0.00471506716264926,0.00578611381568314,0.00684689234129276,0.00788317368274841,0.00889415023702031,0.00988293355260552,0.01083563520104,0.0117565398144501,0.01264077037032,0.0134813346086538,0.0142851222776294,0.0150377832956072,0.0157479586093551,0.0164188860132916,0.0170367809673581,0.017612331251534,0.0181367355971816,0.0186115927555223,0.0190426455144428,0.0194278166438483,0.0197654970431232,0.0200595865349592,0.0203093665338054,0.0205180662505072,0.0206842378500578,0.0208138191931914,0.0209068429285776,0.0209644853656982,0.0209877952116635,0.0209808310766173,0.0209444184151092,0.0208821842137667,0.0207942655135216,0.0206830956450362,0.020550302276128,0.0203981530414312,0.0202279502492601,0.0200432702971128,0.0198423145765087,0.0196299950183963,0.0194052717916905,0.0191714319119626,0.0189289085210669,0.0186795168311496,0.0184231430567253,0.0181624575890473,0.0178976717124744,0.0176285792492676,0.0173593646240493,0.0170885176952024,0.016816355419142,0.0165441652954517,0.0162719822649866,0.0160014951691261,0.0157330434297259
-0.0195416445339162,-0.0196760735281972,-0.0197975976046634,-0.0199045715217646,-0.0199981606969428,-0.0200734807399281,-0.0201314807965383,-0.0201705909020797,-0.020189383163819,-0.0201858395998482,-0.0201562403514143,-0.0201020411126936,-0.0200200407867471,-0.0199093982549908,-0.0197665772345067,-0.0195940990067748,-0.0193835984629829,-0.0191362670810089,-0.0188521021311593,-0.0185294944790505,-0.018164051630422,-0.0177947002392266,-0.0173376000256655,-0.0168175950370248,-0.0162838827167283,-0.0157030795472,-0.0150738699686247,-0.0144009436990921,-0.0136777647399555,-0.0129133270884659,-0.0121019945680567,-0.0112479018626521,-0.0103529230596915,-0.00941929953401017,-0.00844625449207789,-0.00743827456611316,-0.00639932205148467,-0.00533295143919712,-0.00423830584194165,-0.00312294670990913,-0.00199086141197105,-0.000845449988933881,0.000310905038514854,0.00147392246456098,0.00262581432540804,0.00378653436770542,0.00493306132221373,0.00606342838102765,0.00717949532819983,0.00827376403944153,0.00933765012029376,0.0103739458848745,0.0113791918091416,0.0123401081675979,0.0132749569684698,0.0141477528744058,0.0149833994521819,0.0157562542202728,0.0165103235510137,0.0172012932002453,0.0178423187674898,0.0184310748190689,0.018971134828896,0.0194569154510082,0.0198918332316154,0.0202807773800869,0.0206176936482188,0.0209067870201736,0.021149190499716,0.0213507601822751,0.0215068651643336,0.0216224654620835,0.0216992724421904,0.0217401826453329,0.0217466979867245,0.0217216486785836,0.0216645923083954,0.0215800724169476,0.0214694176559418,0.0213355441843686,0.0211807155115451,0.0210059864927653,0.0208125551162682,0.0206049287424639,0.0203818254491865,0.0201465697941762,0.01990016984787,0.0196438535291762,0.0193788792088771,0.0191070131304576,0.0188311730662497,0.0185512139129715,0.0182665176694943,0.0179798555254861,0.0176912736906687,0.0174023970567463,0.0171138917445226,0.0168254434998022,0.0165384501470995,0.0162531530554936,0.0159697435793172
-0.0200525942577822,-0.0202070073269549,-0.0203464604578444,-0.0204711634695524,-0.0205842335378563,-0.0206789324997938,-0.020757030397831,-0.020813739423095,-0.0208511537661187,-0.020864543911061,-0.0208524857681575,-0.0208146653110627,-0.0207487696430505,-0.0206527288486527,-0.0205236857826465,-0.0203621282842508,-0.0201600618580147,-0.0199246438471805,-0.0196479309091989,-0.0193249911828345,-0.0190038409451519,-0.0185597254352047,-0.0181034503406261,-0.0176123774722697,-0.0170641499250708,-0.0164707945248987,-0.0158229010195903,-0.0151293926951564,-0.0143863131747106,-0.0135930360391186,-0.0127510833773375,-0.0118631097428302,-0.0109297283489276,-0.00995418203676438,-0.00893527753872836,-0.00787847804511465,-0.00678753111968444,-0.00566581336773006,-0.00451312980048893,-0.00333826217050349,-0.00214454426121147,-0.000932880372156949,0.000285234201318697,0.00149953414419036,0.00273098936765391,0.00395306375866841,0.0051637037962407,0.00635934579839444,0.00753512102601568,0.00868807752567001,0.00981074819910922,0.0109004396573967,0.0119573396324678,0.0129693130824374,0.0139388033619842,0.0148807112802529,0.015739256722895,0.0165498010806154,0.0173215747936566,0.0180343871521658,0.0186981154171121,0.019302960864517,0.0198514144588936,0.0203488473426472,0.0207896047215039,0.0211806643860489,0.0215144763316624,0.0217996204385461,0.0220376674066152,0.0222243840998508,0.0223669701309161,0.0224691589592646,0.0225312351977037,0.0225517959099325,0.0225371256853807,0.02248997441906,0.022411394213086,0.0223044614276379,0.022170533519001,0.022011841214603,0.0218317061529807,0.0216306681799354,0.0214122383868045,0.0211794084280034,0.0209320420712783,0.0206725753407411,0.0204032076318266,0.0201236605078458,0.0198364802315894,0.0195420811192889,0.0192434626905517,0.0189420703370167,0.0186369592155255,0.0183311713365485,0.0180243494327006,0.0177170768254095,0.0174106365355689,0.01710535166843,0.0168024642357601,0.0165021671615326,0.0162042541861502
-0.0205768159871382,-0.0207494692126938,-0.0209087158916031,-0.021056144203459,-0.021186740290348,-0.0213033000670419,-0.0214012665560559,-0.0214781176128645,-0.0215359126498209,-0.0215679627999598,-0.0215755743422573,-0.0215560826239237,-0.021508318893598,-0.0214270141580577,-0.0213169080331643,-0.0211651855115362,-0.0209777461435329,-0.0207501655750325,-0.0204800822939305,-0.0201641084527525,-0.0198224632257314,-0.0194058745185984,-0.0189531698110563,-0.0184503265678852,-0.0178950637986888,-0.0172869079207611,-0.0166241628164038,-0.0159083569438765,-0.0151418702884887,-0.0143198766541386,-0.0134464756496083,-0.0125228179172778,-0.0115495419600929,-0.0105293694808329,-0.00946228485438783,-0.00835365105711238,-0.007207466646738,-0.00602689750520729,-0.00481248274430258,-0.00357319631291333,-0.00231207711638088,-0.00103359623698927,0.000263745932792066,0.00154602929389752,0.00283532541388794,0.00412846303756396,0.00541045595851285,0.00667343274912564,0.00791706667688535,0.00913282466559528,0.0103171210480036,0.0114654999112537,0.0125781662383347,0.01364059396159,0.0146568793462968,0.0156215377281924,0.0165281019736343,0.0173864141187476,0.0181852064166689,0.018923586163796,0.0196055034228047,0.0202286512346174,0.0207911877469769,0.0212959839479799,0.0217416103877747,0.0221305991980826,0.0224619290072824,0.0227417166984858,0.0229680602166518,0.0231444300843059,0.0232735640789585,0.0233574993113527,0.0233967666552044,0.0233984414661883,0.0233626838215922,0.0232918376331205,0.0231869774752827,0.0230529889512671,0.0228934944494622,0.0227091093653231,0.0225024705986452,0.022275330678764,0.0220298113832704,0.0217696814641106,0.0214963165196432,0.0212106732214154,0.0209145347385766,0.0206098426730957,0.0202981106910001,0.0199812951280857,0.019660275406276,0.0193360646464971,0.0190109507582012,0.018683652607968,0.0183561253773841,0.0180302148480838,0.017706554509719,0.017384670639595,0.0170643849076033,0.0167474506476143,0.016434743752101
-0.0211095843656475,-0.021302856823659,-0.021484102591464,-0.0216538119291086,-0.0218064932536831,-0.0219449596067291,-0.0220646141463732,-0.0221640705350128,-0.0222425192668396,-0.0222970962295897,-0.0223253470735406,-0.0223272190605661,-0.0222981507259976,-0.0222365261663094,-0.0221425692805837,-0.022003329274427,-0.021833541867459,-0.0216165185330406,-0.0213613018471967,-0.0210613795209914,-0.0207071584606158,-0.0203049868509125,-0.0198488817789016,-0.019338304120425,-0.0187750361011269,-0.018156292260485,-0.0174791736690934,-0.0167437690551119,-0.0159510292001331,-0.0150989643405219,-0.0141923683688594,-0.0132314211645503,-0.0122165820756975,-0.0111490680620865,-0.0100311391178375,-0.00886754368330066,-0.00766247735183061,-0.00641875973526654,-0.0051383175867973,-0.00382971480613955,-0.00249815454399348,-0.00114849613443657,0.000213235772354388,0.00157915022661597,0.0029494382794521,0.00431640736052767,0.00567347482329588,0.00700942688798053,0.00832068971346508,0.00960918335670811,0.0108602971924523,0.012069823077355,0.0132378347896033,0.0143612748342455,0.0153549202920481,0.0164239815096162,0.0173836105318475,0.0182832585220122,0.0191074293437996,0.01987243763519,0.0205787655294989,0.0212183969406853,0.0217895567418888,0.0223007384270983,0.0227484879644442,0.0231372533637621,0.0234636519558874,0.0237376051710687,0.0239509413093291,0.024109690732448,0.0242220214926989,0.0242874947397115,0.0243063746832599,0.024283075904482,0.0242205085000967,0.0241234310109077,0.0239927832619484,0.0238318189047283,0.0236426150759735,0.0234275399121203,0.0231914465678688,0.0229351383749831,0.0226612907421709,0.0223731507635383,0.0220711439427051,0.0217581385711472,0.0214356170078121,0.0211051752809352,0.0207681414238695,0.020425679230037,0.0200796998390052,0.0197322224630153,0.0193840609851598,0.0190357646709333,0.0186892501773472,0.0183432845816695,0.0179995087674821,0.0176589141335849,0.0173230305771097,0.0169906999555551,0.0166629726851419
-0.0216529659670735,-0.0218686651278826,-0.0220739305756561,-0.0222655277805344,-0.0224434533661964,-0.0226050710779344,-0.0227476035945849,-0.0228714603313366,-0.0229739667785638,-0.0230527917975549,-0.0231038710648806,-0.0231287717982632,-0.0231204500546231,-0.0230814442073721,-0.0230030474060466,-0.0228847327880937,-0.022738559202488,-0.0225414496226501,-0.0223041771988475,-0.0219944918194769,-0.0216478137009869,-0.0212510466918732,-0.0207955425578337,-0.0202841949778931,-0.0197109842511778,-0.0190819259450388,-0.0183909831395315,-0.0176361691677536,-0.0168180664525111,-0.0159377408976989,-0.0149949855333079,-0.0139936083127993,-0.0129353658082371,-0.0118178049927073,-0.0106461193394011,-0.00942409770656654,-0.00815629776493379,-0.00684456872849679,-0.00549349774471697,-0.004110468767646,-0.00270356269849934,-0.00127503925889402,0.000166054069712087,0.0016166085364611,0.00306897933562703,0.00451673059378683,0.00595368124960188,0.00736995994334235,0.00875647818870238,0.0101134685245967,0.0114418193436762,0.0127216743473263,0.0139468528913917,0.0151216420022643,0.0162310905699686,0.0173002572729382,0.0182995640722246,0.0192356179614331,0.0200933062518243,0.0208875485285174,0.021614117272659,0.0222697375736132,0.0228542450911272,0.0233731790880082,0.0238218985376743,0.0242025018185789,0.0245239669225709,0.0247847995114669,0.0249848010880517,0.025130093939339,0.0252179760338294,0.0252617163940761,0.0252540578577086,0.0252064440949379,0.0251178832396996,0.0249898060344599,0.0248271088617034,0.0246357403288723,0.0244155198950214,0.0241705826415939,0.0239026463169828,0.0236143145752764,0.0233081754035309,0.0229876536210962,0.0226576909139017,0.0223138962340571,0.0219622960238497,0.0216043353192808,0.021240187671137,0.0208724956892822,0.0205019631587654,0.0201293407777051,0.0197573116768766,0.0193872409408548,0.0190191316998389,0.0186530584518863,0.018290630540554,0.017931471940401,0.0175771966635637,0.017227349589757,0.0168828172750402
-0.0222072001726955,-0.0224463911248058,-0.0226762708419473,-0.0228919380044423,-0.0230970645930419,-0.0232805718399687,-0.0234506267511819,-0.0236012150581199,-0.0237306000485977,-0.0238332405223584,-0.023911976700203,-0.0239597511244879,-0.0239782100532607,-0.0239628133721056,-0.0239054387316027,-0.0238103369713254,-0.0236537460116128,-0.0234943136635733,-0.02326166372684,-0.0229823761973853,-0.022644970178904,-0.0222501977876141,-0.0217999615382432,-0.0212884671521073,-0.0207111965589771,-0.0200683441729952,-0.0193644105860022,-0.0185898547283308,-0.0177475039927291,-0.0168379708002615,-0.0158599681486224,-0.0148169610052897,-0.0137102982098588,-0.0125406418890993,-0.0113120672908767,-0.0100279604907527,-0.00869322876516493,-0.0073083289068927,-0.00588156149046892,-0.00441965773497336,-0.00293021695391598,-0.00141644637038263,0.000113992985725589,0.00165361566498928,0.00319252722824755,0.00472987595837611,0.00625064668683561,0.00775548218745105,0.00922522902239763,0.0106652460592578,0.0120667296944019,0.01341410099057,0.0147191618072492,0.0159567009906657,0.017128485541309,0.0182413514330986,0.0192807720656367,0.0202525283966853,0.021146285958357,0.0219642290362022,0.0227202056220948,0.0233891230260779,0.0239881470795422,0.024506206535583,0.0249574389219857,0.0253359487046851,0.0256467328899871,0.0258926961910364,0.0260744591310925,0.0262005171400904,0.0262672916656133,0.0262818995920698,0.026250487977734,0.0261710626514679,0.0260477188762934,0.0258889238589369,0.0256953878482595,0.0254693973890673,0.0252135247413725,0.0249326425213478,0.0246318069578591,0.0243103566136277,0.023971024150316,0.0236189912375848,0.023253507134225,0.022879135432664,0.0224984188977742,0.0221088173233889,0.0217159696791876,0.0213206298174939,0.0209234508292423,0.020526783109118,0.0201307861237814,0.0197377076790123,0.0193464467939578,0.0189588567184886,0.0185764781372911,0.0181982829630332,0.0178253142090826,0.017458920368174,0.0170999080339716
-0.0227696359265595,-0.0230345213989331,-0.0232892459090524,-0.0235320891136744,-0.0237625278642129,-0.0239780170694946,-0.0241746067768352,-0.0243531446831823,-0.0245096455306082,-0.0246412760677015,-0.0247476271296397,-0.0248230915327073,-0.0248693951180852,-0.0248789336906969,-0.0248474827172616,-0.0247757727159514,-0.0246711536910839,-0.0245005748033293,-0.0242882295286193,-0.0240207489530355,-0.0236961491874573,-0.0233127150421207,-0.0228642358994424,-0.0223547678282796,-0.021775300428367,-0.0211247937136725,-0.0204039246169555,-0.0196096520505592,-0.0187438660793647,-0.0178047220803328,-0.0167906921771182,-0.0157056020583464,-0.0145473210743343,-0.0133227564840243,-0.0120339897586,-0.0106839897399738,-0.00927714482713608,-0.00781481028684974,-0.00630692208707543,-0.00475986588352429,-0.00318140798185748,-0.00157450926077903,5.23921522027614e-05,0.00168699375101241,0.00332107437447092,0.00495402206416048,0.00656889861413743,0.00815942427420554,0.00972597129459167,0.0112535018392072,0.0127391844827509,0.0141639712301151,0.0155611723839821,0.0168463397602087,0.0180778627014448,0.0192464626166599,0.0203358712092844,0.0213498500553371,0.0222719982179326,0.0230974077417462,0.023894953675199,0.0245819453204039,0.0251917702629605,0.0257166228796619,0.0261628819075371,0.0265378014523314,0.0268327785907911,0.0270653914621935,0.0272267025599548,0.0273257345276572,0.0273693668776069,0.0273527074712378,0.0272893353897675,0.0271762965433646,0.0270204096928097,0.0268243303978177,0.0265922360155103,0.0263293924466437,0.0260380283480713,0.0257208280554628,0.0253815236498687,0.0250216967416463,0.0246468913590414,0.0242587327493307,0.0238615276114128,0.0234521447012838,0.023038224904032,0.022619264792104,0.0221969775642791,0.0217724320373677,0.021347100266049,0.0209227389242398,0.0205011110582756,0.020083206639761,0.0196702973405714,0.0192621436270272,0.0188580543376469,0.0184592424318789,0.0180691927226371,0.0176857803108431,0.0173110773162048
-0.023339732839115,-0.0236315055302378,-0.0239144981465419,-0.0241864810099814,-0.0244456763221209,-0.0246913892032773,-0.0249154248776315,-0.0251258122995652,-0.025312876905675,-0.0254785237230831,-0.0256132613931824,-0.0257160937377602,-0.0257965457505212,-0.0258341432305082,-0.0258309050100726,-0.0257857088904147,-0.0256981629936386,-0.0255585688965259,-0.0253659154493351,-0.0251156378208892,-0.0248072366178472,-0.0244369371576932,-0.0239953255433693,-0.0234874329202795,-0.0229076964418261,-0.0222514749107593,-0.0215180701054853,-0.0207023723295473,-0.0198131145046031,-0.0188440903929973,-0.0177935023812787,-0.0166633842345658,-0.0154536119456581,-0.0141702419662547,-0.0128183596227432,-0.0113994913204581,-0.00991387937970349,-0.00836764374845589,-0.0067717686063633,-0.00513349580277711,-0.00345677020425387,-0.00174979441996015,-2.15925054481594e-05,0.00171672617652996,0.00345550308415374,0.00518813417099769,0.00690746121672064,0.00860257147968149,0.0102675812946996,0.0118829171759145,0.0134578583048798,0.014972013819269,0.0164227692532876,0.0177942789198086,0.0191016793785823,0.020332782501497,0.0214729929143915,0.0225221363724538,0.0234971811815362,0.0243668610448461,0.0251602869198056,0.0258484134832018,0.026475794925245,0.0270082345922256,0.0274462455221119,0.0278095137838593,0.0280925953716447,0.0282997131140323,0.0284426309158577,0.0285115471703513,0.0285238151192141,0.0284762022060675,0.0283745165126637,0.0282258755522463,0.0280291466767455,0.0277953923248234,0.0275241338956699,0.0272201509876785,0.0268853908351329,0.0265289399775923,0.0261493259672898,0.0257524610605914,0.025337228259151,0.0249123459336563,0.0244758513781515,0.0240314371247593,0.0235841352701249,0.0231304005675101,0.0226764575777907,0.0222219335952464,0.0217682088482284,0.0213171184079619,0.0208689482236001,0.0204260594138135,0.0199882010656505,0.0195569220325211,0.019133449605138,0.018716630154284,0.0183075942076102,0.0179051048061046,0.0175116732667812
-0.0239191262327164,-0.0242387708080928,-0.024551888760545,-0.0248524047779037,-0.0251434481551595,-0.0254189332402412,-0.0256790091577629,-0.0259198784255775,-0.0261407872336481,-0.0263388948361699,-0.0265068765600791,-0.0266468098405027,-0.0267477500749866,-0.0268204368206773,-0.026853447670045,-0.0268417884667304,-0.0267814349738449,-0.0266694912585844,-0.0265003164619886,-0.0262745823153082,-0.0259809009699819,-0.0256270458782728,-0.0251971268550137,-0.0246925280409631,-0.0241139515448492,-0.0234540881198968,-0.0227104462132854,-0.0218784481921395,-0.0209622107052386,-0.0199633571303005,-0.0188747548750514,-0.0176983740651809,-0.0164354060682683,-0.0150921257795164,-0.0136729901473654,-0.0121765546519833,-0.0106077716305587,-0.00897374429293795,-0.00728506514721373,-0.00554557899420795,-0.00376500005907448,-0.00194539006062424,-0.000107667581794439,0.00174372542941413,0.00359520691554459,0.0054438832089363,0.00727692774055548,0.00908363680755359,0.0108490394083936,0.0125646315569457,0.0142377933442097,0.0158440104901258,0.0173790677255469,0.018840105498764,0.0202070177682061,0.0214955516628524,0.0226917610778951,0.023790168100482,0.0247958622364061,0.0257036203362223,0.0265140929123332,0.0272304969191499,0.0278772124459622,0.0283701153462348,0.0288076591906571,0.0291552983554289,0.0294236942357897,0.0296073903091811,0.0297194159016416,0.0297610389732671,0.0297348513642152,0.0296531299314106,0.0295098125389113,0.0293191225623523,0.0290812301832586,0.0288022156519039,0.0284847670932727,0.0281365741241794,0.0277608136829745,0.0273588384662609,0.0269354232504264,0.0264939735209407,0.0260391074632993,0.0255746146490503,0.0250996026131039,0.0246188015535295,0.0241325722117999,0.0236452889803904,0.0231577377837675,0.0226709298904482,0.0221864171287368,0.0217066759731971,0.0212320498461286,0.0207640802553817,0.0203016089729607,0.0198464318635311,0.0193996782028864,0.0189641410022565,0.0185341986381285,0.0181148098418434,0.0177047938992068
-0.0245041602096514,-0.0248546160757225,-0.0251970012624296,-0.0255309791460746,-0.0258531846192201,-0.0261637613257731,-0.0264578138929166,-0.0267359897042089,-0.0269940671350939,-0.0272265646361242,-0.0274311134654499,-0.0276089582577575,-0.0277514548731482,-0.0278703286416761,-0.0279225474412043,-0.0279449323231561,-0.0279162667690407,-0.0278362497289712,-0.0276937491281851,-0.0274958994753236,-0.0272241709393915,-0.0268869715027078,-0.026472174336466,-0.025978637582242,-0.0253996245764685,-0.0247385258791169,-0.0239870471947034,-0.0231406029951855,-0.0222014236038213,-0.0211693555854209,-0.0200421758776517,-0.0188209723085109,-0.0175054781442541,-0.0160956267496308,-0.014607544268592,-0.0130228973030221,-0.0113709271063581,-0.00963856578148075,-0.00784671984544944,-0.00600104005601856,-0.00410391605216238,-0.00216939011604459,-0.000211695422214989,0.00176395496886642,0.00374107910305007,0.00571538721116172,0.00766864074277422,0.00958972235276687,0.0114705955288827,0.0133050281279377,0.0150839766758743,0.0167869525321569,0.0184127652235387,0.0199545132870732,0.0214005820496587,0.0227487615934295,0.0240026704966871,0.0251525972257594,0.0261941476033883,0.0271315429764771,0.0279566076539559,0.0286944181601424,0.0293192202552425,0.0298350980814704,0.0302554722493673,0.0305874909846418,0.0308329512757794,0.0309903221154883,0.0310689683409905,0.0310755521815367,0.0310090651272796,0.0308820531591732,0.0306973055216592,0.0304587997788841,0.030174089596939,0.0298456492089371,0.0294832840010853,0.0290841460025916,0.0286580730261302,0.0282081804188622,0.0277400069946832,0.0272537030129747,0.02675342523305,0.026244113473964,0.0257284127820585,0.025206748659004,0.0246822539666196,0.0241598728896755,0.0236369148033073,0.0231172047503832,0.0226025976744863,0.0220924859718144,0.0215884476382509,0.0210925404766365,0.0206066643713672,0.0201280135297748,0.0196605124066311,0.019201090641619,0.0187533771120133,0.0183157788502616,0.0178887020165749
-0.0250943207642766,-0.0254757767830913,-0.0258522675813907,-0.0262200095837909,-0.0265794936019165,-0.0269237991393258,-0.0272565700955343,-0.0275667589813924,-0.0278809341952052,-0.0281352521228836,-0.0283845520906904,-0.0286043253264865,-0.0287855309265803,-0.0289370531469411,-0.0290369515366367,-0.0290977118468733,-0.029102947982462,-0.0290605386965246,-0.0289503354041167,-0.0287818330574931,-0.0285383016411727,-0.0282205399822431,-0.0278259038472629,-0.0273474816403441,-0.0267748275268278,-0.0261114595521023,-0.0253551593586824,-0.0244964759550743,-0.0235360905554802,-0.0224697455987842,-0.0213077006574308,-0.0200383960987723,-0.0186622435761193,-0.0171902319604817,-0.0156150974547938,-0.0139540269044051,-0.0121997876543179,-0.0103661145540498,-0.00846425375349748,-0.00649762610090498,-0.00447682579247808,-0.00241479452246378,-0.000325175980177456,0.00178214727226537,0.00389614390631953,0.00600152214222018,0.00808628059743197,0.0101415959960267,0.012149295924775,0.0141041888959796,0.0159947272302029,0.0178070112124971,0.0195312689521621,0.021160788235144,0.0226839410486935,0.0241034532442549,0.0254173060540207,0.0266141480454755,0.0276929047535022,0.028659826472483,0.0295110012992277,0.0302506154548657,0.0308068852330834,0.031387288654319,0.03180016535875,0.0321048629966752,0.0323246710900269,0.0324517743829583,0.0324928197807614,0.0324580740760934,0.0323467884425297,0.0321712879792417,0.0319363045935713,0.031645610438776,0.0313095520732594,0.0309276496212199,0.0305095004177737,0.0300596142957256,0.0295811666423168,0.0290806162479893,0.028558746728948,0.028024953777648,0.0274770459868777,0.0269244697977496,0.0263626347058512,0.0257991766537845,0.0252331384690622,0.0246710406016835,0.0241132086441364,0.0235573204211709,0.0230096122954318,0.0224697802913753,0.0219370579592321,0.0214152637505322,0.0209036442327878,0.020401735307827,0.0199081968814882,0.0194279457723343,0.0189608943377176,0.0185070116571036,0.0180624201654098
-0.0256904068954587,-0.0261056050049769,-0.0265157417437879,-0.0269201126854311,-0.0273147511459659,-0.0276991874833642,-0.0280669722871946,-0.0284088427791435,-0.0287448149112147,-0.0290730480902185,-0.0293709613717443,-0.0296344261051654,-0.0298592111733278,-0.0300523297991617,-0.0301949292311432,-0.0302988129161747,-0.0303474636714576,-0.0303425415631054,-0.0302728233306825,-0.0301356516512608,-0.029927207795333,-0.0296383649358881,-0.0292634954022508,-0.0288047072993577,-0.0282431473602579,-0.0275814916442583,-0.0268223563280812,-0.0259534565112878,-0.0249773146766165,-0.0238788238431718,-0.0226763428839161,-0.0213587660940694,-0.0199319309019924,-0.0183787275538917,-0.0167221465943865,-0.0149637992651988,-0.0131078164004987,-0.0111700512196811,-0.00914381073518456,-0.00704709399440396,-0.00489246783842758,-0.00269030270306347,-0.000455488124063203,0.00180085365817557,0.004064429796245,0.00632132245370244,0.00855010355147692,0.0107468969286147,0.0128917947710572,0.0149722068099637,0.0169856163939667,0.0189131868812708,0.0207469836153362,0.0224669394095576,0.02407247912964,0.0255726527291778,0.0269452806375565,0.0281928858456612,0.0293171721050951,0.0303068262206755,0.0311795407417964,0.031927021059956,0.032544329897758,0.0330584732079229,0.0334192183891821,0.0337204945257906,0.0339071324948131,0.0339991986960971,0.0339932881534744,0.0339099997254106,0.0337505741535244,0.0335191074862132,0.0332304672331517,0.0328821055501485,0.0324844273282534,0.0320474929277544,0.0315695545720679,0.0310634416717413,0.0305265549442793,0.0299690795453884,0.0293952713875336,0.0288076179430221,0.0282102560538968,0.0276032100251787,0.0269996640466618,0.0263915747947683,0.0257822549373652,0.0251811538817286,0.0245851182252758,0.0239950102160368,0.0234113785543921,0.0228400131176587,0.0222761302118178,0.0217268212181822,0.0211871330181254,0.020661111382632,0.020146781938726,0.0196470292464768,0.0191578721894469,0.0186829129450076,0.018223095100281
-0.0262885625838888,-0.026738687191794,-0.0271846205558443,-0.0276260361853752,-0.0280613127937432,-0.0284846355816938,-0.0288998065552729,-0.0293002886573977,-0.0296847522156276,-0.0300475289160661,-0.0303841010348713,-0.030693218750001,-0.0309670117485271,-0.0312037295704306,-0.0314013984124454,-0.0315506224550812,-0.0316497132904919,-0.031686619580871,-0.0316640407822269,-0.0315655628859986,-0.0313949430553757,-0.0311394897545804,-0.0307898377360555,-0.0303539647996976,-0.0298098659742177,-0.0291598306732761,-0.0283961743105932,-0.0275240035361057,-0.0265295379461326,-0.0254063447359302,-0.0241608161774574,-0.0227927781628217,-0.0212921927477144,-0.0196670152610591,-0.0179290071228819,-0.0160707243205148,-0.0141105737977457,-0.0120468893557053,-0.00989134576795601,-0.0076557873847065,-0.00535332967184594,-0.00299912753717451,-0.000608205158001937,0.00180857477311374,0.00423285979995199,0.00664680047331883,0.00904550187402082,0.0113958783931124,0.0136909156834258,0.0159159855415524,0.0180595123029781,0.0201130856213086,0.0220635470592267,0.0238853247186918,0.0255838592780491,0.0271578496539018,0.0285855679491682,0.0299042289046067,0.0310647951673181,0.0320917041270537,0.0329676603545239,0.0337184781037576,0.0343337249660802,0.0348157178747177,0.0351661810080907,0.0354352322563519,0.0355967262681903,0.0356341165493127,0.0355778010195883,0.0354383792607872,0.0352241150301321,0.0349293642648012,0.03457486502638,0.0341659407887015,0.0337053420362459,0.0332030434984727,0.0326614295952121,0.0320900730280041,0.0314960695690272,0.0308781837456707,0.030245936979288,0.0295987159336263,0.0289495684549264,0.0282927027117489,0.0276364277887412,0.0269818581053277,0.026331063629327,0.0256848829249099,0.0250490674311523,0.0244209636895247,0.0238034854612784,0.023197064983923,0.0226048602724673,0.0220249226152925,0.0214598170966223,0.0209097036242515,0.0203719668316394,0.0198497401643799,0.0193413234781417,0.018848734756151,0.0183706081898383
-0.0268878165570311,-0.0273741429700217,-0.0278590624729818,-0.0283416270043507,-0.0288174086958491,-0.0292855269688919,-0.0297441705903984,-0.0301925211616135,-0.0306235265969995,-0.0310354785887745,-0.0314238222298149,-0.0317829990365103,-0.0321134940251991,-0.0324037137328096,-0.0326578238359458,-0.0328561268674186,-0.03301106745584,-0.0330970899112008,-0.0331250090765717,-0.033073607645383,-0.0329444101193005,-0.0327283276300056,-0.0324156798490553,-0.0320035415091536,-0.0314836421750514,-0.030848717415252,-0.0300913674970874,-0.0292123131947307,-0.0282035964127969,-0.0270660702787972,-0.0257812813435244,-0.0243550652755757,-0.0227863460428281,-0.0210800869897589,-0.0192500471901934,-0.0172892505442283,-0.0152043631774957,-0.0130084588833054,-0.0107092281559498,-0.00832547237740118,-0.00586273609753893,-0.00334168704113931,-0.000772901966032178,0.00181502162454046,0.00441418790490813,0.00700210743967097,0.00956340488875417,0.0120776437285874,0.0145545295625646,0.0169398442120049,0.0192323900073872,0.0214210315663165,0.0234850962941234,0.0254271663991738,0.0272313150819497,0.0289148420616925,0.0303652794712913,0.0317731840270181,0.0329537801357726,0.034008635455812,0.0348996151426822,0.0356420529243184,0.0362484129739489,0.0367300370904994,0.0370594534993567,0.0372836412815212,0.0374058329896785,0.0373695895352548,0.0372478117064148,0.0370441747723925,0.0367688421365003,0.0364067417029408,0.0359838732204444,0.0355021698940805,0.0349682241141021,0.0343954925769262,0.033787130312039,0.033145674302225,0.0324831811586928,0.0318000363444909,0.0311069568163996,0.0304032963586844,0.0296913241839486,0.0289813004497825,0.0282725858866019,0.0275682709997177,0.0268707696523997,0.0261833245208326,0.0255015722548077,0.0248355746924476,0.0241855842305272,0.0235426410341591,0.0229200181783132,0.0223107876879249,0.021719037704521,0.021142994902578,0.020582370630042,0.0200377558841528,0.0195091711541565,0.0189986451354268,0.0185042423265113
-0.0274879105043593,-0.0280125779808648,-0.0285367001981339,-0.0290603597300456,-0.0295802447061432,-0.0300930640767288,-0.0306008426623663,-0.0311006935874068,-0.0315863592323706,-0.0320482132829126,-0.0324945825159006,-0.0329071301042855,-0.0332965985518984,-0.0336443442387071,-0.0339562491171311,-0.0342162628110524,-0.0344260534922761,-0.0345733861527794,-0.0346546897885822,-0.034659399388857,-0.0345795529934285,-0.0344110948320838,-0.0341443487700707,-0.0337609296487185,-0.0332729344921557,-0.0326600353181545,-0.0319110171961464,-0.031035000463389,-0.0300142866819142,-0.0288564274573174,-0.0275256073436558,-0.0260393193519833,-0.0244042839319189,-0.0226254669094636,-0.0206971456741286,-0.0186196410999283,-0.0164130689965278,-0.0140778023931219,-0.0116300304883441,-0.00907347986292874,-0.00644610320663298,-0.00373597579615722,-0.000985312689767529,0.00180967927964914,0.00460924660073037,0.00739667422797003,0.0101613913015795,0.0128105788282035,0.0154942361278916,0.0180506275022297,0.0205097261714903,0.0228475604794864,0.0250420490070855,0.0271014874356533,0.0290078750230535,0.0307622808546004,0.0323131852686502,0.033765697199064,0.0349885264881492,0.0360705061328499,0.036980473455737,0.0377141752452653,0.0383135229639372,0.0387686584953177,0.0390865014103718,0.0392453439104954,0.0392543327344354,0.0391924657614968,0.0390145206942805,0.0387371724846535,0.038381251958726,0.0379460828078988,0.0374451075229939,0.0368880438997136,0.0362773956212661,0.0356219134447655,0.0349393035352485,0.0342239382423105,0.0334889614290651,0.0327402961611355,0.0319767658901688,0.0312081209334361,0.0304380127712078,0.0296694073058708,0.028904055687213,0.0281480450335482,0.0274017145956093,0.0266672262115218,0.0259447597124504,0.0252418328052789,0.0245490667585498,0.0238757932301396,0.0232178810435622,0.0225817827735,0.021959912587339,0.0213578198295413,0.020775263481932,0.0202103940056138,0.019664280330941,0.0191339124072473,0.0186210603153943
-0.0280846989528724,-0.0286470971156301,-0.0292135666878395,-0.0297818294921449,-0.0303468547103575,-0.0309127850903129,-0.0314734326900772,-0.0320211639743639,-0.0325632501252434,-0.0330822477509987,-0.0335847942131651,-0.0340614874861823,-0.0345112592820958,-0.034927043841299,-0.0353017825727044,-0.0356323221917257,-0.0359035406607112,-0.0361129289375901,-0.0362599242579218,-0.0363312675614331,-0.0363097967321737,-0.0361941990770786,-0.0359770248304516,-0.0356371098939488,-0.0351840651395233,-0.0346035629537061,-0.0338770652070919,-0.0330034076598523,-0.0319832143466958,-0.0307854305288886,-0.0294084680606049,-0.027870618717666,-0.0261839685588469,-0.0243198889980625,-0.02229668160052,-0.0200993315218169,-0.017742120402652,-0.0152576991923549,-0.012641185727525,-0.00990796622623009,-0.00707403803870329,-0.0041839915916112,-0.0012185356191076,0.0017942739363846,0.0048064459167333,0.00781650250089608,0.0107695021136831,0.0137076465181215,0.0165365720196356,0.0192676295862501,0.0219102679971164,0.0243914851923829,0.0267414402057057,0.0289259365657433,0.0308565697954979,0.0327551262729787,0.0344552140381346,0.0359349804759763,0.0372103458948566,0.0383032938162595,0.0392171948497166,0.039955882843249,0.0405252295320797,0.0409399190834001,0.0411765482709026,0.04129998244494,0.041266953021588,0.0411232945136364,0.04086144695322,0.0405051033708555,0.0400734001963158,0.0395571219752982,0.0389642693146055,0.0383142257438193,0.0376237270041871,0.0368852533647971,0.0361185087216219,0.0353238631340853,0.0345101843214192,0.033686016562329,0.0328519402586599,0.0320168712988541,0.0311838955770781,0.0303499965305946,0.029530949402452,0.0287178740503018,0.0279227861402283,0.0271404961100892,0.0263753404324754,0.0256263376279106,0.0248981515458321,0.0241909347699544,0.023498261161783,0.022831815033078,0.022183699813488,0.0215572194723634,0.0209507232667594,0.0203639276698576,0.0197970446085485,0.0192497487760764,0.018720886075531
-0.0286769477849335,-0.0292822442518314,-0.0298917114533623,-0.0305053090680659,-0.0311196443504033,-0.0317354258037936,-0.0323488737646094,-0.0329552148306237,-0.0335509297604423,-0.03413402714067,-0.0347004966000237,-0.0352481871590703,-0.0357648975385636,-0.0362529831050336,-0.0366967763233759,-0.0371002603570397,-0.0374430244656625,-0.0377258421169797,-0.037941978198273,-0.0380807594287264,-0.0381334537198445,-0.0380809562817511,-0.0379206081779874,-0.0376417629096064,-0.037229338196738,-0.0366742010088689,-0.0359803400737471,-0.0351194944291965,-0.0340878582757519,-0.0328771882022124,-0.0314701672336861,-0.0298871665494091,-0.0281274910224344,-0.0261814000800058,-0.0240375696890665,-0.0217100365052496,-0.0192195603385628,-0.0165621252462206,-0.0137709349949553,-0.0108498737374743,-0.00781431008032529,-0.00468445958641412,-0.00147998955813358,0.00176290205705461,0.00500409189527588,0.00823954233561177,0.0114550528065792,0.0145998652661072,0.0176552570062568,0.020603166817687,0.0234233536838253,0.0260961006589011,0.0286053376317366,0.0309283657876212,0.0330977517054926,0.0350078927411439,0.0367581606820281,0.038290581768937,0.0396183939778936,0.0407208729542818,0.041631394241817,0.0423611138437177,0.0428979500625145,0.0432549342108077,0.0434517587999147,0.0435016969506697,0.0433975512139265,0.0431877290592622,0.0427801512851846,0.0423653784927617,0.0418429118338858,0.0412311051368503,0.0405440745605527,0.039802362688103,0.0390138893699222,0.0381785021297057,0.0373255155712496,0.0364430011510757,0.0355445824108204,0.0346392241694735,0.0337305517154709,0.0328193757859063,0.0319215340362142,0.0310267137533743,0.0301462760284437,0.0292780867998592,0.0284258066261001,0.0275983452777374,0.0267847230500861,0.0259958765876902,0.0252280236574367,0.0244851124536069,0.0237623968332676,0.0230622086913837,0.0223879118859968,0.0217358308041514,0.0211052497417668,0.0204989317988266,0.0199132772191919,0.0193465930021451,0.0188026270007679
-0.0292635475219288,-0.0299091852704357,-0.0305639386043084,-0.0312244769108079,-0.0318919226614644,-0.0325621765112937,-0.0332300012735107,-0.0338989947430756,-0.0345563342932242,-0.0352056847242178,-0.0358416561417933,-0.0364583766014456,-0.0370501986267484,-0.0376122606074418,-0.0381358953578334,-0.0386163587759829,-0.0390463148655382,-0.0394091224931401,-0.0397078723996764,-0.0399236622348918,-0.0400529680436821,-0.0400759801473764,-0.0399867177663125,-0.0397651091620599,-0.0394111537568515,-0.0389091724813322,-0.0382447549587819,-0.0374149128656507,-0.036384277171192,-0.0351311598185544,-0.0337166774260106,-0.0321035164308323,-0.030285189791733,-0.0282283474837918,-0.0259677708710385,-0.0235028707035788,-0.0208539658148862,-0.0180235630708294,-0.0150357445909166,-0.0119039979007307,-0.00861725527206865,-0.00524052857082786,-0.00181564385419511,0.00167948746904352,0.00521207921724622,0.00872598675783169,0.0121891871754753,0.0155805901470318,0.0188963107900513,0.0220754429685474,0.0251101776133117,0.0279707679158856,0.0306652329867929,0.0331889510378565,0.0354222700351241,0.037449671558679,0.0392843263839069,0.0408625876191554,0.042219102062203,0.0433364473831128,0.0442402659141355,0.0449430503645752,0.0454393897428393,0.0457532133116943,0.0458714109076771,0.0458442963548753,0.0456548675235336,0.0453432264724057,0.044886244348732,0.0443387502392329,0.0436672769089425,0.0429710299029549,0.0421785969757662,0.0413287585553819,0.0404419226957337,0.0395107009606474,0.0385464426380783,0.0375733760928242,0.0365860160883799,0.0355968501499927,0.0346073451764752,0.0336223308205812,0.0326483944722065,0.0316851294672509,0.0307435980015844,0.0298196394070044,0.028916118994021,0.0280308614420006,0.0271752155688705,0.0263428356524833,0.025534616494973,0.0247544504651284,0.0240000676810898,0.0232688188107251,0.022566874105496,0.0218898578906227,0.0212380865884003,0.0206107736450576,0.0200077520438451,0.0194238895183194,0.0188622119848058
-0.0298386736508246,-0.0305300273977408,-0.0312311447817392,-0.0319423375497106,-0.0326642585852052,-0.033388773692935,-0.0341188320665367,-0.0348426868179979,-0.0355676718409253,-0.0362886151930904,-0.0369977904094832,-0.0376906410597264,-0.0383639712201015,-0.0390108505559929,-0.0396227237800695,-0.0401923360065626,-0.0407116671235595,-0.0411627853598136,-0.0415425856138468,-0.041856600437747,-0.0420673917169137,-0.0421842340354116,-0.0421770255286709,-0.0420247361409475,-0.0417354951029204,-0.0412992185896974,-0.0406799059081121,-0.0398707568339973,-0.0388400900431198,-0.037608205460043,-0.0361734229993978,-0.0345062876664185,-0.0326271397443845,-0.0305043907433627,-0.0280660367361565,-0.0254907308581435,-0.0226783208875415,-0.0196723717609102,-0.0164443491280671,-0.0130750155590922,-0.00955396411786183,-0.00591656597064373,-0.00218585118430705,0.00160558799117596,0.00542477581696943,0.00925191333446754,0.0129916013746796,0.0166686545421479,0.0202606545636837,0.0236820223980586,0.0269565169475064,0.0300403896371292,0.0329860115204708,0.0356198300154517,0.0379116586038684,0.0401125160519594,0.0420162202426709,0.0436527222229641,0.0450425057289539,0.04616891898577,0.0470489157796438,0.0477204355348421,0.0481679401030122,0.0484093773528583,0.0484554402373921,0.0483299165248839,0.0480491060559242,0.0476142846218182,0.0470489231458408,0.0463791111976043,0.0456153598902273,0.044776684638799,0.0438726396691698,0.042903781553828,0.0418999135728966,0.0408562265269708,0.0397933175778511,0.0387195385785104,0.0376366297338223,0.0365526075095899,0.0354756470672312,0.0344111668051566,0.0333644785398158,0.0323346733295741,0.0313255451770107,0.0303369835199711,0.0293783537236679,0.0284474090150767,0.0275392026282147,0.0266626332316637,0.0258158534979492,0.0249982876962888,0.0242094761245852,0.0234515427133924,0.0227243192851713,0.0220230420323715,0.0213486393183126,0.020698445004201,0.0200765948576854,0.0194769143378607,0.018900895028152
-0.0304043506568187,-0.0311384613571931,-0.0318877280760952,-0.0326508981454456,-0.0334247266035785,-0.0342070640418213,-0.0349972794245345,-0.035792799363502,-0.0365876855666833,-0.0373817073712874,-0.0381719864897478,-0.0389423753190706,-0.0397079705858526,-0.0404470192316416,-0.0411484895905934,-0.0418170254259436,-0.0424309349782591,-0.0429910095000722,-0.0434740379281254,-0.0438807635098552,-0.0442018894662226,-0.0444041873715813,-0.0444853483912862,-0.0444292708600572,-0.0442294195288074,-0.0438559558262135,-0.0433065608072873,-0.0425275992668004,-0.041518678401666,-0.0403131026171706,-0.0388621528150843,-0.0371690733442892,-0.0351867874505716,-0.0328893301214121,-0.0304568597619693,-0.0277138895196212,-0.0247354990327683,-0.0214903019924577,-0.0180517121378224,-0.014410942412674,-0.0106037927735446,-0.00665786949127046,-0.00263431305858253,0.00149722330327914,0.00568721147010374,0.00976798099942783,0.0138675387377861,0.0178546306332747,0.0217192756569025,0.0254556501578429,0.0289898000738046,0.0322898373663204,0.0353027069126596,0.0381402242068672,0.0407411865425713,0.0430226449345373,0.0450190637567873,0.0467080046742357,0.048115930703281,0.0492381878573324,0.0501112121590283,0.0507282614686911,0.0511090170192443,0.0512665899431574,0.0512218229372973,0.0509824930083982,0.050581210529449,0.0500185381039987,0.0493305520588577,0.0485268048086977,0.0476487276794853,0.0466694199052357,0.0456244407903485,0.0445238885292418,0.0433956997775535,0.0422280454322291,0.0410504663349633,0.039868949848048,0.0386848014405161,0.0375023843506667,0.0363369980328374,0.0351871545889735,0.0340541225993876,0.0329570899874193,0.0318787237593703,0.0308332832966388,0.0298170176468191,0.0288314390389874,0.0278762668815125,0.0269567788633278,0.026069014698052,0.0252163695264462,0.024395846239242,0.0236058447884561,0.0228488110894411,0.0221245718202819,0.0214294102285826,0.0207614684482101,0.0201207375902299,0.0195074515675784,0.0189159883159893
-0.0309516222145699,-0.0317334460512587,-0.0325320188428583,-0.0333483058144582,-0.0341758151074541,-0.0350226771632736,-0.0358758508959468,-0.0367393321570191,-0.0376128838473423,-0.0384825022172229,-0.039355539861115,-0.0402190198352032,-0.0410720662404772,-0.0419080568925898,-0.0427128455062841,-0.04348622657085,-0.0442064252142239,-0.0448790997295346,-0.045492718907127,-0.0459930813782355,-0.0464378536429411,-0.0467538463260327,-0.0469709673833397,-0.0470027377857408,-0.0468989472788554,-0.0466156360377103,-0.0461334253905572,-0.0453992372182684,-0.0444591166645302,-0.043255921328014,-0.041806561555204,-0.0400521056258645,-0.0379705941060747,-0.035691213293933,-0.0330959531544336,-0.0301912980103837,-0.0270033085299069,-0.0236085492324206,-0.0197999243346546,-0.0160082154337612,-0.0118073630661108,-0.00750297118115815,-0.00312325891761938,0.00145099916605427,0.00600461744076613,0.0103677996999891,0.014860981095493,0.0191911584481456,0.0233851493969116,0.0274492353715257,0.0312661994687627,0.0348214852941194,0.0380654789569641,0.041105562229866,0.043816508230837,0.0462169715900658,0.0482981761841881,0.0500454246768369,0.0514623995299814,0.052579238052942,0.0534277015098175,0.0539826059524879,0.054289879827597,0.0543349739142629,0.0541647477510726,0.0538084640400176,0.0532610883306893,0.0525562688828026,0.0517232555513948,0.0507659687459765,0.0497259383706717,0.0485813636106998,0.0474251128414949,0.0461732311523174,0.0449115603176031,0.043619667956841,0.0423154859051741,0.0410132153456756,0.0397164062919467,0.0384384051042521,0.0371774890140548,0.0359395225578407,0.0347316178867464,0.0335508236576865,0.0324043984917007,0.0312902583954849,0.030218995779574,0.0291828433255808,0.0281840060657987,0.0272184147161676,0.0262910693768487,0.025401765197819,0.0245480714496953,0.023731338342136,0.0229467078160634,0.022199209221309,0.0214832830003357,0.0207976379844631,0.0201394747300907,0.0195075637847754,0.0189076093818762
-0.0314839339075685,-0.0323107638637903,-0.0331596299532185,-0.0340303162151928,-0.0349161869127252,-0.0358250573602754,-0.0367461996894934,-0.0376825281934582,-0.0386332594632589,-0.0395855699479199,-0.0405471697094019,-0.0415039228293467,-0.0424548073841516,-0.0433948841654423,-0.0443076044723617,-0.0451994397156814,-0.0460503297007054,-0.0468474359134206,-0.0475767668181113,-0.0482354938552334,-0.0487153013279633,-0.0492424393511814,-0.049553596084694,-0.049697549800054,-0.0497625747058763,-0.049569510396643,-0.0491164502928576,-0.0484690266636248,-0.0475497409126847,-0.0464537540133181,-0.0450560590240452,-0.0433268476569715,-0.0411599676858985,-0.038700407493093,-0.0359976899204095,-0.032943036372899,-0.0295374205645095,-0.0258122393675916,-0.0218312415014438,-0.0175643663722131,-0.013131808974675,-0.00846306759349347,-0.00365562434816318,0.00126292461898498,0.00623327979601204,0.0110601721798885,0.0159295581670758,0.0206516357220369,0.0251976773067124,0.0295827413746692,0.0336773305023007,0.0376520900256977,0.0411480655838896,0.0443532884960837,0.0472037828256376,0.0497441287591892,0.051901493622443,0.0537054637727615,0.0551341278531445,0.0562045052983681,0.0569928367625985,0.0574785103393201,0.0576756965991634,0.0576140528138472,0.0573107580209256,0.0568174204003192,0.0561141111324314,0.0552306149004685,0.0541450384664175,0.0530904145620966,0.0518981659617991,0.0505907162888393,0.0492782349788663,0.0478522630535225,0.0464434179355475,0.0450126670969894,0.0435840867731523,0.0421537577567288,0.0407445249541451,0.0393502858920156,0.0379872484219118,0.0366587774025903,0.0353644683368859,0.0341091841942028,0.032892527779447,0.031719538533863,0.0305841154967831,0.0294950356629255,0.0284461422559944,0.0274430652942795,0.0264761585947351,0.0255483557637265,0.0246656413624331,0.0238189655417353,0.023011809905511,0.0222378394829501,0.021503361483671,0.0208009129074734,0.0201298289128095,0.0194853757520909,0.0188721410993312
-0.0319913827986569,-0.0328665541120398,-0.0337685485475302,-0.0346924057977589,-0.0356343802597889,-0.0366369353001486,-0.0375962145871056,-0.0386142149600909,-0.0396440835901071,-0.0406868900146146,-0.0417373413196082,-0.042799442536119,-0.0438528120920008,-0.0449069764737863,-0.0459374878395698,-0.0469522945866838,-0.0479960856634564,-0.0488684087504788,-0.049735524303174,-0.0505251199048203,-0.0512500554537717,-0.0518358541284499,-0.0523728407581533,-0.0526452564977018,-0.0527948610929329,-0.0526884072824911,-0.0524212058619195,-0.0518824432080051,-0.0510753082565242,-0.0500266193976746,-0.0487405527359365,-0.0467956924623561,-0.0446803580569102,-0.0420656455620937,-0.0392534708131211,-0.0359703174616045,-0.0324716069577834,-0.0284045500702956,-0.0240808026281939,-0.0194670981689176,-0.0146105613590042,-0.00959357404836192,-0.00432048012300771,0.000995624867362145,0.00644469430963509,0.0117991587220213,0.0171154938189046,0.0222867052115928,0.0275067446370242,0.0319974659659954,0.0364605001107801,0.0405781824970639,0.0444673947209466,0.0479090961921252,0.0509698218633137,0.0536117034220212,0.055851880210654,0.0576393190773319,0.0591624180140924,0.0602215432155813,0.06090980561686,0.0613043098093949,0.061360299759893,0.0611394544127907,0.0606615087358038,0.0599962700026989,0.0591173869782764,0.0580523181490117,0.0568576115350727,0.055541586475752,0.0541287919084418,0.0526485441753869,0.0511594253190527,0.0495277252737051,0.0480361744014829,0.0463947322904232,0.0448418621609815,0.0432763083453968,0.0417448683097978,0.0402393016512555,0.0387736079244742,0.0373516905627667,0.0359613214642559,0.0346260443067112,0.033338509819777,0.0320984079556194,0.0309073891177612,0.0297625229986655,0.0286699370734091,0.0276213927393248,0.0266183814795699,0.0256580943321195,0.0247447420388882,0.0238707318846511,0.0230378082021707,0.0222475573385018,0.0214925518194062,0.0207755939718916,0.0200882047397487,0.0194320367731654,0.0188085558736811
-0.0324760976003174,-0.0333982899543992,-0.0343504915799102,-0.0353295214560724,-0.036336227888435,-0.037371442908389,-0.0384390675646896,-0.0395292550658202,-0.0406433721546563,-0.041776712195622,-0.0429248841066298,-0.0440921826167337,-0.0452553403142707,-0.0464319698871361,-0.0475915432937806,-0.0487600538506503,-0.0498867974630936,-0.0509179253213128,-0.0519368755583775,-0.0529146006507674,-0.0538545191647303,-0.0545618824710154,-0.0552320060306007,-0.0557199286657083,-0.0560284695673964,-0.0561294755485967,-0.0559909102336782,-0.0555827119951845,-0.0548698463741391,-0.0538298232778567,-0.0524390848332872,-0.0506746709074452,-0.0485008517059112,-0.0459182837938808,-0.0428816664034933,-0.0394708948291137,-0.0356022993037658,-0.0312489791706754,-0.026587566485804,-0.02154761010099,-0.0162796455354337,-0.0107927632019266,-0.00508559308666919,0.000754389572757838,0.00659544044073142,0.0125826888297032,0.0184479434474725,0.0240581880141235,0.0295008174836176,0.0346217694267132,0.0395743412359209,0.0440208055691873,0.0481878098427936,0.051891269352704,0.0550637383004464,0.0577402464507275,0.0602399450346518,0.0620848139197179,0.0634719964830759,0.0645309504986229,0.0651681103315545,0.0654678794077544,0.0651839970227439,0.0648560396255503,0.0642729846742929,0.0633615885409419,0.0622751163527532,0.0610035874270398,0.0595825982827807,0.0580781134328081,0.0564144311487255,0.0547634536272152,0.0530495670833527,0.0513240085093494,0.0495598413810112,0.047801984382153,0.0460840836136514,0.0443599299584122,0.0427020225117045,0.0410737215559295,0.0395095040297025,0.0379871354057483,0.0365152273442174,0.0351014542686121,0.0337348822410188,0.0324261205554654,0.031175672934217,0.0299805310244163,0.0288385393632117,0.0277527811338188,0.0267148990520958,0.0257246335982675,0.0247798213848367,0.0238831899601119,0.0230289519123493,0.0222183317939369,0.0214478466014412,0.0207133962629524,0.0200136398992868,0.0193498306488437,0.018717087606066
-0.0329296389706276,-0.03389890055304,-0.034904069185295,-0.0359392192673482,-0.0370109439679792,-0.0381186992113071,-0.0392449525458142,-0.040421606236365,-0.0416206842353285,-0.042849552036858,-0.0440981982919746,-0.0453720440929016,-0.046657841206411,-0.0479591739457816,-0.0492531296032219,-0.0505502266450595,-0.0518200203868801,-0.0530668920127341,-0.0542774864986294,-0.0554133710741136,-0.0565025164550767,-0.0574462290265407,-0.0582878876458064,-0.0589735297507929,-0.0594752851719939,-0.059758592432616,-0.0597890510305877,-0.0595349863386365,-0.0589626058836898,-0.0580253974246416,-0.0566927262233773,-0.0549534218048456,-0.0527620916542622,-0.0500927065496207,-0.0469660483656936,-0.0433083356284272,-0.0391967249558342,-0.0345850818100252,-0.0295563500747955,-0.0241299860374371,-0.0183395341180006,-0.0122521274494857,-0.00594734109909801,0.000508922860775485,0.00702405530694411,0.0135192789330737,0.0199509955797748,0.0261561313062725,0.0320522356594741,0.0378285849745167,0.0431703870583643,0.0480588548064923,0.0524496181779634,0.0563071955733029,0.0597075017268223,0.0625727376195064,0.0649306126454838,0.0668743801182043,0.0682946667873498,0.0691720536195004,0.0696383010506773,0.0697192157576081,0.0694411652936196,0.0689525990788155,0.0680435574053502,0.0669944197223819,0.0655796833186426,0.0641318111027799,0.0624165618137,0.0606313172894892,0.0588544618235361,0.0569009291982662,0.054953461462073,0.0530793165399553,0.0511063543381058,0.0491771286798451,0.0472921713297481,0.0454432163275672,0.0436279083023107,0.0419114284708671,0.0401635914049935,0.0385802218912587,0.0370156277660786,0.0355131915320224,0.0340688653868292,0.0326973521526236,0.0313845414658971,0.0301344262682344,0.0289574985729111,0.0278163941473464,0.0267562705246607,0.0257381972932039,0.0247691672910909,0.0238463858489217,0.0229759128188329,0.0221493458683117,0.021363953244454,0.0206167674435405,0.0199116626118972,0.019232243794573,0.0185954636658144
-0.0333503924910999,-0.0343668974507217,-0.035421520511947,-0.0365122019466132,-0.0376450128081181,-0.0388214023005126,-0.0400098545588666,-0.0412756960361078,-0.0425678402877649,-0.043894460040068,-0.0452490773144709,-0.0466359379656097,-0.0480478229389114,-0.0494803432779217,-0.0509245658950794,-0.052378474015785,-0.0538197644639155,-0.0552601836524043,-0.0566479871742889,-0.0579971852821475,-0.0592546684269396,-0.0604359513275438,-0.0614978996170533,-0.0624080005507473,-0.063129305542612,-0.0636325851452554,-0.0638706754674048,-0.0638089028074925,-0.063404027222511,-0.0626086087811173,-0.0613814157408414,-0.0596895857346788,-0.0574947716304779,-0.0547699084857183,-0.0514900338551122,-0.0476436217135559,-0.0432465680873451,-0.038303667667699,-0.0328528664722574,-0.0269351129124319,-0.0206036772191457,-0.0139296748233014,-0.00698220241097121,0.000126176253409132,0.00732309539401908,0.0144919820884485,0.0215572075305253,0.0284136738644164,0.0349872299607297,0.0411995729449434,0.0469741051779144,0.0522672723513634,0.0570350704495755,0.0612328105860838,0.064851641462169,0.0678879770122292,0.0703375652202697,0.072215539624814,0.0735488108870267,0.0743796827162456,0.0747248017745466,0.0746257746768121,0.0741374180051982,0.0733027205817111,0.0721673471419869,0.0707613915662723,0.0691165248160849,0.0673268561833654,0.0653743030835798,0.0633536972111585,0.0612611005310777,0.0591058580400454,0.056967814886067,0.0547828445428422,0.0525829453305845,0.0505049028255432,0.0484935688740936,0.0464891378692204,0.0445266594845471,0.0426605295104068,0.0408933317696934,0.0391125841910167,0.0374487513672545,0.035886083044949,0.0343614749670269,0.0329232001320494,0.0315713331942624,0.0302556162036565,0.0290210378475214,0.0278606914915223,0.0267137128047991,0.025703940131506,0.0246844820506107,0.023763910572057,0.0228749487772398,0.0220467196769182,0.0212416372668754,0.0204845080005512,0.019777197241843,0.01908677633537,0.0184434392037741
-0.0337347988870899,-0.0347973970465939,-0.0359028008093181,-0.0370510102828167,-0.0382459058872343,-0.0394815480008779,-0.0408151340653753,-0.0421011621592565,-0.0434836348801397,-0.0449045204116032,-0.0463701734251482,-0.0478743666866601,-0.049420383046292,-0.0509894988426938,-0.0525972332314302,-0.0542028721462141,-0.0558422201831012,-0.0574661877595388,-0.0590652257662187,-0.0606272669410925,-0.062166869230651,-0.0635502285499052,-0.0648616989910134,-0.0660298072212311,-0.0670118602768922,-0.0677701171255812,-0.0682586356418606,-0.0684298727260614,-0.0682365785806051,-0.0676225546039525,-0.0665356433207793,-0.0649335416870884,-0.0627676778149314,-0.0599978319027323,-0.0565981993806187,-0.0525594260528993,-0.0478712982899657,-0.0425460673434246,-0.0366241865799038,-0.0301643488738154,-0.0232234273525134,-0.0158521402737019,-0.00819598106634158,-0.000329208230218931,0.00763148900146213,0.0155711478083758,0.0233892091957504,0.0309631306117488,0.0382112964838896,0.0450300804213189,0.0513419487894336,0.0570980260093843,0.062239231481932,0.0667357298856804,0.070557884780885,0.0737254082573869,0.0762282836527028,0.0780854872612967,0.0793333504707803,0.0800107610588989,0.0801556502353391,0.0798227332169045,0.0790624923873611,0.0779232933767478,0.0764629422843778,0.0747406153726142,0.0728015382429534,0.0706897663489794,0.0684520919094525,0.0661607359171056,0.0637418271576524,0.0613025528937333,0.0588884856893655,0.0564905469267804,0.0541536724199055,0.0518428883722982,0.0496083988655426,0.0474154665419928,0.0453093723167438,0.0432843441614171,0.0413758142933202,0.0395467894262938,0.0378256677391062,0.0361603181695563,0.0345797755948661,0.0330698906749835,0.0316710869437246,0.030306747313126,0.0289936864947855,0.0278704159530386,0.0267026876741285,0.0256132597060177,0.0246471340310434,0.0236338554584828,0.0227116165962466,0.0218791651511683,0.0210693261550178,0.0203025680149332,0.0195670562613371,0.0188963671831354,0.0182530856108455
-0.0340761266327793,-0.0351826032641043,-0.0363362967180798,-0.0375414929568058,-0.0387947587903891,-0.040104671107103,-0.041465310995469,-0.0428649113176124,-0.0443506916318736,-0.0458714972954241,-0.0474548861818027,-0.0490758852213206,-0.050756357095043,-0.0524808253645199,-0.0542412315701387,-0.0560527875398513,-0.0578687699929483,-0.0596951851925341,-0.0615097940687113,-0.0633523998260084,-0.0650249307623257,-0.0667504024900871,-0.068367839922396,-0.0698280881871025,-0.0711099372602446,-0.0721702954005446,-0.0729596736521165,-0.0734158766104212,-0.0734873504514534,-0.0731058831200038,-0.072203091310579,-0.0707357090794471,-0.0686359962660816,-0.0658508970148453,-0.0623491847033184,-0.0581121506573241,-0.0531216239232516,-0.0473902715188417,-0.0409587907896963,-0.0338679532623729,-0.0262296176303733,-0.0181040864857621,-0.00961438387830874,-0.000881463885629975,0.00796503691067619,0.0168011768661058,0.025470028606135,0.0338640213224324,0.0418622010895613,0.0493711705873531,0.0562864356755078,0.0625451359905198,0.0681005977997616,0.0729078685363444,0.0769429759320734,0.0802277436639513,0.0827578263686159,0.0845597960162452,0.0856801006592532,0.0861650147014019,0.0860653096145831,0.0854431917178744,0.0843597874185086,0.0828782384890141,0.0810636585293942,0.0789738119503856,0.0766687467472047,0.074188952517636,0.0715988197141349,0.0689328872847929,0.0662247094837558,0.0635113165186157,0.0608143242108503,0.0581634085242043,0.0555764971401057,0.0530697071490781,0.0506379137709933,0.0482944727932522,0.046044254948216,0.0438993612679201,0.0418570015548251,0.0399211888414389,0.0380798478082913,0.0363416003886691,0.0346873718621053,0.033129263177988,0.0316556717031822,0.0302739065375031,0.028959447766396,0.0277259570130341,0.0265609373668113,0.025466373725794,0.0244244317375868,0.0234495692498012,0.0225413671712616,0.0216729173832415,0.0208636933481966,0.0200920860548589,0.0193571640468675,0.0186710542211862,0.0180083175034058
-0.0343713701303991,-0.0355224466849841,-0.0367242154313419,-0.0379825514463753,-0.0392974344505427,-0.0406734842815014,-0.0421224519291145,-0.0435912158423744,-0.0451632488176118,-0.0467842111365053,-0.0484810573985158,-0.0502312695399759,-0.0520568543241449,-0.0539205830093157,-0.0558669460450831,-0.0578524280129089,-0.0598750027912076,-0.0619177508619228,-0.0639833756427911,-0.0660683718308467,-0.0680117158808827,-0.0701044241795792,-0.0720129395015718,-0.0738039044770103,-0.0754307331808637,-0.076845548487852,-0.0779870985325428,-0.0787931812707621,-0.0791918388490998,-0.0791006848590184,-0.0784484913300453,-0.0771738671873956,-0.0751894541470958,-0.0724292008337138,-0.068848561716307,-0.0644187338536584,-0.0591130240260135,-0.0529369720181435,-0.0459510950351999,-0.0381689935358803,-0.0297327289074924,-0.0207265809030118,-0.0112792227160601,-0.00154486077444356,0.00832763354747126,0.0181722325353657,0.0278257190902013,0.0371550922223481,0.0460020504772131,0.0543056148887409,0.0618833197524088,0.0687081250283502,0.0747130191730377,0.0798434017362723,0.0840942760256816,0.0874846962460011,0.0900145673308369,0.0917239804841606,0.0926690228254215,0.0929078711529585,0.0925039258015332,0.091528470724837,0.0900618413716118,0.0881738932099826,0.0859332460822701,0.0834179897478245,0.0806882072569806,0.0778072346026444,0.0748255161405586,0.0717873878947081,0.0687307383202125,0.0656920559615457,0.0627050573915489,0.0597833427498037,0.0569473634133727,0.0542078604309618,0.0515854567685538,0.0490685787550684,0.0466680373970621,0.044389571642959,0.0422309734281952,0.0401876583760076,0.0382554381107663,0.0364371185124404,0.0347250141794741,0.0331085137302129,0.0315902105025139,0.0301591272074899,0.0288146359927442,0.0275537157494225,0.0263670371762531,0.0252518706583845,0.0242030636539345,0.0232180693628391,0.0222920940492074,0.0214202607370159,0.0206002250998654,0.0198266985036298,0.0190974981687498,0.0184110548265567,0.0177623053893845
-0.0346134022129739,-0.0358052664922532,-0.0370534620886252,-0.0383624738424058,-0.0397371012090571,-0.0411774926791974,-0.042692803666229,-0.0442792773469155,-0.0459128453807416,-0.0476398490977347,-0.0494423195651274,-0.0513226594951648,-0.0532875040037325,-0.0553262192570177,-0.0574370298726792,-0.0596210092229259,-0.0618498588778699,-0.0641386298051109,-0.0664582192936446,-0.0687781493486,-0.0711507239569411,-0.0735053529109524,-0.0757732125851714,-0.0779429098647322,-0.0799685228348065,-0.0817931937400447,-0.0833547142825237,-0.0845778312658725,-0.0853724546182237,-0.0856549871178036,-0.0853310334085606,-0.0843206075851737,-0.0825160186778867,-0.0798352763971791,-0.0762139120450558,-0.0716049701965067,-0.0659751532426106,-0.059318774830516,-0.0516923380235463,-0.0431531938295582,-0.03397615521062,-0.0237725946203038,-0.0132237229481864,-0.00233820670621631,0.00872253850790187,0.0197263603270171,0.0305256817455714,0.040917346744237,0.0507725977401584,0.0599190987845454,0.0682539059970135,0.0757050945307222,0.0821862439292826,0.0876643598895563,0.092128515617417,0.0956007723354085,0.0980957456131143,0.0996628828439699,0.100371520901606,0.100294607227157,0.0995082218856473,0.0981052217883256,0.0961762012209248,0.0938030485235323,0.0910760567488873,0.0880754696354343,0.0848749794465661,0.0815223695682582,0.0781023105751492,0.0746516340486943,0.0712133089765465,0.0678291239446948,0.0645169728752974,0.0613099956701774,0.0582140214100123,0.0552541995721476,0.0524196651898014,0.0497215917334056,0.047171698856129,0.0447576617265222,0.0424816485775306,0.0403369008422886,0.038321440083021,0.0364293344436583,0.0346518250095299,0.0329864152892759,0.0314256041056883,0.0299613321148407,0.0285902975346696,0.0273059193292629,0.0261012672489958,0.0249726985387959,0.023914622664647,0.0229211669753767,0.0219899087586604,0.0211151408898457,0.0202933588687937,0.0195208781240457,0.0187944590355513,0.0181106736405657,0.0174660192914152
-0.0348041766624067,-0.0360333570765951,-0.0373256449237603,-0.0386822234041653,-0.0401096560455064,-0.0416088276424475,-0.0432010651969816,-0.0448401064860321,-0.046586955317331,-0.0484175599151965,-0.050328372870202,-0.0523405920501513,-0.0544430919348123,-0.0566383926839231,-0.0589336825027284,-0.061304435950143,-0.063761200939795,-0.0663051222899063,-0.0689086983669625,-0.0715965861679342,-0.0743510186659538,-0.076956438918152,-0.0796289781882692,-0.0822269348435766,-0.0847081616406169,-0.0870118695866472,-0.0890630864453327,-0.090775967679503,-0.0920654747076918,-0.0928152528026347,-0.0929095780813342,-0.0922544625752707,-0.0907173525719763,-0.0881875773047051,-0.0845761514876795,-0.0798193741231674,-0.0738604855121009,-0.0666921435356231,-0.0583701349880294,-0.0489310107935647,-0.0385650268009172,-0.0273404163492175,-0.0155301221270652,-0.00329351285475752,0.00910914892429504,0.0215093454449671,0.0336112776790857,0.0452438557580589,0.0562061312550959,0.0663520739981171,0.0755336113069015,0.0836602308810599,0.0906664152637625,0.0965036860491173,0.101162997497922,0.104686067778686,0.107094010563617,0.108452518831251,0.108851878222012,0.108376505104876,0.107128315992229,0.10521257372605,0.10273386432815,0.0997999782262558,0.0965028281184252,0.0929323671074507,0.0891767342093658,0.085316546219377,0.0814072439368138,0.0775013546901186,0.0736474208698653,0.0698786081920722,0.066232489129398,0.0627187290406885,0.0593540850186063,0.0561497341342735,0.053110756589703,0.0502394668579429,0.047533674948675,0.0449872654574907,0.0425990316605267,0.040359085884055,0.0382637083207331,0.0363044986585244,0.034472380211871,0.0327618985537191,0.0311645325750637,0.029671866601893,0.0282783407739533,0.0269770566137301,0.0257599791998898,0.0246228578098591,0.0235594070172653,0.022563833494777,0.0216314684561754,0.020758279451259,0.0199397408495562,0.0191709712932746,0.0184493930376515,0.0177713369822771,0.0171333565008796
-0.034934087299239,-0.0361975199905415,-0.0375304658908004,-0.0389338877118899,-0.040412796967202,-0.0419699447734258,-0.043611061914499,-0.0453559919339576,-0.0471658013106793,-0.0490997318884423,-0.0511236468292168,-0.0532635417872732,-0.0555090348506333,-0.057862746632173,-0.0603412336661202,-0.0629133719498452,-0.0656147614767137,-0.068417735890159,-0.0713011944867804,-0.0743153114245078,-0.0773104510193416,-0.0804300063924737,-0.0835505215771035,-0.0866288135517776,-0.0896263959289188,-0.092479171702401,-0.0951010356612581,-0.0974012929162882,-0.0992797910427344,-0.100619864482662,-0.10125037744372,-0.101070209449519,-0.0999100853687474,-0.0976197399327469,-0.0940919153629988,-0.0892279950525262,-0.0829452077711242,-0.0752300569152081,-0.066137986221479,-0.0556830085185026,-0.0441465243204653,-0.0315566069940461,-0.0182493627243631,-0.00443771669616223,0.00958918214037234,0.0235620349750261,0.0371770053465166,0.0502292866542516,0.0624924282481594,0.073756634530618,0.0838648338570906,0.092750684245841,0.100318267375666,0.106512652956059,0.111353857511602,0.114886061254465,0.117144807358487,0.118217588862338,0.118213400909917,0.117244844781901,0.115429176107063,0.112887350819444,0.109753604003381,0.106150492141442,0.102188924623666,0.0979749451046223,0.09360821863962,0.0891555029929507,0.084697794946888,0.0802986278685515,0.0759911381986569,0.0718190836739234,0.067808729497771,0.0639728535007259,0.060334500596643,0.0568889512574552,0.0536405170642298,0.0505928329708102,0.0477337012682588,0.0450603776794832,0.0425661690872791,0.0402379339305546,0.0380702762633311,0.036052121372883,0.0341728049420361,0.0324256756642067,0.0307989071458999,0.0292843114095988,0.0278753997629316,0.0265631445325141,0.0253397167174274,0.0241992985489793,0.0231356532076061,0.0221422110292863,0.0212140933279716,0.0203465313039479,0.0195348540239102,0.0187739959063864,0.0180610473766799,0.0173920748027088,0.0167636842547715
-0.0349988715032081,-0.036291884720831,-0.0376600319925943,-0.0391062233148805,-0.0406319789251951,-0.0422450978168739,-0.0439511663642123,-0.0457605267912819,-0.0476635504510609,-0.0496824057456639,-0.0518156371820672,-0.0540747914107898,-0.0564564742775827,-0.0589740230616209,-0.0616295715748793,-0.0644173754854567,-0.0673547850919156,-0.0704238140957305,-0.0735526566626699,-0.076830428133625,-0.0803702684797969,-0.0839006866661742,-0.0874998244367988,-0.0911094750908,-0.0946875826484597,-0.0981641431596317,-0.101454282846602,-0.104455999911611,-0.107048402338727,-0.109103511411126,-0.11042223692163,-0.110866779201305,-0.110217366875144,-0.108301308835987,-0.104963216658533,-0.100058605380572,-0.0934796191524543,-0.085182262874278,-0.0752239235883355,-0.0636258684327272,-0.0507226662201474,-0.0365216707396423,-0.0214319638964344,-0.00578954326983368,0.010127654181086,0.025930921057806,0.0413472600210413,0.0560250711794916,0.069766866618009,0.0822873982327642,0.093456117740532,0.103176072969797,0.111326278808313,0.117888514588578,0.122881337034552,0.12636111432882,0.128389923007956,0.129070272712882,0.128546855607084,0.126951483724948,0.124429325423861,0.121145326018515,0.117243027277416,0.112862415952626,0.108129036766658,0.103176412593791,0.0980996100034352,0.0929954389752345,0.0879440868105833,0.0829938944645162,0.0781974611402217,0.0735934137037104,0.0692045692126152,0.0650387716246807,0.0611146013268681,0.0574254058739858,0.053972242110102,0.0507519665620852,0.0477473144476328,0.0449565174391875,0.0423638909649022,0.0399569065843837,0.037728367651403,0.0356591306612184,0.0337427840732015,0.0319672908384503,0.0303196432506465,0.0287920104678455,0.0273751157532667,0.0260590739643663,0.0248357445429608,0.0236986230191198,0.022640778788524,0.0216549470315904,0.0207359381299363,0.0198786782014978,0.0190781849335799,0.0183292097578706,0.0176283684554517,0.0169718753892283,0.0163562418985378
-0.0349976309225667,-0.0363189156620574,-0.0377169857497531,-0.0391981284037676,-0.0407659982792936,-0.0424292128503551,-0.0441907124581395,-0.0460532151281008,-0.0480385320412139,-0.0501478008504709,-0.0523855296969021,-0.0547644619749892,-0.0572754597086631,-0.0599537619844129,-0.0627799484684419,-0.0657799857700741,-0.0689547183205742,-0.0722920382579252,-0.0757923529813141,-0.0794808958337906,-0.0833435611175272,-0.0873147766153357,-0.0914270492354617,-0.0956215714924832,-0.0998439420301423,-0.104032038665699,-0.108093814195842,-0.111920352194397,-0.115377797658554,-0.118297036622595,-0.120491869659082,-0.121733663099932,-0.121792623640286,-0.120426726893086,-0.11742258334403,-0.112582715151187,-0.105748325598058,-0.0968439621268799,-0.0859136879195953,-0.0730051783458122,-0.0584721321667352,-0.0423607523398845,-0.0252401995893583,-0.00739406322492923,0.0107363956051641,0.0287356683926183,0.0461926145014599,0.0628041080373184,0.0782160499623642,0.0921911726071289,0.104542541558127,0.115151128518253,0.123929077175957,0.130843987025674,0.135928776763961,0.139272763200565,0.140955565007855,0.14112355524026,0.139941164860223,0.137575742664449,0.134218700338702,0.13003978145165,0.125206597714681,0.119903173094063,0.114290012926495,0.108491207039056,0.102624188492559,0.0967875262624763,0.0910685005202053,0.0855340171780578,0.0802154997502549,0.0751509969195695,0.0703663389634041,0.0658665245094445,0.0616568556739702,0.0577237469129455,0.0540748351781124,0.0506874612663423,0.0475500125574849,0.0446540054290227,0.0419732145026284,0.0395015359888853,0.0372208116888384,0.035114595622641,0.0331716577952527,0.031378574454019,0.0297208818245105,0.0281890074807497,0.0267725118609696,0.0254611662176941,0.0242454578836672,0.0231185513386617,0.0220727186337627,0.0211002940815521,0.02019576277206,0.0193537346712496,0.0185687714394552,0.0178356691997131,0.0171508740928544,0.0165105255865943,0.0159105743292092
-0.0349221193442773,-0.0362670283672802,-0.037691154186651,-0.0392016048563275,-0.0408048156485094,-0.0425101631026695,-0.0443213664976521,-0.0462524470208221,-0.0482655926990864,-0.0504944871070502,-0.0528148283755672,-0.055298862043355,-0.0579414919674879,-0.0607709360413027,-0.0637694696415737,-0.0669692669947937,-0.0703793026739738,-0.0740005951278227,-0.07778204294534,-0.0819158599590733,-0.0861306136492648,-0.090600900521309,-0.095271676847579,-0.100091501445287,-0.105027570877012,-0.110016379141281,-0.11496210649479,-0.119750529464839,-0.124239177951933,-0.128226582952548,-0.131493469938951,-0.13378071138593,-0.134787645605957,-0.13419267328178,-0.131714722391898,-0.127087942873815,-0.120072650856798,-0.110551150521704,-0.0985509268297997,-0.0841360866645356,-0.0676763202009858,-0.0493385526365067,-0.0297272744390855,-0.00928338344377589,0.0114809411150906,0.032087607731577,0.0519367833955205,0.0707575926161553,0.0881274336548407,0.103737403385948,0.1173735242432,0.128967682629653,0.138392192634142,0.145621258070165,0.150737373114741,0.153840827143421,0.155051781394866,0.154548358921627,0.152532265549556,0.149215259573326,0.144814325323632,0.139551587465119,0.133640152339996,0.127282826906629,0.120628060088325,0.113858537169919,0.107103694729966,0.100460889722132,0.0940198804401171,0.0878447256687587,0.0819684341848774,0.076435990308214,0.0712426684703977,0.0664032105818359,0.0619088538120151,0.057748241202949,0.0539122625294477,0.0503708548436541,0.0471175314780725,0.0441268889341503,0.0413780206328453,0.0388550382051292,0.0365388590858673,0.0344088456158874,0.0324524377521725,0.0306542520247652,0.0289975058114366,0.0274717844377306,0.0260656608981143,0.0247676961226289,0.0235678055181726,0.0224584530088796,0.021431553031626,0.020478542707389,0.0195941056917525,0.0187726444822566,0.018007702977492,0.0172946401367404,0.0166298039025277,0.0160089780205634,0.0154278466211547
-0.0347707149267235,-0.0361327214873704,-0.0375771042550711,-0.039109514933318,-0.0407410168523939,-0.0424801271368069,-0.0443331626755787,-0.0463164715578697,-0.0483796028262141,-0.05067196360499,-0.0530961873272779,-0.0556710764544667,-0.0584312144810354,-0.061395095614806,-0.0645572656685648,-0.0679523271341124,-0.0715873266627882,-0.0754590589918991,-0.079612407101267,-0.0840772121814259,-0.0887217061382214,-0.0936937497219875,-0.098952421296521,-0.104453365128017,-0.110158169424359,-0.116036149598073,-0.121984775000389,-0.127884311201723,-0.133585784683723,-0.138866555994368,-0.143465368009086,-0.147114321473915,-0.14937152943213,-0.149851180877567,-0.148188747086482,-0.143992268243568,-0.136916265153739,-0.126781776239694,-0.113580482510777,-0.0973884512039069,-0.0786947716866227,-0.0576613910097168,-0.0350814107116762,-0.0114934048605541,0.012450228565103,0.0360828594257297,0.0588015818007041,0.0801860694598075,0.0997938336421394,0.117224994640752,0.132319493859528,0.144972257487363,0.155037128771109,0.162547762425869,0.167595994201238,0.17031935758484,0.170868693175107,0.169478613734949,0.166415207449238,0.161928931169013,0.15628347780969,0.149731917683309,0.142532318586661,0.134909189166353,0.127082384112379,0.11922459178796,0.111466367074647,0.10392185085002,0.0967051757421023,0.0898466813468727,0.0833877428329672,0.0773669643439873,0.071766647159778,0.0665946701356557,0.0618257028003858,0.0574523155635599,0.0534434616939362,0.0497731032740133,0.0464210507358376,0.0433576412223751,0.0405581011826142,0.0380031533352018,0.0356671169983702,0.0335299526782124,0.0315754708655142,0.0297854563374948,0.028142382945657,0.0266346587656608,0.0252496728472586,0.0239748579792392,0.0227995718528508,0.0217157319661309,0.0207149319648714,0.0197880980179519,0.0189295003813551,0.0181328622883191,0.0173941805932233,0.016705579382982,0.0160644204000932,0.01546678550746,0.0149086467216617
-0.0345446433496787,-0.0359150739744676,-0.0373728170006204,-0.0389235477893705,-0.0405753964958514,-0.0423382938825804,-0.0442228099429088,-0.0462396130761016,-0.0484043860408984,-0.0507163406668596,-0.0532123209851164,-0.0558743131640826,-0.0587362617378143,-0.0618187223999904,-0.0651298154490609,-0.0687060321318531,-0.0725488775432784,-0.0766765089832792,-0.0810450078257974,-0.085932090157115,-0.0910265563857905,-0.0965181756223351,-0.102376876487454,-0.108594434344568,-0.115132811280269,-0.121971395741572,-0.129043130067111,-0.136212189313527,-0.143329963721069,-0.150169966515839,-0.15642940016499,-0.161748863677104,-0.165699069467022,-0.167685681823037,-0.167236769302858,-0.163778891820953,-0.156850104088799,-0.146148234472002,-0.131603889343761,-0.113357222151376,-0.0919406954365341,-0.0676048716117023,-0.0413932664511995,-0.0140171970378416,0.0137309368048994,0.0409390201926292,0.0670291282409075,0.0914436621170679,0.113549456627625,0.133089486629522,0.149782233973314,0.163534227241699,0.174243088147182,0.181942918147856,0.186771409155392,0.188921583980797,0.188605353931252,0.186119596401131,0.181758896931875,0.175807891206216,0.168628711724101,0.160543998139361,0.15183193928366,0.142764968752898,0.133566472222077,0.124464976607301,0.11558986982368,0.107085978432303,0.0990186599840705,0.0914311769472827,0.084387197898866,0.0778645167110121,0.0718645344107124,0.0663745733861005,0.0613575767233558,0.0567899120753266,0.0526350763861597,0.0488597177421402,0.0454349115486852,0.0423218147827457,0.039495991271919,0.0369296673308949,0.0345949145945946,0.0324692496387261,0.0305331025662706,0.0287672398002882,0.0271522074358346,0.0256753424577607,0.0243228237228733,0.0230815828890078,0.0219403528934614,0.0208904512893897,0.0199232084472956,0.0190293619992158,0.0182030234013649,0.0174380321124901,0.0167288435572596,0.0160693695202306,0.0154561471758917,0.0148851894267656,0.0143521234009723
-0.0342379535328008,-0.0356103501712533,-0.0370736203946346,-0.0386320456615901,-0.0402979243611253,-0.0420812362181815,-0.0439884221241118,-0.0460324946075276,-0.0482270399885118,-0.0505842188935139,-0.0531321238332152,-0.0558614565622642,-0.0588209023302443,-0.0620049809554574,-0.0654478027060236,-0.0691849078872761,-0.0732200225637618,-0.0775953774827013,-0.082293727962803,-0.0874566618003906,-0.0929964440405355,-0.098980278350139,-0.105443583566287,-0.112394200841773,-0.119810789227186,-0.12768936067459,-0.135984546364934,-0.144579596537011,-0.153339296284419,-0.162034441238939,-0.170329004279845,-0.177817259100673,-0.183936700869601,-0.188000397723734,-0.18928760264506,-0.187052229662345,-0.180595647857719,-0.169434550039423,-0.153417283987013,-0.132682264129732,-0.107839702182566,-0.0795015667531904,-0.0488578910517715,-0.016867192520205,0.0154209549448857,0.0469755512796256,0.0770370593883613,0.104893357211384,0.129942401870345,0.15181287507376,0.170219600195115,0.185141111725649,0.196447199660052,0.204220819973375,0.208660261031349,0.21002122283263,0.208566385370509,0.204634984631553,0.198621205033878,0.190918476777773,0.181926128665608,0.171975796228504,0.16147347194337,0.150706461765097,0.139973036257432,0.129468263906892,0.119361624424305,0.109791115855601,0.100824426521398,0.0924978005491033,0.0848506133767779,0.0778363958624479,0.0714578734488447,0.0656749778834944,0.0604378626802277,0.0557135783932454,0.0514446107670001,0.0475988771478669,0.0441338472770141,0.0410027324946423,0.0381776201992973,0.0356258670894252,0.0333152648554538,0.0312214766109856,0.0293227234755033,0.0275977475758291,0.0260255034243359,0.024593026519501,0.0232852998193409,0.0220880332776415,0.020990522537583,0.0199833769847717,0.0190574547314294,0.0182032296007795,0.0174154018641687,0.016687341319798,0.0160129081075567,0.015387304495736,0.0148059650072094,0.0142654518490242,0.0137610246677204
-0.0338467956588329,-0.0352153250167958,-0.036676039785392,-0.0382335755207737,-0.0399002052158723,-0.0416898365997048,-0.0436132318571237,-0.0456716936073233,-0.0478905776665603,-0.0502607063746539,-0.0528382633552246,-0.0556367680615826,-0.0586630703537054,-0.0619269442192547,-0.0654784213885936,-0.0693479554647142,-0.0735514834423507,-0.0781291091869356,-0.0830752646003253,-0.0884265727298137,-0.0944990850796834,-0.100968901484731,-0.108030075753587,-0.115709090277286,-0.124019525283453,-0.132991159745605,-0.142604740537471,-0.15276552454184,-0.163396825913388,-0.17427174146878,-0.185030235262901,-0.195240777791057,-0.204188575583101,-0.211057936088757,-0.214882983382516,-0.214556726082229,-0.209046704971121,-0.197602762702634,-0.179941144722548,-0.156226533851917,-0.127225455243826,-0.0938363174983453,-0.057649301270709,-0.0199655167856349,0.0178327169767998,0.0545846605548877,0.0893260527826136,0.121169769701624,0.149533342220711,0.173963297054411,0.194263157524747,0.210367447368226,0.222189446557096,0.229885162291308,0.233672803794313,0.233909906781986,0.230966220816241,0.225253580801851,0.217219730495684,0.207338765266725,0.196089068909575,0.183969679225037,0.171370615833734,0.158649554319875,0.146115755921927,0.134054839203536,0.122602267625986,0.111890472091394,0.101970565276715,0.0929034856586708,0.0846505027075377,0.0771782660303889,0.0704641616281742,0.0644212869784106,0.0590122633414198,0.0541747503747758,0.0498387848899606,0.0459632774891381,0.0424938163823554,0.0393800809899572,0.0365872654009031,0.0340786536117405,0.0318183230958855,0.0297795437557904,0.0279390456457846,0.0262735632135434,0.0247606153341827,0.0233867145760966,0.0221367137297035,0.0209952646375883,0.0199510386141309,0.018996440077792,0.0181192499132878,0.0173117688134387,0.0165684275760785,0.0158829649033087,0.0152487758292208,0.014660586708575,0.0141155524223786,0.0136090732873626,0.0131367308465584
-0.0333693627421123,-0.0347291875300264,-0.0361785031767869,-0.0377260376572296,-0.0393840358139271,-0.0411685920093813,-0.0430883418434594,-0.0451509454559213,-0.0473755202767065,-0.0497634181760252,-0.0523243408498452,-0.0552017851430623,-0.0582566436954815,-0.0615803174896885,-0.0652082896612205,-0.0691797649158461,-0.0735000449495112,-0.0782433686370927,-0.083403090973743,-0.0890959098786806,-0.0954631046129328,-0.102374537761678,-0.109995527962478,-0.118382013356121,-0.127568063903729,-0.137644119543866,-0.148637767686941,-0.160495626182517,-0.173189871802141,-0.186578923989493,-0.200274934940652,-0.213848933535392,-0.226491133503579,-0.237177703366344,-0.244664241635336,-0.247274144521302,-0.243488753675018,-0.232141788760236,-0.212651702982004,-0.1852317630936,-0.150946224260965,-0.111133047284151,-0.0679299972118569,-0.0231477629988924,0.0214145540961512,0.0643690307658423,0.104462891233355,0.140957336556091,0.17300300719307,0.200309082182666,0.222586993673174,0.239832592817199,0.252045478409023,0.259402766256846,0.262292157803579,0.261087817482782,0.256183892492772,0.248166578343185,0.237618447407829,0.225091686568645,0.21120384123242,0.196422475985133,0.181357472885381,0.166354453905089,0.151834669496148,0.138005433950319,0.125079048742108,0.113168173536081,0.102292920968474,0.0924825737744829,0.0836565229360133,0.0757811116957914,0.0687767973809033,0.0625424831744727,0.0570227610665305,0.0521235693468579,0.0477766354597274,0.043920280519927,0.0404921824116366,0.0374367632221487,0.0347129416334295,0.0322799816088507,0.0300989168474127,0.0281408447093261,0.0263802113714663,0.0247938283038639,0.0233577178520205,0.0220575024777529,0.0208780580602799,0.0198042125200703,0.0188251328474703,0.0179288905061403,0.0171100796365225,0.0163575643385511,0.015664203819602,0.0150265858376644,0.0144376224449217,0.0138928455408671,0.0133865365886604,0.0129177263782304,0.0124807313533997
-0.0328128053969778,-0.0341522924827564,-0.0355828960317522,-0.037113127893755,-0.0387525979190134,-0.0405180266915946,-0.0424225740009229,-0.0444708150067374,-0.0466854264375078,-0.0490809005036745,-0.0516712791215821,-0.05450355680165,-0.0575897260669603,-0.0609386098793288,-0.0646089704793721,-0.0686444695915853,-0.0730583763552093,-0.0778847116203027,-0.0833046139189378,-0.0891985343023647,-0.0957993024273706,-0.103087540942621,-0.111197460790206,-0.120226701696013,-0.130246981099694,-0.141385439958314,-0.153759322737036,-0.167390903538511,-0.182305157558062,-0.198483321761959,-0.215622636575156,-0.233300781321619,-0.250698395073051,-0.266543322235226,-0.279239738349716,-0.286356290889158,-0.285635724415545,-0.275057359373541,-0.253569866484817,-0.221448684240426,-0.180052572118433,-0.131782270586808,-0.0796283449426893,-0.0260752471736419,0.0267168945145773,0.0769066845110958,0.123350159815725,0.164963283166268,0.201300136404023,0.2316660402179,0.255965622467523,0.274339234809815,0.286748291537154,0.29352013205248,0.295041234587643,0.291837172946634,0.284493830172734,0.273674325852014,0.259987784933708,0.244238536955639,0.22706439624209,0.20923117241773,0.191240583957857,0.173597520488049,0.156805841761044,0.1410460429755,0.126545871318114,0.113378599845248,0.101564358133268,0.0910489630981312,0.0817226142865011,0.0735199100865557,0.0662980781526963,0.0599593353233948,0.0544044448152809,0.0495217633467073,0.0452288225255347,0.0414505249256061,0.0381159853067365,0.0351647269478056,0.0325504256543607,0.030228267325633,0.0281564043535141,0.0263059935278374,0.0246492244174069,0.0231609873144668,0.0218194842727075,0.0206087857156586,0.0195133899119484,0.0185183089172092,0.0176128179329258,0.0167874674313146,0.0160331719533124,0.0153412335247897,0.0147058520173061,0.0141215052162287,0.0135823996219919,0.0130835401617942,0.0126219702782491,0.0121935043118112,0.0117949002180797
-0.032170436696916,-0.033478734884764,-0.0348837838098443,-0.0363865536457562,-0.0379972882260434,-0.0397341802237113,-0.0416097347019209,-0.0436300737085553,-0.0458157116048215,-0.0481872926246871,-0.0506928630895684,-0.0535672384272817,-0.0566221580016498,-0.0599765576728692,-0.0636529466660225,-0.0677042620033888,-0.07215205097668,-0.0770778338277743,-0.0825558614361675,-0.088589355667238,-0.0954123097990397,-0.102986402413416,-0.111490057922614,-0.121052977952358,-0.131801131024754,-0.143920547472102,-0.157588264288208,-0.17296554755305,-0.190184507927181,-0.209353537782968,-0.230380577960514,-0.252941247503123,-0.276341887977968,-0.299099926008147,-0.319146324244644,-0.333312870345944,-0.337799149021053,-0.329128537602757,-0.305422231454164,-0.266938134590564,-0.215890309540467,-0.156400390219532,-0.0925764204622108,-0.0280458703008525,0.0345834334011938,0.0933834853632766,0.147035995081825,0.194624979267401,0.235422863795947,0.269064013994491,0.295474454892851,0.31477077117638,0.327054487843642,0.332822834994528,0.332524661329426,0.326799620897149,0.316317032226659,0.301886048582375,0.284448457822771,0.264764141967814,0.243728146474726,0.222116289841144,0.200664050404232,0.180066887394393,0.160663720126332,0.14279720514365,0.126665671650498,0.11224445826608,0.0995347952698663,0.0883901036434303,0.0786799097551426,0.0702600330275659,0.0629453429055749,0.0566087195935039,0.0511156777046115,0.046333121288274,0.0421695220201837,0.0385378636329349,0.0353564784791879,0.0325588637244789,0.0300982384428242,0.0279252279899916,0.0259947945254215,0.0242790315417051,0.0227502942448873,0.0213820058643643,0.0201513054936342,0.0190474221273661,0.0180479302657441,0.0171430830154597,0.0163217826094953,0.0155750916274298,0.0148938488826461,0.0142697444304411,0.0136967487435305,0.0131715835871329,0.0126864234690891,0.0122385507403765,0.0118236756124722,0.0114395003629959,0.0110816129228221
-0.0314410527833688,-0.032715465943533,-0.0340816883913993,-0.0355456651484146,-0.0371164178888354,-0.0388110393529011,-0.0406486973096948,-0.042625300999036,-0.0447652813097941,-0.0470776376305635,-0.0495951301538482,-0.0523236070827624,-0.0553715296962357,-0.0586783465757453,-0.0623224431883366,-0.0663422601145929,-0.0707709992762116,-0.0756975570618751,-0.0811208151817904,-0.0872644589968941,-0.0942277124140498,-0.101971435989455,-0.110736921522606,-0.120685737728255,-0.131991596733665,-0.144912259464961,-0.159715796771295,-0.176663704772969,-0.196094838253865,-0.218325355346989,-0.243496957753917,-0.271652928240482,-0.302392764197616,-0.334280148883271,-0.364902677541339,-0.389719819010491,-0.403128126779861,-0.398735141139958,-0.372572859369007,-0.32511354803761,-0.260380972799204,-0.185317484097163,-0.10619364116527,-0.0278784226821533,0.0464889372263584,0.115232293496788,0.1768171296191,0.231014658417734,0.276666452748448,0.313768938713419,0.342291776346504,0.362263681660028,0.374203238794745,0.378344255491776,0.375449316632085,0.36639212877709,0.352026219919724,0.333327523480509,0.311131439377551,0.286642012313073,0.260864983566279,0.234821062225169,0.209323831206861,0.185236611039616,0.162952808533091,0.142826905627657,0.125010687670608,0.109406285908507,0.0959160637953719,0.0843018252267792,0.0743647383473866,0.0658807454816275,0.0586191466372205,0.0524161719197331,0.0471024513943293,0.0425254651743888,0.0385808383631485,0.0351709166947822,0.0322080998923555,0.0296208787468077,0.0273580643412953,0.0253739831840159,0.0236194977876652,0.0220664929628441,0.0206892076760716,0.0194616900353934,0.0183633835282253,0.0173738190577205,0.0164871073051498,0.0156843532651921,0.0149565586006138,0.0142965887950416,0.0136956935892677,0.0131448751085042,0.0126423968377679,0.0121787820211077,0.0117530897226557,0.0113599979689242,0.0109949571981786,0.0106579540004784,0.0103437217108117
-0.0306305060489799,-0.0318611007551813,-0.0331823576654496,-0.0345973979328288,-0.0361148494600798,-0.0377568669115673,-0.0395329901942337,-0.0414477074487464,-0.0435198826110794,-0.0457713498798546,-0.0482445502197604,-0.0509057395108719,-0.0538413347626359,-0.0570701753352664,-0.0606259275476483,-0.0645638990817872,-0.0689100663532177,-0.0737776332047703,-0.0791170819548677,-0.0852467867374698,-0.0921803450391373,-0.0999562286234099,-0.10881565892879,-0.118954162556072,-0.130592632635915,-0.144046890353232,-0.159684982222915,-0.177908793190687,-0.199221261779621,-0.224273624876374,-0.253637412017124,-0.287709362220355,-0.326956593403724,-0.370484819937919,-0.415926078139841,-0.457615859346094,-0.486429670181201,-0.491141697351291,-0.462208579454407,-0.401000663616221,-0.3153310311541,-0.217966315742782,-0.118692336147465,-0.0236110254015039,0.0643867861908105,0.143850640429256,0.214448173523038,0.275555949827827,0.326562692415425,0.367244352575094,0.397696677154143,0.418031976210532,0.428775228213986,0.430745782075672,0.424640814907577,0.411387907891224,0.392183346326676,0.368030274963337,0.340191749448582,0.309869225342447,0.27828259469789,0.246827917350254,0.216642184226117,0.188505823500379,0.163022649551521,0.14058570561474,0.121107283996816,0.104468394207233,0.0904043074508806,0.0785372221381632,0.0685971046794111,0.0602592968595746,0.0532447554524481,0.0473377511373231,0.0423428039496317,0.0380903619142476,0.0344647526669418,0.0313582478475615,0.0286811675948764,0.0263619172913922,0.0243468932460291,0.0225884532905368,0.0210435160225249,0.0196826300696474,0.0184795688732013,0.0174119774867992,0.0164582449208172,0.0156053689948568,0.0148402741542962,0.0141512218396426,0.0135258571993365,0.0129597455097736,0.0124456625930296,0.0119759196389612,0.0115453184694296,0.0111502788962975,0.0107869978115899,0.0104513430456733,0.0101399395327575,0.00985260034770621,0.0095845179225735
-0.0297413259200683,-0.0309211533557446,-0.0321882596932014,-0.0335450869996019,-0.0350012070679699,-0.0365760343530614,-0.0382788632389533,-0.0401135324932612,-0.0421037398048901,-0.0442630440773741,-0.0466265193908086,-0.0491172479758039,-0.0519758151442976,-0.0551362238089927,-0.0585648250880564,-0.0623580395316906,-0.0665789719633026,-0.0712728412384005,-0.0765674565552591,-0.0823276360634887,-0.0892209236768867,-0.0968653661934057,-0.105626068042421,-0.115710821964335,-0.127387733168851,-0.141022418601678,-0.157060532661352,-0.176041007335685,-0.198676514559479,-0.22590182475487,-0.258859201015368,-0.298682669633845,-0.346833137236519,-0.404253405545834,-0.469754848678991,-0.53791860154427,-0.594744310196981,-0.618279370344888,-0.587409148052165,-0.501542849555485,-0.381061497082592,-0.25109079359659,-0.126140040775852,-0.0119253560448368,0.0905523969629123,0.181585049797688,0.261599134695175,0.330149722314641,0.386697767261796,0.431042051111864,0.463196850388467,0.483334169724027,0.492412200052622,0.491247583569424,0.480764667408661,0.462421525187974,0.43731144456603,0.406624918774056,0.37170151411056,0.334163208651786,0.295653726221438,0.257629059240427,0.22175721797572,0.189020528702136,0.160093050933561,0.135315199882841,0.114345455074396,0.0969588394086894,0.0826381404660497,0.0708850737840359,0.0612587669435039,0.0533297264893865,0.0467834483388299,0.0413632798020578,0.0368446493217358,0.0330396784049326,0.0298377913319174,0.0271218822707504,0.0247983835169834,0.0228026513864683,0.0210826567194759,0.0195907927997027,0.0182843416329412,0.0171423400407762,0.0161392936372831,0.0152471025504853,0.0144555566678524,0.0137504617148583,0.0131192123252509,0.0125500607912579,0.0120380189719926,0.0115730333498725,0.0111511516817073,0.0107654511855514,0.0104136396996666,0.0100905324415335,0.00979259516999569,0.00951759882600351,0.00926326968079481,0.0090273184453201,0.00880734288250903
-0.0287752054685755,-0.0299001290289714,-0.0311046898767086,-0.032392734798526,-0.0337727276131033,-0.0352702250558782,-0.0368845595351338,-0.0386326763973342,-0.0405129536299328,-0.0425571851399617,-0.0447991228640464,-0.0472404638764246,-0.0497824737474704,-0.0528817881645088,-0.0561345283449951,-0.0597352600672797,-0.0637428916328055,-0.0681913323314446,-0.0733027835969391,-0.0787918716837035,-0.0853401332814823,-0.0926727256491679,-0.101108900218579,-0.110871890517307,-0.122236493959733,-0.135606635387434,-0.151488661290933,-0.170512448195922,-0.193562500595887,-0.221866493677424,-0.257059297706514,-0.301198056648923,-0.357338959792828,-0.429072420814275,-0.519185141654209,-0.627132663755403,-0.736629611272514,-0.80415506256029,-0.771899466626048,-0.635256943931126,-0.455035308634572,-0.277384031861925,-0.122381393931817,0.0115937935400825,0.128047872521161,0.230457191899041,0.319885082572927,0.396519921403755,0.459213962604136,0.507766202256282,0.540717716598725,0.559848464145032,0.566128824671728,0.560750209104919,0.545151424157912,0.520416281226454,0.487938666255113,0.449258504022022,0.405983565880932,0.35954728055963,0.312297715297123,0.266318309541602,0.223636508999143,0.185556487950632,0.153100041519017,0.126047341126014,0.104022892059809,0.0864038885653619,0.0723243012778082,0.0611345797832918,0.0522017895956802,0.0450209280153667,0.0392102114354012,0.034489599493859,0.0306201076980428,0.0274032725898045,0.0247269867380992,0.0224888140246149,0.0205910864075763,0.0189719818657961,0.0175908057736088,0.0164028007798586,0.0153666241426477,0.0144714794335742,0.0136785880819705,0.0129843974581389,0.0123712188257571,0.0118245447824282,0.0113344789976006,0.0108952008720068,0.0105024986806658,0.0101435458293053,0.00981993521176851,0.00952449987050298,0.00925433160322835,0.00900531348565514,0.00877570286768231,0.008563786853068,0.0083680435080964,0.00818611528963703,0.00801603736909977
-0.0277357225067259,-0.0287966012523719,-0.029929344100268,-0.0311378181620656,-0.0324358973053084,-0.0338435552244935,-0.0353554096493512,-0.0369922569029994,-0.0387577161954148,-0.0406710915182876,-0.0427733992798326,-0.0450567256066597,-0.0475253185221478,-0.0503006367363236,-0.053337773226007,-0.0567068871230762,-0.0604223638902235,-0.0645627390522397,-0.0693315477803078,-0.0745420605796311,-0.0805582277223423,-0.0874170224567321,-0.0953021388282256,-0.104448993494841,-0.115145611311042,-0.127765515337487,-0.142842369949784,-0.161062785775537,-0.183369313532995,-0.211156579886398,-0.246436003311591,-0.292011867478141,-0.352465672308138,-0.434928455351993,-0.548922442171391,-0.708574439386648,-0.91668004475452,-1.10162745579118,-1.07385997049262,-0.81380580595725,-0.513195107137984,-0.279575909304496,-0.0967529886354855,0.0540347063868105,0.181071956634442,0.291495645381591,0.390564195642986,0.476986771281922,0.546935577754443,0.598320683549805,0.631819887718789,0.649184901657035,0.651498921781886,0.640708405435984,0.618325040450624,0.585949573652689,0.54494981235071,0.49673776346657,0.443082846562514,0.3859868280257,0.327727262694221,0.271599952856436,0.220560303107866,0.176617317171519,0.14054298259636,0.111685276144516,0.0893218616483089,0.0722219776023195,0.0591384543232377,0.0491232398369322,0.0413911815590379,0.0353470022729456,0.0305743327237575,0.0267765520733748,0.0237286208589739,0.0212366085686299,0.0191948407487185,0.0175086332150908,0.0161017942209695,0.0149136822239264,0.0139078572048156,0.0130557301960657,0.012320764567516,0.0116819900995994,0.0111248401733746,0.0106409119397405,0.0102122351672851,0.00983307143611803,0.00949885712615363,0.00919639943214579,0.00892708457750855,0.00868023792272368,0.00845856937831464,0.0082554126594568,0.00806896654010258,0.00789938317520427,0.00774244139136806,0.00759413845151549,0.00745926027851776,0.00733225214722664,0.00721259432775726
-0.0266312218998211,-0.0276189350190762,-0.028672869026863,-0.0297976109513525,-0.0310055736871539,-0.0323079986458901,-0.0337110108071071,-0.035224990176314,-0.0368579996795985,-0.0386180570055687,-0.0405476027526157,-0.0426429907303654,-0.0448407502783393,-0.0474550764477699,-0.0502256808381492,-0.0532870801701089,-0.0566836323593726,-0.0605030496852967,-0.0647145169396457,-0.0695456014301675,-0.0749332988026119,-0.0811113506317922,-0.0882322692514247,-0.0964790628825812,-0.106088466962434,-0.117462501732135,-0.131076930226955,-0.14754938059536,-0.167812395644454,-0.193169789836425,-0.22566231985614,-0.268414241670789,-0.326617951764639,-0.40932486416049,-0.533417623463516,-0.733500202434958,-1.08403381160884,-1.6335800977764,-1.67658450742402,-0.976755856386575,-0.514728343109709,-0.230627919715248,-0.0394565456121423,0.11335366099681,0.245671363061001,0.364182708098834,0.474998946623054,0.574067276599429,0.651166188090058,0.706642224320357,0.739623147647169,0.752964479645964,0.749787565805934,0.732276774799611,0.701622368072448,0.659883893572931,0.608637777871981,0.549678600574657,0.483643712240952,0.41342414958963,0.34134434260134,0.271560992645389,0.209996220150388,0.159736265111549,0.120402631210564,0.0908197206707478,0.0694164969706264,0.0540767456866468,0.0429718628771175,0.0348872840692274,0.0289287361167478,0.0244155757460554,0.0209853337824915,0.0183427327344104,0.0162750653855912,0.0146310390617313,0.0133195737024821,0.0122591322146362,0.0113977267564986,0.0106786103579167,0.0100841711621958,0.00959653627670379,0.00916594881341582,0.00881275156193196,0.00850696385390801,0.00823868987257478,0.00801293906369356,0.00780643154418289,0.00762922377610351,0.00747326446453322,0.00732586554614531,0.00719914972764101,0.00708370132764458,0.00697461943964551,0.00687335762416955,0.00678364862287226,0.00669994396243712,0.00661568206094025,0.00654205014073959,0.0064706247090518,0.00639941856464451
-0.0254643668814642,-0.0263760434843268,-0.027347055343761,-0.0283791446212784,-0.0294909103912308,-0.0306815812732781,-0.0319623363021733,-0.0333394277781684,-0.0348094204639215,-0.0363998227657227,-0.0381477856959748,-0.0400458825379116,-0.0421341391098273,-0.0443650747433218,-0.0468182921764746,-0.0495317511252897,-0.0525460435922904,-0.0559520349955744,-0.0595838146742618,-0.0638156952291721,-0.0685511014614625,-0.073917861683293,-0.0800539561207999,-0.0871281857100479,-0.0953454440911833,-0.105006973026486,-0.116492239979049,-0.130259895143719,-0.147121188838375,-0.168132627029501,-0.194893374596668,-0.229702100058743,-0.277092779495186,-0.345135428297854,-0.447947374004366,-0.622634235981816,-0.979525436368788,-2.11180059218417,0,0,0,0,0,0,0,0,0,0,0,0,0.645881996280572,0.822527242170779,0.859623745798632,0.83616848014062,0.794912276135273,0.743749205040035,0.679890381749303,0.60829172475435,0.528994974469099,0.443119873766085,0.352687149422149,0.262916253136984,0.187736435535602,0.1317659638447,0.0903685071623082,0.0619465908373794,0.043475152064786,0.0318203338757724,0.0238624611299322,0.018569514031652,0.0149806796325519,0.0124328788055604,0.0106446938296483,0.00930470630593803,0.00848491138321321,0.00772006717082463,0.00720159941324036,0.00688132845068754,0.00655058860995887,0.00633491548227045,0.00619178978814404,0.00605534177330123,0.00599279038905742,0.00591150876575029,0.0058658421827408,0.00585821705467357,0.00580497695122562,0.00581494058541042,0.00579996922357243,0.00577904290988646,0.00582660635269757,0.00581038219990059,0.00579616837538952,0.00584073940753931,0.00585952807161428,0.00583946379697481,0.00587249942046297,0.00589686533592744,0.0058978358982201,0.0059018768611769,0.0059272304737596
-0.0242464701242349,-0.0250766054183372,-0.0259577281091186,-0.0268897734872621,-0.0278850344789859,-0.0289609146711854,-0.0301059994861538,-0.0313348606567041,-0.0326406586535202,-0.0340656972596462,-0.0356059313175154,-0.0372705635365499,-0.0390273158705312,-0.0409931909106195,-0.0431350810796073,-0.0454906794695265,-0.0480735743682961,-0.0508924910559023,-0.0542366106430173,-0.0576080853319102,-0.0615236144395035,-0.0659389395597773,-0.0709395810632055,-0.0766519820914269,-0.0831880197593992,-0.0907540942551345,-0.099603445996082,-0.110047407369226,-0.122501578648749,-0.137590671279316,-0.156209882559193,-0.179442316824516,-0.209189364691033,-0.248196076551178,-0.300305125785789,-0.368051467661693,-0.430458311263944,-0.20970669575183,1.1428610335893,0,0,0,0,0,0,0,0,0,0,0,0,0,0,0,0,0.422189512702968,0.532449584819584,0.576642350337736,0.550370158280864,0.467805455294881,0.364137740926839,0.236987007922457,0.147334072620576,0.0911866873875068,0.0486628527718837,0.0250892041478964,0.0138833795381282,0.00930959327866419,0.00646233997884461,0.00472473975985885,0.00520579787928118,0.00474466236801183,0.00456934503761423,0.00513724200881116,0.00549102149627943,0.00534109951318222,0.00565013358977087,0.00618871241917689,0.0062362570396404,0.00624773652384812,0.00658349611072444,0.00688430558213065,0.00677820875623724,0.00685919329667772,0.00713709876175376,0.00718324308233727,0.00710185754253857,0.00719886575057926,0.00742179634071617,0.00729227083470735,0.00726180648007405,0.00739570359931114,0.00742442403486394,0.00729590750369583,0.00728649846224762,0.00742082288518491,0.00731291891104655,0.00720315592312254,0.00728416588063366,0.00730398883058195,0.00717807436028882
-0.0229811697628866,-0.0237240000553542,-0.0245054274952166,-0.0253320290426491,-0.0262140807303178,-0.027166641872265,-0.0281732704140412,-0.029242902671184,-0.0303825045592535,-0.0316031672900512,-0.03292955704513,-0.0342355729948041,-0.0358548436700716,-0.0374930522851198,-0.0392795184118605,-0.0412173965169686,-0.0433457866472627,-0.0455219536014822,-0.0481622621649088,-0.0509845039690223,-0.0540294771673892,-0.0573812582758386,-0.0611454616772429,-0.0653341786474984,-0.0699944974212406,-0.0752287060142928,-0.0811600997863456,-0.0877946610404229,-0.0952360961256884,-0.103606507477061,-0.112915030906659,-0.122654178496621,-0.132013673256453,-0.138399090689445,-0.134409583002752,-0.0983573826962427,0.0375144673528855,0.438276463845288,1.18995369916047,1.73169539601951,0,0,0,0,0,0,0,0,0,0,0,0,0,0,0,0,0,0,0,0,0,0,-0.114860323986753,-0.102116984259172,-0.0932903426426983,-0.0746336926815901,-0.0607869406130201,-0.0517374476821415,-0.044202681858049,-0.0372719999527283,-0.0328467957981039,-0.0284300597844163,-0.0245492720442422,-0.0215385492351665,-0.0189997239370171,-0.016684104137351,-0.0144475172137885,-0.0129757207897324,-0.0114361297776689,-0.00990676522798755,-0.00877673075625699,-0.00776493427695038,-0.00675475050657794,-0.00573948303176595,-0.00511555526290199,-0.00440895916084118,-0.00369823010574837,-0.00313754639862699,-0.0026727502732618,-0.00217035865650034,-0.00164581053042816,-0.00133991439250207,-0.000967097844147309,-0.000608268248462612,-0.000274274366234832,-4.72572002549085e-05,0.000219759823117151,0.000505046579266217,0.000674505507418856,0.000883024253415112,0.00107996870867186
-0.0216695281413525,-0.0223241371128466,-0.023006610486241,-0.0237264945591139,-0.0244911869736794,-0.0253115489203331,-0.0261745929652004,-0.0270823388151254,-0.0280313303812443,-0.0290574955167457,-0.0301537006134871,-0.0313415118653993,-0.0325417985953503,-0.0338713303968303,-0.0352796881629361,-0.0367875203712743,-0.0384214160248935,-0.0401261694535647,-0.0420603763223427,-0.0440561392434156,-0.0461934805092593,-0.0484690676708285,-0.0509240180020323,-0.0535201150459933,-0.0562396150748713,-0.0590837680128947,-0.0619614523784354,-0.0646962404156878,-0.0671054319223016,-0.0687900374483833,-0.068927943583486,-0.0659696684352713,-0.0571859673362164,-0.037220860823698,0.00523665303676456,0.0927494911449342,0.263816484066669,0.561268609662959,0.947375103894026,1.2699026555997,1.42454854005703,1.43270689261992,1.35886085481249,1.20559268482936,0,0,0,0,0,0,0,0,0,0,0,0,-0.453637164403404,-0.598670740052105,-0.671764023444942,-0.665955744535754,-0.621718822302706,-0.552964964634658,-0.450104955566877,-0.308925075686935,-0.217701504459392,-0.15912223103816,-0.121439850748315,-0.0964773929917803,-0.077812101624024,-0.0637228794568536,-0.053412542319445,-0.0451529591783225,-0.038135758594142,-0.0327220996823967,-0.0283712579827871,-0.024500411481876,-0.0212054985220646,-0.0185672707988886,-0.0163239367787343,-0.0142255423980857,-0.0124942640788396,-0.0110215888369185,-0.00972692839213952,-0.00849922901763185,-0.00749330381862604,-0.00663149627719944,-0.00578122637535132,-0.00505808154723388,-0.00442230071455723,-0.00387058941337541,-0.00331330819934287,-0.00286392110386593,-0.00246021074092488,-0.00205315727148118,-0.00169776925980087,-0.00140475729256347,-0.00112311746386321,-0.00082449621316003,-0.000599980961459852,-0.000400195401468546,-0.000177387460597839
-0.0203279969704315,-0.0208896677342875,-0.0214707682974339,-0.0220842385974459,-0.0227213734515214,-0.0234075561665565,-0.0241191830759375,-0.0248585979029058,-0.0256285053054118,-0.0264085052154866,-0.0272417922661543,-0.0282134606987569,-0.02916475038361,-0.0301452144928504,-0.031175633110474,-0.0322495501825032,-0.03339201401049,-0.0345226966982004,-0.0358682116581612,-0.0369790966397272,-0.0382036791802171,-0.0394045011405441,-0.0405513746047046,-0.0415800065228072,-0.0424089340713609,-0.0429003525590026,-0.0428498653785597,-0.0419490370683089,-0.0397332713439609,-0.0354155666540563,-0.0277487587111195,-0.0146869784660613,0.0071628558372041,0.043552309594893,0.103599311249031,0.201187228015659,0.352638648106374,0.560262414750921,0.793112672374558,0.99701226446928,1.11384580892634,1.14867305185134,1.11209096272829,1.01924463213439,0.889188022125658,0.736487425986698,0.55969020395211,0.370033597698225,0.185651124865875,0.0165136596727288,-0.132928658789044,-0.260731369053184,-0.366917998108018,-0.452719413771322,-0.517247172153704,-0.56249992665285,-0.591258085912679,-0.599834961939711,-0.591871491896913,-0.567972586863705,-0.528506623740676,-0.470798951018948,-0.395652397742272,-0.311686709222239,-0.239381665335782,-0.184736920770136,-0.145281749515072,-0.116589016720432,-0.0951101335280016,-0.078664312224572,-0.0658895821341192,-0.0557120290376713,-0.0474303061029038,-0.0406583462448217,-0.0350800177298218,-0.0303451063284082,-0.026346670538114,-0.022976924911142,-0.0200503118743999,-0.0175045483864722,-0.0153018238032295,-0.0133892849498785,-0.0116908254265103,-0.0101827021596922,-0.00887664432080351,-0.00770555917043574,-0.00664174163222997,-0.00570482827944651,-0.004870901242827,-0.00411394751082326,-0.00342459369147742,-0.00281279427196567,-0.00226158407453842,-0.00175222860050038,-0.00129049953030347,-0.000876573163033226,-0.000500902547867309,-0.000149316270187603,0.00016684714361514,0.000451017302520638,0.000712910668041776
-0.0189627225556108,-0.0194259197466189,-0.0199098455914652,-0.0204032684427825,-0.0209214753138353,-0.0214641190252702,-0.0220286610030874,-0.0225980112696721,-0.0231887172472066,-0.0237530497970332,-0.024443742775474,-0.0250453163613496,-0.0257069391832501,-0.0263626414052799,-0.0270195124014369,-0.0276838553029449,-0.0282929570128885,-0.028825842153543,-0.0294991980377562,-0.0299274200608649,-0.0302302343643922,-0.0303717396357962,-0.030273132250331,-0.0298236040610463,-0.0288640331211534,-0.0271930669458287,-0.0245343532220704,-0.0204495806254137,-0.014308921153343,-0.00519010128068037,0.00828723177794601,0.0282030931824978,0.0577559339866122,0.101338784422532,0.165068347187221,0.25578591444367,0.376844278704133,0.524023984690654,0.677607490806693,0.812584736856311,0.897457990424356,0.92965279388681,0.908719156332409,0.845327214903971,0.749030650125186,0.62624616252972,0.4878133620918,0.338626688632212,0.189365408331476,0.0488058388695601,-0.078314021052111,-0.190338828492581,-0.284514122972222,-0.36138798754962,-0.421792501509269,-0.465567296058108,-0.492603329303501,-0.504130354171097,-0.500825033203005,-0.48348726872648,-0.452540653206789,-0.407784927362668,-0.353639985773115,-0.295330447852658,-0.240687354746192,-0.19464586605465,-0.158139899079411,-0.129659899349621,-0.107402989933425,-0.089881886958684,-0.0759110547567756,-0.0646037318782653,-0.0553580609881834,-0.0477242551837338,-0.0413399609028501,-0.0359584655292323,-0.0313988984026358,-0.0274917203638214,-0.024120643131642,-0.021200159129794,-0.0186599009398388,-0.0164383090109138,-0.0144802822123408,-0.0127516167887029,-0.0112227827575525,-0.00985724689461052,-0.00863731745458642,-0.00754702088443197,-0.00656873441107492,-0.00568897175876241,-0.00489498874290127,-0.0041775633778316,-0.00352687522714514,-0.0029363224703246,-0.00239866403084305,-0.00191000153155959,-0.00146439280458837,-0.00105680503081407,-0.000684394009700552,-0.00034363304105595,-3.00589432147708e-05
-0.017581997295928,-0.0179539155148705,-0.0183277411571676,-0.0187084289956936,-0.0191025193563778,-0.0195120525439015,-0.0199190834589562,-0.0203220084347326,-0.0207300857073803,-0.02114535606879,-0.0215140674452964,-0.0219024953476802,-0.0222573050231681,-0.0225861278738093,-0.0228704554907425,-0.0230946751425556,-0.0232331962329469,-0.0232934627215207,-0.0232114489426414,-0.0229602485915508,-0.0224284659749387,-0.0215959686190659,-0.0203561461970399,-0.0185564149504015,-0.016010715491756,-0.0124838088160426,-0.00762209782375941,-0.000937778819892704,0.00823156151806502,0.0208191457361778,0.0381306834807983,0.0619953541892985,0.0947359373708992,0.139506051554415,0.199268655510047,0.276813094456071,0.372115546079543,0.478983336318124,0.585616276802923,0.676984599835107,0.738500627982399,0.763314833180879,0.749778600627644,0.703569778197916,0.628959352437178,0.533638459133689,0.423306806310639,0.304483538660477,0.184318670774011,0.0682909719905776,-0.0393318137593046,-0.13555228308241,-0.218809844553584,-0.287647791542769,-0.342593012289266,-0.383345096520258,-0.410002295752581,-0.423489121012493,-0.423747391108194,-0.412238535120102,-0.38947445251772,-0.356738144478537,-0.31697716484004,-0.274082971027775,-0.232357534107035,-0.19490984330061,-0.16294516510407,-0.136606476732712,-0.115094985813922,-0.0975956641048432,-0.0832905363180126,-0.0714847505818264,-0.0616953599460865,-0.0535158896304813,-0.046621505274768,-0.0407659258607582,-0.0357681582158589,-0.0314715466348674,-0.0277517349277295,-0.0245180462432277,-0.0216947557012894,-0.0192172758876646,-0.0170317299701575,-0.0150996030367195,-0.0133841651813398,-0.0118547251272906,-0.0104885470662392,-0.00926332839644919,-0.00816318165029176,-0.00717151721349846,-0.00627633817418542,-0.00546670875000985,-0.0047315341984403,-0.00406349439237092,-0.00345577276602837,-0.00290178330123659,-0.00239585827509485,-0.0019333966875083,-0.00151027631053114,-0.00112180603136792,-0.00076527258445334
-0.0161870689843538,-0.0164658938132156,-0.0167381367999767,-0.0170098451204157,-0.0172809744325995,-0.0175523781134578,-0.0178108868720177,-0.0180476320284036,-0.0182746654528739,-0.0184685459477166,-0.0186130902480167,-0.0187612851650468,-0.0188368080079025,-0.0188502301941753,-0.0187782314003467,-0.0186137973422983,-0.0183026155364815,-0.0178203703569127,-0.017255165157648,-0.0162516079075219,-0.014947010062937,-0.0132420805880895,-0.0109871239484728,-0.00802218003491906,-0.00415347358395418,0.000896519730885077,0.00749515615955284,0.0161222861576222,0.0274017116366319,0.0421790625898436,0.0615462510067746,0.086842825016304,0.11977823727594,0.16209939895771,0.215336545392863,0.279705623313645,0.353711531922004,0.43303280053784,0.509506053401624,0.573161284658822,0.617765563361408,0.634207855963071,0.62439342478846,0.588997280430503,0.531308395921427,0.456094661338267,0.36825646064359,0.272772414484933,0.174711046842917,0.0786588348920391,-0.0119229071959636,-0.0942819879229724,-0.166713656429158,-0.227788168517127,-0.277278134545342,-0.315065548321173,-0.340839892783225,-0.355421022513265,-0.358875864895093,-0.352189234144445,-0.336313387153754,-0.313153765510166,-0.283659035849487,-0.251483524135597,-0.21933630678369,-0.189082249273154,-0.162124490208764,-0.138738071722553,-0.118854710091546,-0.102173166542147,-0.0881809033835021,-0.076393526533919,-0.0664592315071733,-0.0580449498401839,-0.0508757567385259,-0.0447281361582481,-0.0394434710788482,-0.0348791293992815,-0.0309045847185488,-0.0274276878300587,-0.024385152698077,-0.0217070525278167,-0.0193356502997224,-0.0172335050920073,-0.0153682111287934,-0.0136927803868223,-0.0121988368088575,-0.0108566988971369,-0.00964986374289328,-0.00855876452030918,-0.00757274965664631,-0.00667996918613368,-0.00587003125029217,-0.0051310894135278,-0.00445924175634625,-0.00384573442979181,-0.00328498001458275,-0.00277141793923489,-0.00230082973330456,-0.0018691780420977,-0.00147197421638941
-0.0147937458230093,-0.0149815513257382,-0.0151502947732773,-0.0153115156091059,-0.0154616301010999,-0.0155988368128673,-0.015710761653888,-0.0157895026741635,-0.0158324509306971,-0.0158327228683048,-0.0157868918976859,-0.0156724742688828,-0.0154838696063266,-0.0151971081296807,-0.0147897143375099,-0.014245995517932,-0.0134935770319368,-0.0125629652375106,-0.011387586405792,-0.0098564104534554,-0.00788964400964856,-0.00542288423477707,-0.00230979435577496,0.00160568828670687,0.00653499520455543,0.0127525867100355,0.0206084008635237,0.0305389411717096,0.043098628826454,0.0589989968491981,0.0790228436907383,0.104197415011511,0.135501200278879,0.17384225692281,0.219669826060098,0.272318924545344,0.330255434221448,0.389769506367438,0.445163580218383,0.490767773376556,0.521439642940003,0.533171426544436,0.524745117400257,0.496579003438017,0.451052084627426,0.391162914588571,0.320611484151603,0.243244886220824,0.16296197655751,0.0832678232848432,0.00720320156863344,-0.0630999844573151,-0.125795956360092,-0.179599541652447,-0.223876414498427,-0.25845940170431,-0.283027891758822,-0.298114082676115,-0.304050921238068,-0.301407484398503,-0.290787626688842,-0.274441302270097,-0.25324414252797,-0.229215798997494,-0.204259224387182,-0.179964874693061,-0.157422542720932,-0.137225588994226,-0.119464537849417,-0.104064093276724,-0.0908425332991034,-0.0794638009578904,-0.0697095396247572,-0.0613301030996718,-0.0541013378059353,-0.047846623589832,-0.0424166373926666,-0.0376914582553191,-0.0335521898322593,-0.0299150023297625,-0.0267166240898966,-0.0238872667296358,-0.0213736336962069,-0.0191398421017066,-0.0171487429272328,-0.015363096443734,-0.0137574184721247,-0.0123180002577702,-0.0110191417125935,-0.00984274839482306,-0.00877813967905948,-0.00781333256090714,-0.00693486291456539,-0.0061339632492107,-0.00540411228252949,-0.00473778891946122,-0.00412732094479332,-0.00356755930581535,-0.00305324591619536,-0.00258174784960048,-0.00214684107437922
-0.0134060832380555,-0.0135024999229806,-0.013576067775571,-0.0136247940545112,-0.0136571654253203,-0.0136694801935475,-0.0136370294953853,-0.0135655752198201,-0.0134405386656535,-0.0132555112245363,-0.0130014411962024,-0.012665865098019,-0.0122258040952365,-0.0116599209420628,-0.0109438375690109,-0.0100567717661741,-0.00891972858805655,-0.00759837340507962,-0.00585085115364442,-0.00387716935371277,-0.00133330757126159,0.00176948193775022,0.00557275650648635,0.0102420892673977,0.0159745606371601,0.023025200378443,0.0317039920820025,0.0423933420907251,0.0555428827493864,0.0717040667110944,0.0914262684368397,0.115366950274424,0.144055074555335,0.17780471918559,0.216599116664898,0.259666579483381,0.304928637104865,0.350151612998541,0.390897251181066,0.423952690213283,0.445572670058109,0.452824778609625,0.444862617483989,0.421901314768038,0.385140424679809,0.336878661166092,0.279748110239046,0.216686456759524,0.150581996831959,0.084289710494948,0.0201773199913388,-0.0396664980953003,-0.0937446084710807,-0.140855103910108,-0.18040661831813,-0.211849249858175,-0.235015697564204,-0.250254308404845,-0.257763253854295,-0.258162227114065,-0.252103096289324,-0.240802926886145,-0.225554795142345,-0.207588274681409,-0.188317348459306,-0.168942801405411,-0.150411612202757,-0.133247675054654,-0.117675145952997,-0.103809435095073,-0.0916160929884292,-0.0809245340645492,-0.071592804103276,-0.0634575176603189,-0.0563512461155296,-0.0501346028394296,-0.0446911503840444,-0.0399113816902563,-0.0356954185273425,-0.0319732290694952,-0.0286766173941595,-0.0257476531372623,-0.0231368552594683,-0.0208065371341199,-0.0187210737808147,-0.0168464722332971,-0.0151592551400198,-0.0136373899500765,-0.0122627909431563,-0.0110163722774497,-0.00988613479543032,-0.00885885941531674,-0.00792199506287496,-0.00706734881473008,-0.00628699325124345,-0.0055730290626094,-0.00491804456050338,-0.00431716323106455,-0.00376429755816317,-0.00325611840972335,-0.00278760115865208
-0.0120322044035567,-0.0120436293850477,-0.0120184794036608,-0.0119657412016156,-0.0118835045377395,-0.011773387621649,-0.0116116820118089,-0.0113898065149558,-0.0111063701443498,-0.0107470649249032,-0.0103043532552167,-0.00976102379648295,-0.0090901952156428,-0.00826899651239812,-0.0072740987644345,-0.0060808683274528,-0.00463435368789096,-0.00289981764509521,-0.000775308934016813,0.00163914167093667,0.00465107276869477,0.00825470844581163,0.0125908529035793,0.0178130718630744,0.0241014456871489,0.0316761915050932,0.0408083078572274,0.0517899608562413,0.0649856178149042,0.080786060390962,0.0995504011903828,0.121684701237411,0.147391391414134,0.176684888910349,0.209221920845924,0.244201662882325,0.279886819246843,0.314330708347759,0.344914964674105,0.368953396784103,0.383975517720119,0.388093861856423,0.380446028340967,0.361126959154467,0.330986521389965,0.29162945336323,0.244979566794153,0.193167869402623,0.138359140640282,0.0829825689257506,0.0289472091632736,-0.0221715531482777,-0.0686968549576762,-0.109871261356558,-0.144923136240979,-0.173483568362013,-0.195125749721352,-0.210120995839702,-0.218742829038698,-0.221276226724838,-0.218561170966863,-0.211285443786477,-0.200483835519679,-0.187200621458998,-0.172429821706636,-0.157103505384848,-0.141957608933064,-0.12754582826001,-0.114152445728019,-0.101923709094374,-0.0908916693945041,-0.0810406400322794,-0.0722994558871253,-0.0645644046609058,-0.0577181392262557,-0.0516635711358478,-0.0463092573404748,-0.0415674286337263,-0.037353203689997,-0.0336075814325888,-0.030271580493857,-0.027291645123005,-0.0246229789997096,-0.0222305424245101,-0.0200810211401578,-0.0181433703230321,-0.016393798005498,-0.014811753310815,-0.0133779883574579,-0.0120756618983825,-0.0108914908249386,-0.00981289359851275,-0.00882793948895222,-0.00792759874069317,-0.00710374779450495,-0.00634861588148789,-0.00565490619591114,-0.00501755505956505,-0.00443126273134816,-0.00389095315731455,-0.00339254113685097
-0.010680689835689,-0.0106055321544204,-0.0104880547244218,-0.0103410673528365,-0.0101550546287476,-0.00992783412130903,-0.0096408778547526,-0.00927543644038147,-0.00884630338764559,-0.00833515982022318,-0.00772059370819372,-0.00698409282914752,-0.00609889032889691,-0.00504834212566985,-0.00380809046896562,-0.00234606615275161,-0.00061342455132001,0.00138155829821819,0.00392178616091972,0.00665233187865677,0.0100275994099449,0.0140105801956067,0.0187281311610631,0.0243168615904387,0.0309375549477691,0.0387797872227316,0.0480442137588383,0.0589708800640313,0.0718494575110261,0.0869041088490052,0.104367864519829,0.124403932660825,0.147085727791534,0.172238067670903,0.199395839177551,0.227706156541913,0.255951197829167,0.282504363738592,0.30550806764463,0.323095030958946,0.333335132427355,0.335150695835198,0.327844280593585,0.311370338222103,0.286295103255793,0.253776158573743,0.215278979595422,0.172278271553424,0.126651556495919,0.0802346228815461,0.0345896189072324,-0.00903305719519304,-0.0492082156228791,-0.085059038636538,-0.116152792529826,-0.141899119296253,-0.161964213979055,-0.176509826091434,-0.185725420714503,-0.190165460657788,-0.189539409332855,-0.185313518270353,-0.177928360201986,-0.168244268675728,-0.1570648426492,-0.145054318380736,-0.132818815650709,-0.120834461418007,-0.109416674035331,-0.0987719953094366,-0.0889794350235025,-0.0800607912411552,-0.0720019866443639,-0.0647766287583809,-0.0582965111381874,-0.0524973877445001,-0.0473199050025506,-0.0426929122967805,-0.0385471859971202,-0.0348373405989771,-0.0315121853058585,-0.0285250701755302,-0.0258360388433746,-0.0234147235442466,-0.0212306755148206,-0.0192540728827916,-0.0174636187601982,-0.0158392315047158,-0.0143628660755289,-0.0130175818767845,-0.0117919261498057,-0.0106735947369776,-0.00964972690796504,-0.0087117091297199,-0.00785182186787541,-0.00706292871954139,-0.00633637048173045,-0.00566831997638287,-0.00505230419775922,-0.004484080167095,-0.00395903301895958
-0.00935374483251581,-0.00919750520805449,-0.00899472709007593,-0.00875757150950444,-0.00847376400898192,-0.00813718450340093,-0.00772397474902405,-0.00724151277663197,-0.00667437249721742,-0.0060164199252449,-0.00524074839099707,-0.0043323959332899,-0.00326890352448488,-0.00202227222783618,-0.00057190902235253,0.00112384512157593,0.00308224048183331,0.00542724835910762,0.00804497344569416,0.0111538321432098,0.0147980781140848,0.0190455091228369,0.024007229129258,0.029802400184088,0.0365669295623879,0.0444581824401114,0.0536194993274912,0.0642479156479026,0.0765228710604172,0.0905860088520091,0.106567619638544,0.124475221391311,0.144291489990674,0.165746064575137,0.188342272794323,0.211306980920758,0.233723264109921,0.254339409489644,0.271661957541469,0.284401218847083,0.291336696281531,0.291561209186351,0.284558799902488,0.270290293829254,0.249149161865135,0.221986071736806,0.189838162499559,0.153959856687393,0.115778949781056,0.0766840864250353,0.0379872021262037,0.000757135590858664,-0.0339623478506029,-0.0652754499121347,-0.0927582402612053,-0.115894403836059,-0.134444625253839,-0.14834248634826,-0.157729379627444,-0.1629844227237,-0.164330149322075,-0.16241593928711,-0.157722555481671,-0.150851540271605,-0.142494090213524,-0.133180308301053,-0.123398733883545,-0.113549541119832,-0.103924743597185,-0.0947561556171327,-0.086158903513829,-0.0782020737603269,-0.0708889667483136,-0.0642289530280768,-0.0581879003163523,-0.0527160462634253,-0.0477785829259338,-0.0433284509896222,-0.0393075382136951,-0.0356826611929032,-0.0324128003730976,-0.0294575216468976,-0.0267834592458938,-0.0243636229411984,-0.0221707787819233,-0.0201775133474018,-0.0183669497524773,-0.0167184588697293,-0.0152150986742906,-0.0138422436303137,-0.0125868700269759,-0.0114389397857408,-0.0103853931520434,-0.00941838554258885,-0.0085305918780771,-0.00771375148902384,-0.00696032743707022,-0.00626605554455433,-0.00562567251947067,-0.00503346775669164,-0.00448605132773062
-0.00805820190818727,-0.00782542848739342,-0.0075455625914096,-0.00721940479111225,-0.00684010560182161,-0.00641930524875339,-0.00592684856546901,-0.00529089542493057,-0.00459847692866622,-0.00380536236294331,-0.00288880427130039,-0.00183162143724851,-0.000609192220876914,0.00080149421377663,0.0024238645053031,0.00431003438397427,0.00651073406531522,0.00883993849913191,0.0118133647331976,0.0151273319268628,0.0189614340565057,0.0233723077078144,0.0284608810003191,0.0343261726379388,0.0410822533731299,0.048849826552226,0.057733211399169,0.0678806806909452,0.0793730244049598,0.0923116312575833,0.106747761441871,0.122631738478372,0.139804320245297,0.158013086186817,0.176763933234463,0.195492928307947,0.213295816269801,0.22931728676449,0.242457463852607,0.251667307355519,0.256136684267962,0.255231213883912,0.248569210941238,0.236099808590303,0.218090737338319,0.19515655351005,0.168179343880036,0.138097075668242,0.105900033258406,0.0728303459087405,0.0398411189964071,0.00794537511899015,-0.0220740499386991,-0.0494256230307353,-0.0737102780658059,-0.0944592395649862,-0.111431056560304,-0.124640776708884,-0.134067921059441,-0.139951134551918,-0.142532654713209,-0.142295467957738,-0.139665136626549,-0.13499725562084,-0.128858198583251,-0.121722215657041,-0.113983281699795,-0.10597191502806,-0.0979615003956563,-0.0901650735644217,-0.082715838226264,-0.0756833028062788,-0.0691225888124014,-0.063068183920635,-0.057500989215839,-0.0524035497917961,-0.0477557578671297,-0.0435256067735988,-0.0396739849366063,-0.0361750976183547,-0.0329968770072982,-0.0301068279806312,-0.0274775533195342,-0.0250858637351048,-0.0229082789246711,-0.0209207799716114,-0.0191075014278594,-0.0174515889536481,-0.015936392517542,-0.0145480928067168,-0.0132758428920062,-0.0121083938177509,-0.0110346121595831,-0.0100472628586316,-0.00913850670093542,-0.00830016354117907,-0.00752595009671188,-0.00681121415685462,-0.00615058682798373,-0.00553863435914874,-0.00497173665847454
-0.00680273978512859,-0.00650100161756767,-0.00614216380818644,-0.00574175560344203,-0.00527755591076046,-0.00473090016764265,-0.00412404590396323,-0.00342992693773189,-0.00263220763032988,-0.00172349509407378,-0.000682840080882588,0.000506562394597634,0.00186008514771199,0.00341040206117728,0.00518413045969163,0.00722357951913887,0.00957980677531888,0.0121228584036399,0.0151687320392509,0.0185970883808928,0.0225340908645222,0.0270214376203527,0.0321348362971283,0.0379611596880982,0.0445868623488134,0.0521022363040979,0.0605906439511573,0.0701185108177644,0.0807704587674429,0.0925494538799925,0.10547220784517,0.119417928277708,0.134268927671679,0.149654038169785,0.165257150559797,0.180484291620883,0.194738684192344,0.207168920868404,0.217074427888532,0.223725831945522,0.226444749987904,0.2247652768123,0.218463881170184,0.20746343757826,0.191955119210037,0.172475474770396,0.149549466786895,0.124199048297674,0.0969131973084904,0.0687508008853725,0.0406193248384013,0.0132133208252172,-0.0128367792345327,-0.0367359418090518,-0.0582079942829081,-0.0768012280332329,-0.0923275694470507,-0.104700057405903,-0.113983411748139,-0.120236931649699,-0.123653640328553,-0.124641576381852,-0.123496960106856,-0.120576664401522,-0.116242710680054,-0.110884078060159,-0.10483837167853,-0.0983942495427063,-0.091790813863744,-0.0852127821780039,-0.0788110472466655,-0.0726764671821426,-0.0668708758494571,-0.0614125676257116,-0.0563472937820447,-0.0516458521814271,-0.0473200921289266,-0.0433450779520155,-0.0396928947249914,-0.0363517918414812,-0.0332953456358426,-0.0304975229383677,-0.0279378458453327,-0.0255971686044189,-0.0234556007628393,-0.0214922217002492,-0.0196936628792809,-0.0180448469350814,-0.0165311867440812,-0.0151397458720231,-0.0138606619729609,-0.0126837851352899,-0.0115986062261503,-0.0105981498502729,-0.00967479362322303,-0.0088221238180231,-0.00803280316198028,-0.00730253213190781,-0.00662625200919298,-0.00599899895773465,-0.00541681898241748
-0.00558970841566785,-0.00522331341177326,-0.0047940466744149,-0.00430704163349538,-0.0037847363547359,-0.00315825570736801,-0.00245885082718756,-0.00167323078294835,-0.000777369653104053,0.000231463816546273,0.00137667854263452,0.00267206226748814,0.0041380902936169,0.00580874442036667,0.00769107793173358,0.00982950531115799,0.0124104515612935,0.014736375817905,0.0180679675274873,0.0215739569429694,0.0255503181994882,0.0300390135236487,0.0350999523653786,0.040805576483481,0.0472175381588393,0.0543924298786113,0.0623949384460144,0.0712616338258991,0.0810313099798806,0.0916699287759587,0.103170514530483,0.115355705097544,0.128095361983919,0.141141396967508,0.154086716299674,0.16650249639309,0.177845085788989,0.187554923471416,0.195059721812504,0.199773290285162,0.201213157810132,0.199033830569979,0.19309201932912,0.183312590435916,0.169880275644808,0.153173809599498,0.133675417711701,0.112048262815267,0.0887964003827258,0.0647466911288557,0.0406245264832561,0.0169571912279172,-0.00562244829143082,-0.0265899412810725,-0.0455781421254371,-0.0622422144991443,-0.0763802206504641,-0.0879344882709227,-0.096880361629526,-0.103333156907257,-0.10730459240489,-0.109161516959807,-0.10913721485405,-0.107530376273292,-0.104634579102636,-0.100713780013597,-0.0960732882993409,-0.0909577709012195,-0.0855782683847579,-0.0800995725149961,-0.0746544998332836,-0.0693434008725296,-0.0642337632329559,-0.0593829885904764,-0.0548100485684301,-0.0505220533126135,-0.0465310375474645,-0.0428338259663706,-0.0394056466257483,-0.0362438681796252,-0.0333327390212225,-0.030649954847473,-0.0281803189903645,-0.0259103451449936,-0.0238229862844949,-0.0219004304470329,-0.0201318146896375,-0.0185037551574014,-0.0170036846824348,-0.0156203268725002,-0.0143446933655971,-0.0131674505483886,-0.0120789281910356,-0.0110727877250147,-0.010142338024219,-0.00928061996107616,-0.00848151048475307,-0.00774063474983291,-0.00705339679620593,-0.00641464584904195,-0.00582080703696381
-0.00441926375917706,-0.00398972857818735,-0.00351995832892956,-0.00292231961215994,-0.00234689636326701,-0.00166433666265111,-0.000881018283825088,-1.86700670425606e-05,0.000962642518031175,0.00205748319403515,0.00328948569668518,0.00467438860865731,0.00622573099797295,0.00797493816210457,0.00995177940054786,0.0121667424466983,0.0146781839277369,0.0174112113697678,0.0205782858893461,0.0241013359803997,0.0280559322003009,0.0324841222935162,0.0374268916888553,0.042940030950022,0.0490654927330854,0.0558485604140146,0.0633254265582657,0.0715000627023521,0.080391677328054,0.0899449166649794,0.100091646837755,0.110737713583804,0.121682996903782,0.132666001514069,0.143430689547208,0.153558587563793,0.162636073984926,0.170217246934125,0.175847008043756,0.179101360255871,0.179616369670219,0.177134107116414,0.171555188400953,0.162838295169096,0.151121572994963,0.136712255997258,0.120000350994416,0.101439833291656,0.0815240229310059,0.0609069172469086,0.0400706967901645,0.0195801813752046,-7.6538972594155e-05,-0.018473283946647,-0.0352843143534979,-0.0502126794010495,-0.0630727271537065,-0.0737834858871236,-0.0823230152139392,-0.0886579719069744,-0.0930759710729909,-0.0955626544168676,-0.0963916015575694,-0.0957873371478669,-0.0940015795596375,-0.0912632966092511,-0.0877936063744088,-0.0838006507829734,-0.07946767365005,-0.0749470406901196,-0.070357756110045,-0.0658009784196939,-0.0613535344407906,-0.0570695448193373,-0.0529790626454397,-0.0491018946503082,-0.0454551603647152,-0.0420425715226652,-0.0388543803638526,-0.0358890053089523,-0.0331381376078427,-0.03058766204023,-0.0282253141212334,-0.0260420123846593,-0.0240224164112952,-0.0221564993887914,-0.0204293542815147,-0.0188340885909328,-0.0173587145290307,-0.0159933924650709,-0.014730382579915,-0.0135612284210456,-0.0124771610037883,-0.011472358955931,-0.0105408058885748,-0.00967598267675768,-0.0088722222910049,-0.00812565815979075,-0.00743162305600893,-0.00678524480380426,-0.00618336728171914
-0.00329786260157833,-0.00282032437322607,-0.00228381245177638,-0.00167414646951668,-0.000986764614457324,-0.000243805436830148,0.00059373384648067,0.00153037133774083,0.00257565573596906,0.00374751139819189,0.00504978612021746,0.00650686175836482,0.00812898542359032,0.00994049461406498,0.0119631619788613,0.0142242813059235,0.0167489927018525,0.019576096425983,0.0227079087087682,0.0262000861100767,0.0300874040729927,0.0344010449798571,0.0391757192803475,0.0444495726992027,0.0502525930088897,0.0566072426672835,0.0635363342376776,0.0710243021461312,0.0790651347113549,0.0875968452252585,0.0965408482173578,0.105799806847002,0.115164387193077,0.124466032418607,0.133383960194755,0.141635928639415,0.148899819154843,0.15480054549131,0.158994881833037,0.161155685074175,0.161010161862484,0.158363266559855,0.15315735591733,0.145365687830188,0.13506940720472,0.122555599412138,0.108158142640053,0.0921813648874462,0.0750326853288329,0.0572130043660032,0.0392079455300921,0.0214182014652116,0.00425053082042381,-0.0119524283730934,-0.026877344784835,-0.0402487004186858,-0.0519236939296884,-0.0618228652386274,-0.0698998831779113,-0.0761646548160342,-0.0806869988982972,-0.0836177789256304,-0.0850609239019372,-0.0852445423467851,-0.0843390006048799,-0.082550277633079,-0.0800313210330894,-0.0769687828898124,-0.0735249395138056,-0.0698348852233366,-0.0660105149139578,-0.0621433296467261,-0.0583077959681592,-0.0545603088985441,-0.0509312132188902,-0.0474555326401675,-0.0441466876133344,-0.041024172781036,-0.038080658933209,-0.035322176585237,-0.0327435856154999,-0.0303359845407018,-0.0280935360946286,-0.0260084595341259,-0.0240683930946276,-0.0222670549357121,-0.0205965755485387,-0.0190444107248139,-0.0176031719960696,-0.0162648231714658,-0.0150225371383524,-0.0138689683275061,-0.0127961308617334,-0.0117991346092663,-0.0108722371653471,-0.0100096582394553,-0.00920635322763555,-0.00845840281951874,-0.00776157038460294,-0.0071114069311342,-0.0065049414072352
-0.00222982173922763,-0.00170047718007957,-0.00111259571505777,-0.000452422253538095,0.000269386206735575,0.00107888280867037,0.00197607500615872,0.00296887794519632,0.00406972948281472,0.00529196386347466,0.006653950809117,0.0081592899036353,0.00983336208706153,0.011687220530653,0.0137329554874093,0.0160281860671925,0.0185285518152317,0.0214109304262834,0.024471962888887,0.0279059656159677,0.0316926711143309,0.0358583943509142,0.0404325500345577,0.0454361901416279,0.0508919177375246,0.0568041904791566,0.0631858812693836,0.0700061045135525,0.0772387915377781,0.0848234677825991,0.0927028779498345,0.100726932198535,0.108745621893578,0.11656960550049,0.123979791465312,0.130734673417002,0.136543127205493,0.14111963504337,0.144203493642611,0.145544524600605,0.144926589392572,0.142213304886946,0.137369953596459,0.130334744652848,0.12128888415834,0.110372046141162,0.0978235427055339,0.0840177781871518,0.0691740400092669,0.0537524240208653,0.0380848407334652,0.0226013769291837,0.00754113648462246,-0.00673403320128848,-0.0199936808749763,-0.0319977758884739,-0.0425898701603286,-0.051710881201341,-0.0593060914174139,-0.065367318903439,-0.0699409200449035,-0.0731220221579116,-0.075042765250039,-0.0758133845261669,-0.0755941312131774,-0.074535895397728,-0.0727950792641308,-0.0705186404121982,-0.0678370241208676,-0.0648682736307405,-0.0617144098641274,-0.0584581644195745,-0.0551730726329977,-0.0519139550719796,-0.0487243297882093,-0.0456334364606028,-0.0426626970218626,-0.0398204382996693,-0.037124603919356,-0.0345752554666459,-0.0321765330564691,-0.0299206020733922,-0.0278056694492695,-0.0258299287274642,-0.0239830981303224,-0.0222537253180629,-0.0206453264370056,-0.0191450121881235,-0.0177460518415543,-0.0164421774450076,-0.0152273938276221,-0.0140960170972111,-0.0130404847268721,-0.0120568686363953,-0.0111399417553556,-0.010284450174807,-0.00948586132473311,-0.00874055898690769,-0.00804475444564604,-0.00739427384092764,-0.00678629158396889
-0.00121135732166569,-0.000637097847946957,-8.38329385221124e-06,0.000697899811531536,0.00147338516687632,0.00231093228668896,0.00325664571479514,0.00429457496219421,0.00544089723069536,0.00669946731979851,0.00810255562175938,0.00964782392489044,0.0113435265337407,0.013222053669344,0.0153036715237575,0.0175790962147315,0.020098660533392,0.0227920157346407,0.0259172163790335,0.0292592462483595,0.0329151711031593,0.0369079895468963,0.0412556320138734,0.045971033272585,0.0510683425595015,0.056536928863834,0.0623830745890381,0.0685622785833545,0.0750531884468935,0.0817928586817785,0.0886849901544853,0.0956386922841509,0.102497404274845,0.109099871016802,0.115270305139218,0.120785900525584,0.125422753653775,0.128953120934445,0.131181645729759,0.131901987759619,0.130954201307435,0.128241025330073,0.123730669062226,0.117422099378513,0.109393203926662,0.0998206182008024,0.0888909509232308,0.0768351966105354,0.0639251597490054,0.0504977862682789,0.0368629188180717,0.0232612522643934,0.0100462671107017,-0.00256567723867622,-0.0143640538110833,-0.0251418531663036,-0.0347616499270965,-0.04314846243377,-0.0502548966104281,-0.0560608887321493,-0.0605985342192591,-0.0639353100115751,-0.0661553518136151,-0.0673593962146084,-0.0676664157272351,-0.06720351537895,-0.0660985775523941,-0.0644716302439833,-0.0624267574824503,-0.060074603042653,-0.0575051622683001,-0.054797886744072,-0.0520158188100627,-0.0492109392197876,-0.0464254796183814,-0.0436895756610171,-0.041033090579694,-0.0384740613444756,-0.0360210564457318,-0.0336812856640835,-0.0314629833491038,-0.0293640377496953,-0.0273823392398672,-0.0255177459388293,-0.0237667561056509,-0.0221248641002228,-0.0205838248437188,-0.0191429230797572,-0.0177933721899061,-0.0165307996779901,-0.0153499671701055,-0.0142462758007486,-0.0132135537902494,-0.0122483417327694,-0.0113462452418826,-0.0105023200621263,-0.00971255176587669,-0.00897383917664295,-0.00828257249219765,-0.00763497105787297,-0.00702853830845787
-0.000246339010552193,0.000362114665719133,0.00102933703772007,0.00176599165327098,0.00257411911584007,0.0034603521727165,0.00444202469863829,0.0055193578707966,0.0067006766125697,0.00799715537448016,0.00941426422831962,0.0109795057381489,0.0126947101205116,0.0145814482863815,0.0166354991707133,0.0189254172069185,0.0214046652652568,0.0240977724321951,0.0270646745684905,0.0302927352931555,0.0337974313738907,0.0375987272270882,0.0417064854744062,0.0461244407899525,0.0508591670789538,0.0558962549179165,0.0612243714818946,0.0668149364351919,0.0726214477758522,0.0785806485643523,0.0846250060694285,0.0906371033083643,0.0964956379945164,0.102070970378772,0.107193179155451,0.111691200613211,0.115382478971759,0.118091375907405,0.119652960224494,0.119911604757897,0.118742248758575,0.116077500494237,0.111903435244573,0.106211581185553,0.0990750245897009,0.0906192927601666,0.0810304827601903,0.0705118228405472,0.0592288872111903,0.0474956889126242,0.0355223560028284,0.0236107463835496,0.011950947119971,0.00076040709076819,-0.00975089855811116,-0.0194419385689336,-0.0281739265854367,-0.0358819360308281,-0.0425060601472137,-0.048026279504221,-0.052458631441489,-0.0558583193779059,-0.0582772615080107,-0.0597973346563578,-0.0605106749287581,-0.060518563709729,-0.0599227247158083,-0.0588238017823734,-0.0573197435169493,-0.0555018282506798,-0.0534443084387258,-0.0512173964877577,-0.0488799087303911,-0.0464827388307508,-0.0440680665608221,-0.0416691724410125,-0.0393150864812467,-0.0370218489999134,-0.0348019652956533,-0.0326687724555368,-0.0306300868964259,-0.0286880611685936,-0.0268431689161172,-0.0250974515336677,-0.0234475337977427,-0.0218914916590901,-0.0204265731677841,-0.019048238930201,-0.017753367531247,-0.0165368647570674,-0.0153953761425723,-0.0143246807096932,-0.0133195786056196,-0.0123773531278721,-0.0114940634708653,-0.0106656245882319,-0.0098884272540028,-0.0091597477463172,-0.00847632147136637,-0.00783464498919883,-0.00723260439668576
0.00066074526650569,0.00130190142817932,0.00200039094165792,0.00276533557176839,0.00360603779257783,0.00452338002609664,0.00553161255229737,0.00663266552096347,0.0078390506589164,0.00915424637538361,0.0105938098330845,0.0121564464747978,0.0138756796856048,0.0157528727106115,0.01778797634523,0.0200160909464667,0.0223755075512038,0.0250889596938072,0.0279411412240311,0.0310419619713917,0.0343852145282443,0.03798385592908,0.0418441028303693,0.0459661264610132,0.050344402593215,0.0549633576416724,0.0598080290072147,0.0648492876743227,0.0700318368656124,0.0752981181793857,0.0805728339556496,0.0857681479031163,0.0907828583780019,0.0954858089877486,0.0997402382590637,0.103405713353033,0.106341358603554,0.108391415606857,0.109437936624656,0.10934938308645,0.108037214850323,0.105454939269095,0.101589502758187,0.09644169396101,0.0900625807922926,0.0825844390176016,0.0741265102759104,0.0649009911409549,0.0550051105127221,0.0446980258854447,0.0341929737803899,0.0236884129865731,0.0133667369370503,0.00342612246775938,-0.00596693089413616,-0.0146994099343835,-0.0226236579801324,-0.0296973953426175,-0.0358578738052157,-0.0410771524557376,-0.045365445048004,-0.0487629836477737,-0.0513010974447589,-0.0530406055258172,-0.0540558474087365,-0.0544288601184442,-0.0542444367053902,-0.0535890933733971,-0.0525399543418038,-0.0511692203099771,-0.0495461781352624,-0.0477363811201185,-0.0457943789771909,-0.0437668426745864,-0.04169299212694,-0.0396054036814946,-0.0375325864009942,-0.0354898712537312,-0.0334960093406308,-0.031564987624884,-0.0297004686261769,-0.0279141561747775,-0.0262054878884153,-0.0245793241924892,-0.0230342108327196,-0.0215674944628925,-0.0201819107188175,-0.0188716297162233,-0.0176348958069006,-0.0164688457975497,-0.0153706934308384,-0.0143368920136785,-0.0133634066355191,-0.0124478364674515,-0.0115871621195799,-0.0107775559222553,-0.0100161893662909,-0.00930057487208256,-0.00862784455348944,-0.00799483568317674,-0.00739964373501814
0.0015172170895417,0.00218140797042433,0.00290354666741341,0.00369233697490602,0.00455622652280509,0.00549789752580033,0.00652331457012184,0.00764295452065753,0.00886330020503878,0.0101888781490046,0.0116305274513347,0.0131998452786086,0.0148972985162984,0.0167476760500486,0.01874886215911,0.0209373909139802,0.0232307805372834,0.0258448876123847,0.0285874879123925,0.0315476040819271,0.0347197926548113,0.0381110050795492,0.0417228306367833,0.0455529749108513,0.0495843415567373,0.0538094721859992,0.0582040620983683,0.0627293475562274,0.0673471111965743,0.0719917006136336,0.0766014265108461,0.0810987819523292,0.0853828747071848,0.0893484712974282,0.0928800756267829,0.095869650177422,0.0981861321297318,0.0997122781188736,0.100356836560589,0.100015772043502,0.0986211100638381,0.0961373178087022,0.09255893649163,0.0878879789994389,0.0821787591887065,0.0755498297746054,0.0680570367021336,0.0599032140840761,0.0511874336026314,0.0421088246576588,0.0328457344544818,0.0235463910099373,0.014389818302376,0.00553413473898469,-0.00287167443502695,-0.0107362628719661,-0.0179474395340176,-0.0244340993818383,-0.0301519308894791,-0.0350677593537862,-0.0391835231781448,-0.0425271381030519,-0.0451206627883175,-0.047006707654978,-0.0482451208669217,-0.0489048116718719,-0.0490524871505824,-0.048753079820885,-0.0480728760221017,-0.047079582627654,-0.0458349633321944,-0.0443925478842622,-0.0428010476422161,-0.0411028209630758,-0.0393343497885698,-0.0375291934033372,-0.0357135223723208,-0.0339066447473424,-0.0321272721139434,-0.0303882540014407,-0.0286966105437443,-0.0270614768682611,-0.025486929987143,-0.023979695200905,-0.0225402245144214,-0.0211656933045594,-0.0198597806135645,-0.0186211545715879,-0.0174458341842404,-0.0163343064745478,-0.0152824411625882,-0.0142886805027116,-0.0133503191333065,-0.0124650271823005,-0.0116294353533045,-0.0108417731401756,-0.0100989647304939,-0.00939923225195342,-0.00873983139068469,-0.00811791416251055,-0.00753192556112573
0.0023148140566676,0.00299797392820598,0.00374225281076559,0.00454792589717534,0.00543151859451275,0.00638825250077251,0.00742462898675814,0.00855189498941942,0.00977714903948834,0.0111026434091444,0.0125353898527943,0.0140941149986919,0.0157785062946697,0.0175924789100993,0.0195471590201375,0.0216571148648271,0.0239625994793243,0.0263702677747727,0.0290228299510074,0.0318347198087804,0.0348368602465102,0.0380220131507451,0.0413894132023545,0.0449325524179776,0.0486452560851459,0.0524815013713994,0.0564546094514108,0.0605189780579759,0.0646215115598932,0.0687188065027,0.0727524305927044,0.0766404553872018,0.0802867231108117,0.0836221716335798,0.0865646157860956,0.0889984446035628,0.0908163001807566,0.0919267844796266,0.0922620774128668,0.0917379513550595,0.0903015634782798,0.0879287684409937,0.0846164352880287,0.080373526171498,0.0752508766858821,0.0693277076254717,0.062689208825085,0.055459020670475,0.0477455029043887,0.0397155485327607,0.0315023536554271,0.0232536005449453,0.0151099543155027,0.00720479133293451,-0.000351215721324957,-0.00744774082228698,-0.0139993317628924,-0.019949264952509,-0.025247045899026,-0.0298626810829661,-0.0337899800255649,-0.0370473079924434,-0.0396464979210052,-0.0416233190204113,-0.043021711432415,-0.0438978369489705,-0.0443008375411423,-0.0442883405771868,-0.0439176336778513,-0.0432448277543288,-0.0423220694501355,-0.0411936879424904,-0.0399068366130913,-0.0385007519670434,-0.0370104361290526,-0.0354650841223952,-0.0338887718639502,-0.0323020937439162,-0.0307204438045927,-0.0291605264921935,-0.0276326573060686,-0.0261455532500051,-0.024703886356128,-0.0233131672597811,-0.0219782165874989,-0.0206968025193346,-0.0194723494534455,-0.0183057607313455,-0.017194367429864,-0.0161384986080326,-0.015135650344811,-0.0141848802016824,-0.0132841091527864,-0.012430872695736,-0.0116240500222827,-0.0108608020570933,-0.0101391633688166,-0.00945751843258256,-0.00881381617652892,-0.00820507389776907,-0.00763049089777829
0.00305634499414019,0.00375452535332059,0.00450468761073253,0.00533821402575105,0.00622974496741314,0.00719474723579216,0.00823789870516441,0.00936533478011478,0.0105852453891993,0.0119027053071169,0.0133225337628352,0.0148578268468683,0.0165119774835903,0.0182903167920644,0.0201884162059844,0.0222381902884575,0.0244233418124368,0.0267764170244976,0.029297742740729,0.0319636283732481,0.0347844775460253,0.0376872667662869,0.0408920890461472,0.0441520892821115,0.0475547580727512,0.0510233641141437,0.054624102876375,0.0582532158505837,0.0618996879300375,0.065516735924593,0.0689744247272365,0.0723898382964565,0.0755212719436472,0.0783357156162012,0.0807697844313763,0.0827288013485341,0.0841464718782268,0.0849293070124298,0.085024675729177,0.08436484058874,0.082909553732023,0.0806687872052081,0.0776090490141671,0.07373069423804,0.0691090164648707,0.0638075499326641,0.0579179569824316,0.0514897741356525,0.044639623449743,0.0375019459159417,0.0302106904202022,0.0228590858077473,0.0156048269441548,0.00851427081141135,0.00172484775378608,-0.0046906547165283,-0.0106565952020532,-0.0161187491442486,-0.0210213279268849,-0.0253425542104127,-0.0290729605349304,-0.0322208524338524,-0.0347923679306409,-0.0368137940577643,-0.0383220042219839,-0.0393583904718302,-0.0399630802512232,-0.0401831757023259,-0.0400667328800545,-0.0396586251285638,-0.039005781953822,-0.0381507797597953,-0.0371334214931149,-0.0359879424381626,-0.0347451079602355,-0.033431077754766,-0.0320712053970454,-0.0306856588646063,-0.0292911973685595,-0.0279030607606216,-0.0265317742077293,-0.025184263198506,-0.0238699696010241,-0.0225934167310282,-0.0213603021351377,-0.0201710891766704,-0.0190288893580531,-0.0179346016156369,-0.0168878697646658,-0.0158886111992284,-0.014936435318179,-0.01403101844071,-0.0131693405319542,-0.0123511069482523,-0.0115746665331743,-0.0108382173093081,-0.0101398186244935,-0.00947834073857771,-0.00885212274027374,-0.00825864115763547,-0.00769693769316073
0.00374353027422133,0.00445367628244056,0.00523416898977036,0.00606174593543813,0.006954588750683,0.00792284716515457,0.00896533971246498,0.0100873569081394,0.0112974837529226,0.0126005350770449,0.0139965792285085,0.0154977950311794,0.0171060396722157,0.018837887976744,0.0206836298361079,0.0226548611222808,0.0247478239315929,0.0269992479790533,0.0293601568298704,0.0318751355748738,0.0345438893635013,0.0373021801659131,0.040168230927996,0.0432540070075058,0.0463559648285026,0.0495060649996762,0.0527362945387942,0.0559840807093224,0.0592868469472426,0.0624681921898046,0.06547031559933,0.0683495353778414,0.0710043007850493,0.073436900168216,0.0754727408725092,0.0769911930639194,0.0780940165786418,0.0786336743221734,0.0785761798146755,0.0778571838593591,0.0763585179234167,0.0742223589903924,0.0713636815841281,0.0678748586147221,0.06368865403507,0.0589269457603553,0.0536557589059701,0.0479135432076665,0.0418129837954183,0.0354567676047182,0.02896097715541,0.0223893530032719,0.015900149349686,0.0095421290739534,0.00342110643801668,-0.00239281202091202,-0.00783171529868783,-0.0128356912041867,-0.017379139745641,-0.0214169557561387,-0.0249469200333314,-0.0279704525427043,-0.0304888505015572,-0.0325215688395883,-0.0340990943451801,-0.0352512486249604,-0.0360098136187779,-0.0364128771971765,-0.0365014511679853,-0.0363155121060923,-0.0358956365686081,-0.0352766042889866,-0.0344905176704648,-0.0335699623163243,-0.0325447135918321,-0.031440340193874,-0.0302786004778174,-0.029078532848785,-0.0278568005446847,-0.0266280715470153,-0.0254022266862447,-0.0241892874923767,-0.0229976875464139,-0.0218331094057328,-0.0206980527876181,-0.0195984764990769,-0.0185375061553669,-0.017516187557587,-0.0165340059284765,-0.015592906469742,-0.0146937576154529,-0.0138329978934895,-0.0130124102770011,-0.0122304476717307,-0.0114860042992718,-0.0107775784853689,-0.0101042474708548,-0.0094645911903916,-0.00885750839820387,-0.00828080047762734,-0.00773382916442105
0.0043779902593629,0.00510099536225056,0.00588096082443734,0.00671530902927538,0.00761041377930479,0.00857761571761646,0.00961473166340826,0.0107269260875628,0.0119220843892553,0.01320465993933,0.0145724196718055,0.0160378741079442,0.0176073012955911,0.0192739858258784,0.0210531876645806,0.0229428789799352,0.0249590761192478,0.0270831210040075,0.0293230885143655,0.0316844852784554,0.0341624579336203,0.0367403379480225,0.0394079519437286,0.0421622728851704,0.0450129128614333,0.0478420566733154,0.0508004037551559,0.053749271803202,0.056618963714339,0.0594105891124226,0.0620042419087846,0.0645863447002703,0.0667603960533013,0.0687957803279196,0.0705947632576648,0.0717948614420112,0.0725911509518467,0.0728244208378688,0.0727353543590746,0.0719016008928534,0.0704130966121883,0.0684894921941372,0.0659127676706948,0.062673694844482,0.0588594345302108,0.054527500635248,0.0498225942778047,0.0446243293308774,0.0391669278493661,0.0334861528203602,0.0276818994456771,0.0218201824049999,0.0160274104944377,0.010335268633838,0.004788432353498,-0.000483730259509248,-0.00543912401911228,-0.0100306325812896,-0.0142340631929849,-0.018013194286419,-0.0213442098695823,-0.024232109732619,-0.026678329674714,-0.0286903886733291,-0.0303012454179113,-0.0315333572497644,-0.0324075063053089,-0.0329554415269668,-0.033212378384833,-0.0332103032689379,-0.0329851600691836,-0.032564027543574,-0.0319771265473825,-0.0312578191708975,-0.0304260085319897,-0.0295106395759941,-0.0285280622791565,-0.027495492805614,-0.0264302652253692,-0.0253485614529065,-0.0242598839322847,-0.0231731827619955,-0.0220974827728873,-0.0210380766274837,-0.0200006884363372,-0.0189889278294698,-0.0180063422803747,-0.0170570105139274,-0.0161398522239687,-0.0152564142786687,-0.0144084493955668,-0.0135958078219954,-0.0128161436472914,-0.0120721621287295,-0.0113607526923243,-0.010682007338231,-0.0100351013811709,-0.00941874458377579,-0.00883205883903734,-0.00827348102775706,-0.00774253607930252
0.00496536064781944,0.00569155546227836,0.00647028422047123,0.00730625513781846,0.00820027051680556,0.00916071233792073,0.0101884602816131,0.011285534855999,0.0124603873020644,0.0137153326913163,0.0150520192209361,0.0164766297477082,0.0179962920531717,0.0196053610238776,0.0213188602469493,0.0231269569863939,0.0250443566951627,0.0270568252797847,0.0291707635644008,0.0313782009937944,0.0336887874112772,0.0360858020874579,0.0385566063257621,0.0410938025327646,0.0436739229934723,0.0462879964087123,0.0489147726758875,0.0515235841907159,0.0540343452539075,0.0565546288054821,0.0588710143400762,0.0610501802158383,0.0629623870289657,0.0645986271612919,0.0660217854955627,0.0670711512319889,0.0676255325703932,0.0677602360078216,0.0674322470809848,0.0665792525463385,0.0653669363515958,0.063393721761398,0.0609645040711493,0.057927430141221,0.0545688472749271,0.0506870714023373,0.0464395730664978,0.0417825221282791,0.0368785051955091,0.0318923290679034,0.0266247093919637,0.0213386708618905,0.0161060530616729,0.0110628639224145,0.00591297636436754,0.00116417304898542,-0.00341454912211611,-0.00761893451374063,-0.0114969318523392,-0.0150251753670482,-0.0181409734564889,-0.0209143615209845,-0.0233065375505308,-0.0253107888282017,-0.0269400062206577,-0.0282105789869967,-0.0291464319940636,-0.0298004167807732,-0.0301895161990954,-0.0303317444424889,-0.0302581020231603,-0.0300284953254875,-0.029602522736825,-0.0290605135243183,-0.0284011983611169,-0.0276469888030345,-0.0268163530062269,-0.0259399376414314,-0.0250224791441747,-0.0240798767304827,-0.0231180136025464,-0.0221482489005094,-0.0211809803573659,-0.0202233950822871,-0.0192778947819465,-0.0183499467643195,-0.0174455037124759,-0.0165661261474138,-0.015712847707349,-0.0148880790214567,-0.0140916849002718,-0.0133251264006473,-0.0125883525996269,-0.0118810453144415,-0.0112035450086012,-0.0105551910228739,-0.00993525524900635,-0.00934312563930262,-0.00877806884988422,-0.00823890173803574,-0.00772505181780794
0.00550052543871861,0.00622479878046448,0.0070066403094977,0.00783682717587447,0.00872520368501255,0.00967455346571946,0.0106888122380654,0.0117666657559289,0.0129160535188753,0.0141416333395064,0.015442224821024,0.01682215810037,0.0182893245469753,0.0198382610452736,0.0214785980361637,0.0232123230530698,0.0250237852951614,0.0269256617987523,0.028910453766483,0.0309796635612501,0.033128457434864,0.0353478041715567,0.037631894646309,0.0399539454280699,0.042313640190466,0.0446753344267874,0.0470369609267449,0.0493622482493961,0.05161817089012,0.0538016451333456,0.0558278327491612,0.0577137987280521,0.0594185380345209,0.0607264037263855,0.061886278077641,0.0626506371762694,0.0631250733813386,0.063119644030444,0.0627113440204766,0.0618142136284713,0.0605350232045192,0.0588077230488189,0.0565245977003626,0.0538040846699143,0.0506975277163714,0.0471173630226898,0.0432263418921917,0.0391852532905083,0.0347800352150512,0.0301697784677849,0.025549140083622,0.0208524138413711,0.0160376648409837,0.0113892037439239,0.006820155646455,0.00245761978146195,-0.00169799874069855,-0.00557392959149009,-0.00916537276227464,-0.0124442261024815,-0.0153524241282354,-0.018017949483727,-0.0202861532261036,-0.0221806605712248,-0.023796689522361,-0.0251676266782357,-0.0261563841357357,-0.0268323477664556,-0.0273517884955398,-0.0275932951646252,-0.0277248014760773,-0.0276404116136426,-0.0273321619346925,-0.0269255510663548,-0.0264054029517268,-0.0257979134373864,-0.0251505961173696,-0.0244288312310705,-0.0236263747901501,-0.0228194105557531,-0.0219827475985796,-0.0211192753698188,-0.0202595757365319,-0.0193928223017082,-0.0185333378335856,-0.0176829317671376,-0.0168591566785697,-0.0160448197984725,-0.0152563850896911,-0.0144875873648012,-0.0137423590656014,-0.0130221403896147,-0.0123285415757478,-0.0116604376037843,-0.0110175639574626,-0.010401124673751,-0.0098085167084299,-0.00924170227688839,-0.00869947204947908,-0.00818050818968681,-0.00768463210309123
0.00598756326567611,0.00670959579489895,0.00748722540199514,0.00830673359043497,0.00918722184887409,0.0101245668780323,0.0111220653765147,0.012178434235598,0.0132980405944203,0.0144915405794043,0.015753523296488,0.0170836124000443,0.0185011009625134,0.0199839233481046,0.0215530334908894,0.0231991886362934,0.0249154333927946,0.0267098814724324,0.0285769130976508,0.0305107887629017,0.0325066402372529,0.0345622491571125,0.0366551743203895,0.0387833568037676,0.0409233787871818,0.0430647969607282,0.0451905113345915,0.0472556345831699,0.049258773392786,0.0511709173189771,0.0529549590114686,0.0545596218806212,0.0559654926446875,0.0571099430575314,0.0580619986850954,0.0586764496924151,0.0589763730026605,0.0588696926541692,0.0584109226561243,0.057555857611865,0.0563025929614267,0.0546301841509815,0.052554706277246,0.0500582598293327,0.0472075037776829,0.0440220484057563,0.0405186895575784,0.036780254077848,0.0328301110242699,0.0287104666829923,0.0244536306461883,0.0201797456625949,0.0158866820536056,0.0116469094063874,0.00748476614252981,0.00357225012636221,-0.00024048501404029,-0.00374090716781144,-0.00710211350446194,-0.0101655359420833,-0.0129653622211245,-0.0154145978620986,-0.0176171723252061,-0.0194541075416339,-0.021084137897248,-0.022345188593372,-0.0232995949489494,-0.0243044484336765,-0.024790841806452,-0.0251932673166696,-0.0253611234269045,-0.025385249935024,-0.0252608069388732,-0.0249824701603953,-0.0246028594490388,-0.0241181874987828,-0.0235690789224681,-0.0229758889448781,-0.0222595970616982,-0.0215722534372639,-0.0208760106944987,-0.0201077527817773,-0.0193546211177323,-0.0185723806298671,-0.0177816351567281,-0.0170175031058006,-0.0162588545979652,-0.0155116922106497,-0.0147794327510951,-0.0140677189249673,-0.0133725324353582,-0.0126863513932479,-0.0120453190340686,-0.0114122608539288,-0.010805953910073,-0.0102198923604995,-0.00965567418305967,-0.00911418890120481,-0.00859531109209565,-0.00809669560911102,-0.00762080643423838
0.00643074490420026,0.00714710683470662,0.00792551918029421,0.00874412865745364,0.00959817166764768,0.0105163293502994,0.0114932506294415,0.0125232429026523,0.0136152707676438,0.0147729202914035,0.0159917587645192,0.0172782830053078,0.0186313725256501,0.02005896667247,0.0215463504149845,0.0231079494535995,0.0247351395705532,0.0264185655516851,0.0281717513152314,0.0299723456280005,0.0318251751558736,0.0337182625985747,0.0356460384594077,0.0375916691536373,0.0395451552248415,0.0414840346275072,0.043389351067484,0.0452773093585162,0.0470191058332302,0.0486984949341873,0.0502342929290621,0.0516181002809009,0.0528400603351945,0.0538289933488708,0.0545614452776384,0.0550247801316776,0.0551835958061232,0.055025267640584,0.054503648749533,0.0536916623732822,0.0524820410209944,0.0509022527984164,0.048975753793286,0.046687440405351,0.0440792385068042,0.0411819874640206,0.0380135423425376,0.0346251880501694,0.0310397119333164,0.027317658152904,0.0234799085755606,0.0196030145116145,0.015698483123711,0.0118707081306316,0.00812135447700702,0.00447215391642939,0.00102153452220609,-0.00220916224934375,-0.00536130461153931,-0.00821656245101127,-0.0108229737229765,-0.0131632249229631,-0.0152383276884423,-0.0170410931163864,-0.0186048734328902,-0.0199232315026088,-0.0210340165846102,-0.0218536296505699,-0.0224971335541676,-0.0228938708088119,-0.0231975174908692,-0.0233030695257352,-0.023240700503312,-0.0231241568529683,-0.0228593924494328,-0.0224546214400246,-0.0220462729522939,-0.0215614870773478,-0.0209955916215586,-0.0203723167829829,-0.0197459817822694,-0.0190840033301919,-0.0183935141356665,-0.0177182602198979,-0.0170326970781686,-0.0163377093260198,-0.015638891005635,-0.0149503356752412,-0.0142872202473098,-0.0136262244031169,-0.0129784777627734,-0.0123508802872368,-0.0117371631184224,-0.0111487877042332,-0.0105754482325362,-0.010011368825293,-0.00947815105322049,-0.00896881518043858,-0.00847343837552262,-0.00798657196799196,-0.00752428299760466
0.00682978915597723,0.00754372873663186,0.00830142882766284,0.00910644114118016,0.00995308096698673,0.0108507174078586,0.0118017217376925,0.0128080512679583,0.0138668853736554,0.0149872401494267,0.0161639491204942,0.0174004114865324,0.0186965706761532,0.0200576357700977,0.0214768903378193,0.0229468536626975,0.0244820343158496,0.0260685616052345,0.0277071772714221,0.0293886595764451,0.0311065549649946,0.0328587714034538,0.0346240428464921,0.0364009299465905,0.0381745712756272,0.0399226270325347,0.0416408976304947,0.0433524147836177,0.0448829026215863,0.0463421245444078,0.0476869205000306,0.0488890642395804,0.0499108716733011,0.0507251000520459,0.0513177052901862,0.0516608073693824,0.051730328952686,0.0515066987934616,0.0509748140021219,0.0501926956974396,0.0490274925228111,0.0475283588051476,0.0457373576738873,0.0436363883171931,0.0412484945231892,0.0385979801842106,0.0357217810506006,0.032657152941639,0.0294124601783166,0.0260179438471175,0.0225471351741862,0.0190261798209607,0.0154909875681373,0.0119941477349174,0.00855804438052238,0.00525119859750934,0.00207318277179642,-0.000969661642005102,-0.00383126173411847,-0.00646515120973487,-0.00882725022587612,-0.0111393366606799,-0.0131194953272271,-0.0148575356061563,-0.0163829467989447,-0.0176748355036048,-0.0187624150201874,-0.0196283158065279,-0.0202923561085012,-0.0208161840525707,-0.0211721128515113,-0.0213649324372864,-0.0214007244117297,-0.0213845379270094,-0.0212073730830679,-0.0209406802276494,-0.0206034840574232,-0.0201835633186555,-0.0197272211394502,-0.0192229573434632,-0.018675779882075,-0.018098734700208,-0.017492527342362,-0.0168942547685974,-0.0162716066779864,-0.0156389402330986,-0.0150146569342995,-0.0143944936603777,-0.0137708977635689,-0.0131654392684457,-0.0125671726080351,-0.0119848743421967,-0.0114142960027402,-0.0108587193002112,-0.0103227629011439,-0.00979885229265833,-0.00929058349897759,-0.00880342578753223,-0.00833210029369419,-0.00787703248583544,-0.00743651641255728
0.00718593703168553,0.00789087199650315,0.00863619203777541,0.00942670387919736,0.0102841852973985,0.0111243747979658,0.0120613737559507,0.0130367655588103,0.0140640225284918,0.015142679121216,0.0162761651989164,0.017459368668234,0.018703455240589,0.019997160169019,0.0213402970403687,0.0227381166198505,0.0241810156313177,0.0256719375070723,0.0271980900917303,0.0287626053308811,0.0303550140408694,0.0319655044822903,0.0335898868143639,0.035209737938987,0.0368202329779272,0.038403374369375,0.0399452865216195,0.04142135232688,0.0428303656082161,0.044127061163525,0.0452882024585051,0.0463248810664283,0.0471943546188846,0.0478654966766733,0.0483272517677678,0.0485800719498106,0.0485612377677741,0.0483049654529226,0.0477436064769978,0.046946783992293,0.0458525113518954,0.0444782661175646,0.0428133485732034,0.0408649248367615,0.0386737317133288,0.0362650060134492,0.0336399794217454,0.0308273506922683,0.0278916305929918,0.0248230680250834,0.0216586952221582,0.0184551158287227,0.0152331282663194,0.0120496153777002,0.00892891721120667,0.00587945262407913,0.00294195059426589,0.000136152901539566,-0.00250910233905767,-0.00497125549546115,-0.00721156802636554,-0.00935307292361635,-0.0112360195184236,-0.0128992376551929,-0.0143861400169559,-0.0156459004856983,-0.0167431376926109,-0.0176502078304711,-0.0183664277197908,-0.0189039374443307,-0.0192943405552563,-0.0195529828729132,-0.0197154395985864,-0.0197202187428447,-0.0196383248726693,-0.0194598819391341,-0.019210963194934,-0.0188942626481526,-0.0185180105787514,-0.0180899513559489,-0.0176253016819794,-0.017130449672964,-0.0166091864462671,-0.0160799383081359,-0.0155126367976415,-0.0149547606657433,-0.0143863242061965,-0.0138190983536241,-0.0132555753162424,-0.012700936346619,-0.0121483437890198,-0.0116078346663673,-0.0110767657995653,-0.0105614125004942,-0.0100531169904093,-0.00955860130741926,-0.00907876689933245,-0.00861944934524938,-0.0081718297733161,-0.00774060884243013,-0.00732282111124499
0.00750605850550921,0.008199584529938,0.00893186552267771,0.00970318788703929,0.0105162173384089,0.0113783144753137,0.0122668957394635,0.0132179776200231,0.0142071519467034,0.0152501204700176,0.0163344499154106,0.0174721321321794,0.0186549276381879,0.0198860540876805,0.0211561247405602,0.0224735121418955,0.023833504482698,0.0252237129757773,0.0266525632825532,0.0281063445464324,0.0295799236720618,0.0310693484409142,0.0325555887903971,0.0340375656586527,0.0355008973527323,0.0369259118831203,0.0383172927785318,0.0396305635914998,0.0408798265068033,0.0420120767291235,0.0430427148441209,0.0439239951132685,0.0446660350564923,0.0452125652970127,0.0455690383302336,0.0457253213915468,0.0456649741310604,0.0453672900632594,0.044816007789395,0.0440421813769785,0.0430020197354799,0.0416918074115955,0.0401463707448025,0.0383618027399451,0.0363353171141202,0.0341251735652368,0.0317370659853734,0.0291930548455808,0.0264979118997219,0.0236940878872739,0.0208175939569835,0.0179034595703287,0.0149635027319629,0.0120411206297897,0.0091911189182116,0.00638586258846231,0.00368900457716258,0.00111225644957848,-0.00135898327471444,-0.00365650776650428,-0.00579495366706448,-0.00777311473190129,-0.00955876146977352,-0.0111524631193447,-0.0125804341280447,-0.0138192028137748,-0.0148812390347824,-0.0157853761382504,-0.0165123308060478,-0.0171020303978506,-0.0175796581624157,-0.0178877968584024,-0.0180864108321493,-0.0181739569366034,-0.0181624779042862,-0.0180640909906446,-0.0178897321801312,-0.0176495371714318,-0.0173517137778715,-0.0170021790436361,-0.0166116010067239,-0.0161888685698338,-0.0157395082471733,-0.0152646645716313,-0.0147774957974766,-0.0142732338158912,-0.0137646121500948,-0.0132519885115751,-0.0127376941611312,-0.0122250726193505,-0.0117217642891121,-0.011220536065663,-0.0107301802555459,-0.0102471524019868,-0.0097710386464092,-0.0093066065347096,-0.00885528798297411,-0.00841897172295294,-0.00799720000222359,-0.00758710472011951,-0.00718988277405527
0.00778763303519572,0.00846835816127688,0.00918605262860634,0.00993868862071109,0.0107318739134126,0.0115587597345904,0.0124378887690249,0.013350570370448,0.0143060664952177,0.0153058989223859,0.0163468882102853,0.0174334525258397,0.0185593198394435,0.019725018668236,0.0209301130260219,0.0221703972242747,0.0234494736855784,0.0247545907933715,0.0260828297541082,0.0274334483986345,0.0287961158424429,0.0301630191804138,0.0315299875761111,0.0328780484692928,0.0342058793147333,0.0354954907309754,0.0367367271467379,0.0379154683861678,0.0390162096726469,0.0400170973745523,0.0409121382724299,0.0416728874869422,0.0422899836045518,0.0427436529431808,0.0430321627684825,0.0431241502628829,0.0430081601713444,0.0426854518197607,0.042137620418055,0.0414380654533827,0.0403764614247526,0.0391567880163454,0.0377139698323013,0.0360676311953331,0.0342150429174448,0.03217938275139,0.0299924972723379,0.0276534186106993,0.0252054262009724,0.0226527297429312,0.0200368449612049,0.0173649147195917,0.0146853876047183,0.0120194577518808,0.00938419165369656,0.00680103415908175,0.00430872060988693,0.00190781013885463,-0.000362475621271418,-0.00251188175577126,-0.00451137665430549,-0.00637068955554049,-0.00805017234542933,-0.00958584909481428,-0.010953382632098,-0.0121567073564457,-0.0132099885644923,-0.0141300681241145,-0.0148592275289756,-0.0154597875700133,-0.0159799532099274,-0.0163207076707381,-0.0165717757329407,-0.0167193920483668,-0.0167767206374312,-0.0167379011325022,-0.0166314817892578,-0.0164590249264037,-0.0162316418146499,-0.0159517247031947,-0.0156279889122573,-0.015272165929857,-0.0148836554737811,-0.0144751659050051,-0.0140424945723661,-0.0135989784410223,-0.0131438217729704,-0.0126820189913544,-0.0122169067174888,-0.0117484278409994,-0.0112857286731518,-0.010823517607956,-0.010369780109313,-0.00991935255751811,-0.00947778550746039,-0.00904433339618033,-0.00861999232331506,-0.00820808713909753,-0.0078088946503683,-0.00741958786396551,-0.00704304409866981
0.00803488680453902,0.00870158205670403,0.00940304538043027,0.010138081146889,0.0109092578983746,0.0117201914751551,0.0125612874931418,0.0134446042979351,0.0143640156451369,0.0153209665842049,0.0163188245481507,0.0173527840286508,0.018421381731114,0.0195281878349772,0.0206659997213229,0.0218347210395046,0.0230313864694287,0.0242490944548871,0.0254891186014602,0.0267427184727939,0.0280019869803048,0.0292644559613628,0.030513451719178,0.0317483427949229,0.0329537075038995,0.0341172481788991,0.0352374577847584,0.0362804380861473,0.0372593961749242,0.0381379542869325,0.0389172974944821,0.0395718254509024,0.0400902321477992,0.0404579927099585,0.0406690752047377,0.0406956538534817,0.0405588778515713,0.0402086392028715,0.0396765534866689,0.0389567546510033,0.0379441379432308,0.0368423276148546,0.0355060924108823,0.0339808212268664,0.032272650228923,0.0303951772945176,0.0283989326381991,0.0262487949049957,0.0240473923029933,0.0216778399908629,0.0192695537055023,0.0168295866935362,0.0143795806355623,0.0119399543592925,0.00951707359328259,0.00714576465633064,0.00483936468267011,0.00261753470822049,0.000495182145405636,-0.00150203691538242,-0.00338131228559733,-0.0051217807265106,-0.00672236705358641,-0.00818453096876807,-0.0094911405864336,-0.010666024107718,-0.0116895712865123,-0.012580760896491,-0.0133110701175352,-0.0139683470126917,-0.0144874116520549,-0.0148762436377207,-0.0151648621082445,-0.0153610354725351,-0.0154674172130439,-0.0154920692801671,-0.0154447437985634,-0.0153288234197008,-0.0151637025419235,-0.0149475722030997,-0.0146838927819334,-0.0143844432302097,-0.0140561893312049,-0.0137035200374964,-0.0133260823017015,-0.0129336394053059,-0.0125285508044472,-0.0121121787780651,-0.0116904994933423,-0.0112686714821372,-0.0108443605407777,-0.0104228973054813,-0.0100024504161124,-0.00958543408475349,-0.00917393511277855,-0.00876953332623245,-0.00837327327872344,-0.00798600359476242,-0.00760956308349687,-0.00724217048886696,-0.00688428875242297
0.00825031824616864,0.00890170342209602,0.00958541269673915,0.0103006544299362,0.0110485447840329,0.0118301576085361,0.0126479837275414,0.0134972029817754,0.0143593345891523,0.0152953870642542,0.0162503045906777,0.0172332694032973,0.018251041269738,0.0192969772540558,0.0203760230845332,0.0214746791956542,0.0225933222022742,0.023734485002735,0.0248875656606315,0.0260489276512052,0.0272134906399891,0.0283701599412946,0.0295181439547589,0.0306399658762666,0.0317343434643993,0.0327866783421751,0.0337885886133478,0.0347272584007391,0.0355904532812856,0.0363612321159851,0.0370405906515429,0.037596826910314,0.0380388132153207,0.0383315681074239,0.0384819646095807,0.0384615458188381,0.0382970220010404,0.0379352661395281,0.0374078045602478,0.0367326766610359,0.0358408175453209,0.0347248902672974,0.033483333405306,0.0320886347078367,0.0305191416127353,0.0287611843169376,0.0269972830255224,0.0249920049697862,0.0228896144605719,0.02076463281354,0.018561656192452,0.0163283343582081,0.0140781436280016,0.0118277478438397,0.00959267415979628,0.00740939098194008,0.00527396658091659,0.00322486145636543,0.00125020229796586,-0.000613869377050615,-0.00237417484698987,-0.00401444927949927,-0.00552912294349697,-0.00691965525304273,-0.00817280551210909,-0.00930431560385103,-0.0103034954564438,-0.0111828359714224,-0.011930348118665,-0.0125801651830897,-0.0131079224932953,-0.0135350478045879,-0.0138573803068651,-0.0140892258662396,-0.0142404254189265,-0.0143159028780904,-0.0143140839764691,-0.0142559703961251,-0.0141402646874366,-0.0139773027572549,-0.0137706121321568,-0.0135276903792345,-0.0132498720655684,-0.0129493787614655,-0.0126235015047926,-0.0122791128002776,-0.0119220213609321,-0.0115497299110175,-0.0111724726501619,-0.010789964907272,-0.0104040561065187,-0.0100161889909141,-0.00963059101277648,-0.00924644924768677,-0.00886598870381593,-0.00848914834931983,-0.00811920434044955,-0.00775652011405916,-0.00740256618441276,-0.00705467202739838,-0.006716265036015
0.00843411292426179,0.009069584934049,0.00973520840647481,0.0104303638770037,0.0111549874350088,0.0119103949743775,0.0126982436148036,0.0135158002024698,0.0143646607556232,0.0152348614308729,0.0161478071971699,0.0170852857285468,0.0180521581266538,0.01903982178464,0.0200559527809231,0.0210853008172512,0.0221352768650233,0.0231980983820888,0.024271144282018,0.0253500497075681,0.0264237033339075,0.0274922686722666,0.0285406757791016,0.0295678644886145,0.0305612201820509,0.031511359388558,0.0324137165178314,0.0332464437172371,0.0340133589433077,0.0346893625406767,0.0352762045121781,0.0357524305829244,0.0361159256444834,0.0363514399356387,0.0364515620294071,0.0364009756979923,0.0362024772626792,0.0358488286697057,0.0353260897298446,0.0346518647533608,0.0337888273569236,0.0327829310414503,0.0316261191961582,0.0303428326350267,0.0288621505362001,0.027284497924065,0.0255803672502633,0.0237559481172304,0.0219293463700015,0.0199056345184348,0.0178926037397345,0.015838202710994,0.0137598153090937,0.0116934173108973,0.00964455080621059,0.0076194836830401,0.00564590227265803,0.00374105524799342,0.00190863275524397,0.000163197075383922,-0.00148456116104507,-0.0030320722854638,-0.00446299077441932,-0.00578285677160555,-0.00698180213551139,-0.00806521864589659,-0.00902869639471141,-0.00988425823491652,-0.0106483824517465,-0.0113036789360228,-0.01184613209268,-0.0122925371936698,-0.012638919629279,-0.0129040121299293,-0.0130910264082537,-0.0132072539111447,-0.0132534029504091,-0.0132383744770114,-0.0131719770975885,-0.0130588046491238,-0.0128996297262129,-0.0127044411359717,-0.0124764638269951,-0.0122188423677912,-0.0119385829036548,-0.0116386261991696,-0.0113236262091626,-0.010995635877638,-0.0106591301341357,-0.0103144385489528,-0.00996553709046559,-0.00961184927897237,-0.00925672658839788,-0.00890378990082214,-0.00855167327383732,-0.00820114606473643,-0.00785723386731019,-0.00751748480745044,-0.00718543610477852,-0.00685965164682661,-0.00654034588603512
0.00859098048566389,0.00920962841356727,0.00985602096435361,0.0105301912960956,0.0112307191336132,0.0119597126324919,0.0127168301884552,0.0135006428939927,0.0143131125335465,0.0151533753754599,0.0160180055148565,0.016906852558851,0.017823339692596,0.0187571172705051,0.0197101172664293,0.0206839938908851,0.0216660438681543,0.0226584570237116,0.0236583108229915,0.0246537634721508,0.0256477967635218,0.02662533247179,0.0275879844546928,0.0285220587284999,0.0294238240943714,0.0302851352343181,0.0310923952844116,0.0318423606995173,0.0325174935473747,0.0331141540952431,0.0336223485008842,0.0340267205823803,0.0343297542164692,0.034505531033921,0.0345658511147079,0.0344879026875494,0.034271937558786,0.033910050259716,0.0334079739127357,0.0327564029345572,0.0319548165079116,0.0310049471500565,0.0299217669364765,0.02871333791785,0.0273588919933865,0.0258952928587717,0.0243092035085713,0.0226237216415813,0.0209305122991064,0.0190904483257139,0.0172424120046853,0.0153557724736034,0.0134504757678424,0.0115450806010781,0.00965666527634114,0.00778465015973071,0.0059534661918567,0.00418191522577457,0.00243790903799021,0.00087133046393593,-0.000697776871537298,-0.00216591520889341,-0.00351343775962694,-0.00476303999261163,-0.00591293007458132,-0.00695861529316719,-0.00791084965816538,-0.00875668325686107,-0.00949143858531425,-0.0101313290465013,-0.0106787003641699,-0.0111353943964246,-0.0115058354811704,-0.0117967454271855,-0.0120138587749576,-0.0121628920927387,-0.0122475703455179,-0.0122738199521317,-0.0122486920907254,-0.0121780426445053,-0.0120625869397577,-0.011910406772138,-0.0117263342024286,-0.011513021130017,-0.0112755844182108,-0.0110187163230722,-0.0107423973720728,-0.0104531193429192,-0.010152120899276,-0.00984386365148777,-0.00952621026340485,-0.0092062342961379,-0.00888400444145378,-0.00855767456519579,-0.00823375213765132,-0.00791056695829393,-0.00759049469600241,-0.00727364289265605,-0.00696388062931414,-0.0066562502055036,-0.00635649658486125
0.00871954741838344,0.0093213160385417,0.00994857712012492,0.0106015721330104,0.0112783438562121,0.0119812069186406,0.0127097739819259,0.0134634229937796,0.0142344450296502,0.0150474131193104,0.0158647902152736,0.0167102895926138,0.0175735152779189,0.0184532698983538,0.0193543350291533,0.0202647277216388,0.021183062250615,0.0221100137316914,0.0230373427216958,0.0239623817193394,0.0248792143389102,0.0257803578413581,0.0266623905886568,0.0275152090089532,0.0283353654095042,0.0291102232931793,0.029838238733415,0.030502571915802,0.0311025095888127,0.0316259427359532,0.0320641493426655,0.0324124265090968,0.0326543867230845,0.0327925341558183,0.0328108589862935,0.0327104585576511,0.0324835988412773,0.0321287426097814,0.0316378509119641,0.0310137670683804,0.0302525762541633,0.0293661159525599,0.0283477237024133,0.0272251307447448,0.0259761804191143,0.0246236099599072,0.0231469047751562,0.0216484471740106,0.0200175298619336,0.0183451300126495,0.0166366873812887,0.0148975948778595,0.0131402233134088,0.0113787785189063,0.00962859817010171,0.00789888037380339,0.0062059762880051,0.00455802475054146,0.00297033760134262,0.00144839000900212,-2.32871268448019e-05,-0.00136024937552312,-0.00265130038408016,-0.00385319061599661,-0.00495187591285133,-0.00595752847067525,-0.00687719115776674,-0.0076932485666171,-0.00841452651175675,-0.00904763487409032,-0.00959888673852637,-0.010067729133305,-0.0104543482026691,-0.010764086785695,-0.0110070469778547,-0.0111864827199875,-0.0113025868506442,-0.0113626362423373,-0.0113748220587542,-0.0113411680967225,-0.0112629412685662,-0.0111503144821614,-0.0110057111773583,-0.0108308842038599,-0.0106327275572917,-0.010413313110961,-0.0101744027409109,-0.0099218869394545,-0.00965477403373578,-0.0093807830711838,-0.00909496074887119,-0.00880443845456377,-0.00851061946249962,-0.00821443118515121,-0.00791598461248071,-0.00761625304720444,-0.00731950602003979,-0.00702567209683625,-0.00673520790942243,-0.00644884613566674,-0.00616738741709125
0.00882579203373807,0.00940990114386008,0.0100172619056978,0.0106486686964368,0.0113012969363459,0.0119773721021901,0.0126765879382706,0.0133990636375243,0.0141416819601744,0.0149057552174371,0.0156872397417544,0.0164839584171672,0.0173044566851056,0.0181390827951177,0.0189867716390405,0.0198385507888554,0.0207004962338351,0.02156247408577,0.022424953291067,0.0232804877621155,0.0241256350948077,0.0249533788214743,0.0257598050148914,0.0265401897370011,0.0272835503704684,0.027988208334133,0.0286378479030405,0.0292359915493695,0.0297640677184792,0.0302249162810943,0.0306018659829831,0.0308953696286563,0.0310928407768062,0.0311914426398366,0.0311803493481704,0.0310632460695242,0.0308238234024128,0.0304741288616196,0.0299948142232464,0.0294042077944685,0.0286864687568887,0.0278545963288665,0.0269003708288305,0.0258543725204062,0.0246911856679228,0.0234361186711337,0.0220886431638012,0.0206726482378111,0.0191851407960927,0.0176448769080106,0.0160656627518001,0.0144571009964589,0.0128356231531061,0.0112026756302757,0.00957751949370659,0.00798067393073838,0.00640642883893634,0.00487471777637268,0.00338409841226902,0.00195327351868284,0.000605642321473574,-0.000678729627407761,-0.00190083753075517,-0.0030212996949628,-0.0040602388566214,-0.00504350203413345,-0.00592657061817909,-0.00672677465590443,-0.00743166865019661,-0.00805856370120614,-0.00860628630865098,-0.0090776704510483,-0.00947662309098929,-0.00980374957027543,-0.0100659047387049,-0.0102681315179392,-0.0104122497916105,-0.0105023007787791,-0.0105457213662097,-0.0105460259907971,-0.0105035418547754,-0.0104252247266491,-0.0103152998997507,-0.0101764267199368,-0.0100132422923594,-0.00982691284541171,-0.0096226228060766,-0.00940171524017497,-0.00916774992860919,-0.00892259860610718,-0.00866855490457433,-0.00840707158178746,-0.00814043600613273,-0.00786876282039794,-0.00759574962016053,-0.00732181982058025,-0.00704770092693364,-0.0067756905831682,-0.00650560483730359,-0.00623708149743723,-0.00597274811948078
0.00890791639683658,0.00947435129433769,0.0100622381497297,0.0106717974940361,0.0113008734710343,0.01195115102631,0.012622136008089,0.0133132425489272,0.014023422495524,0.0147495735953326,0.0154915561983419,0.0162489517052383,0.0170245045832577,0.017808738956934,0.0186023143975192,0.0194043121341582,0.0202092093107144,0.0210139813592647,0.0218167640148611,0.0226084968249259,0.0233913085112316,0.0241506850369561,0.0248930604804166,0.0256004261601062,0.0262780285448315,0.0269099768497373,0.0274962307530934,0.0280284276121575,0.028497390212472,0.0289021495980136,0.0292257246611123,0.0294757486048519,0.0296299924457348,0.0296989383444538,0.0296634684223202,0.0295310000480234,0.0292897114026053,0.0289412327911241,0.028483658560844,0.0279151152837639,0.0272375482542418,0.0264514570904195,0.0255649462725961,0.024584227296434,0.0235073384440073,0.0223410977332793,0.021097450182367,0.0197777345922669,0.018404305161189,0.0169814598178987,0.0155209413275714,0.0140287274213556,0.0125321174500755,0.0110193452346486,0.00951803112541495,0.00803030887317292,0.00657049210805312,0.00513653505503713,0.00374986155527245,0.00241195251087096,0.0011319199477625,-7.75624668674178e-05,-0.00122440869605596,-0.00229236555899002,-0.00322017047474903,-0.00422806984346599,-0.00506707007890321,-0.00583583202078131,-0.00652838764482521,-0.00714284919059747,-0.0076880258822002,-0.00816334647557141,-0.00856859554980482,-0.00890657505492894,-0.00918650345488517,-0.00940891765230871,-0.00957401265402977,-0.00969011636740186,-0.00975982558234325,-0.00978787413605323,-0.00977652950801769,-0.00973083734659757,-0.00965273228196561,-0.00954573091438476,-0.00941450329939297,-0.00925987575982751,-0.00908717623008681,-0.00889635795199178,-0.00869308005719172,-0.00847548378862089,-0.00825033059942192,-0.00801471239597883,-0.00777287940983349,-0.00752772739188515,-0.007278133786428,-0.00702742295136245,-0.00677484675456957,-0.00652284446688186,-0.00627114762476226,-0.00602181460765891,-0.00577395982637082
0.00897055914852908,0.00951892680521605,0.0100866895860291,0.0106745081204244,0.0112802376530916,0.0119043196432821,0.0125468938159735,0.0132070634170064,0.0138840309881232,0.0145761699245876,0.0152823711106806,0.0160019800977411,0.0167297753923151,0.0174693537785882,0.0182203029291464,0.0189704424856556,0.0197212259603194,0.0204719893524569,0.0212143258472912,0.0219487283544536,0.0226679401402187,0.0233696788368982,0.0240481960162058,0.024696100632898,0.0253109262285642,0.0258843058423797,0.026410454646364,0.0268858488027829,0.0272993623085804,0.0276528383910894,0.027933781106307,0.0281394579321574,0.0282651017885485,0.0283012057560562,0.0282502891072728,0.0281022350377871,0.0278610780594509,0.0275178211442448,0.0270790953097941,0.026537107984951,0.0258978463762942,0.0251540206763739,0.0243430342117736,0.0234003496573564,0.0224079371685171,0.0213279539541497,0.0201675595158471,0.0189495853240821,0.0176775607053261,0.0163561906214261,0.0150049283541451,0.0136253947397891,0.0122348611192825,0.0108361249629801,0.00943839924008965,0.00805513294052351,0.00669496740910349,0.00535805963567592,0.00406374799015141,0.00281731560152549,0.00161565067765149,0.000478933983193863,-0.000612460742191543,-0.00162161000134459,-0.00258276382217945,-0.00347908497925846,-0.00428395367968396,-0.00502576194946398,-0.00570246086634254,-0.00630629627935633,-0.0068429027852377,-0.00731557987061384,-0.00772621338739919,-0.00807316337203805,-0.00836396270448533,-0.00860326691385882,-0.00878629733433841,-0.00892709380981068,-0.00902015138107639,-0.00907246707558416,-0.0090880768613477,-0.00906885405219579,-0.00901822058961476,-0.00894084966782195,-0.0088370086167065,-0.00871207424515283,-0.0085667633910502,-0.00840497170454364,-0.00822823921734865,-0.00803862500575779,-0.00783755988947189,-0.00762921116548343,-0.00741248326779138,-0.0071893148593783,-0.00696309719241649,-0.0067320207630595,-0.00650081152722214,-0.00626737499551645,-0.00603575218262056,-0.0058031853585775,-0.00557298488963194
0.00901297400880661,0.00954357651921334,0.0100920196604263,0.0106582770454036,0.0112408015580768,0.0118396007549293,0.0124549934387644,0.0130858218952995,0.0137310052487862,0.0143896668615496,0.0150612354081664,0.0157294235217611,0.0164314229334257,0.0171286498303495,0.0178282866139981,0.0185327704371454,0.0192351419179544,0.0199336582813998,0.0206238707626808,0.0213058245818729,0.0219689361908102,0.0226152923179022,0.0232343597733093,0.023825200362501,0.0243830194471693,0.0249028845211878,0.0253754522266316,0.0258017302559925,0.0261663334536263,0.0264773496559289,0.0267159778348182,0.0268879772944903,0.026981914192579,0.0269961253034319,0.0269295406101242,0.0267726218572693,0.0265315002376307,0.0261962867741919,0.0257729954388004,0.025257928603245,0.0246518507629169,0.0239647621535845,0.0231847025709519,0.0223171199071178,0.0213799333131469,0.0203827388395341,0.0193072828810707,0.0181754851638593,0.0169972122407533,0.0157704751380132,0.0145108799367941,0.013232367312033,0.0119392469883996,0.0106454958510483,0.00934582655673089,0.00805860641834393,0.00678933635361811,0.00554417987264162,0.0043328714848594,0.0031590478101469,0.0020195107094282,0.000971938463191995,-6.60299896660751e-05,-0.00103610288433883,-0.00194654239719221,-0.0027906941291944,-0.00357158338669026,-0.0042906464735233,-0.00494487934920742,-0.00553355608376411,-0.00606380118397297,-0.00653362714181844,-0.00694320123299245,-0.00729738503149694,-0.00759788056057849,-0.00784860346775733,-0.0080491417158216,-0.0082050737465376,-0.00831956910888276,-0.00839436266545375,-0.00843267893817979,-0.00843842793244465,-0.00841323258829439,-0.00836112228045031,-0.0082837612750865,-0.00818477638709716,-0.00806534073407054,-0.00792925994747123,-0.00777790303648215,-0.00761271972336195,-0.00743664547227934,-0.00725047568308117,-0.00705643485084153,-0.00685690170001492,-0.0066499695017699,-0.00644081668486371,-0.00622788918424443,-0.00601442268395524,-0.00579917051628722,-0.00558511204372798,-0.00536949416650905
0.00903934532872375,0.00955161667267978,0.0100801780939007,0.010625021850937,0.0111848409681344,0.0117588523778999,0.0123472583427538,0.0129495571612124,0.0135642328246381,0.0141900991745244,0.0148248204089595,0.0154747110739471,0.0161266386605979,0.0167762123906794,0.0174351573837916,0.0180962162101953,0.0187543747710902,0.0194009006746804,0.0200430693648746,0.0206735669133297,0.0212874120588547,0.0218817665430682,0.0224514028258622,0.0229896917472609,0.0234989002356733,0.0239655260034684,0.0243920791920289,0.0247694270527304,0.0250950151858606,0.0253636636047758,0.0255709622004592,0.0257087394618209,0.0257808046205714,0.0257740404938081,0.0256952865407707,0.0255347072885889,0.025291643946409,0.0249681488489405,0.0245566971506304,0.0240687967586557,0.0234958286232766,0.0228497944818555,0.0221160223734979,0.0213054874013196,0.0204286029588096,0.0194969668184466,0.018502391613733,0.0174507539669589,0.0163524530796277,0.01521477683391,0.0140466306605585,0.0128583550065151,0.0116555651953444,0.0104469230052094,0.00924520593459955,0.00803645014678197,0.00686046384839911,0.00570554140125085,0.00456606462541828,0.00346266898372825,0.00239810925864997,0.00138292787888104,0.000415758523425773,-0.000501149045206964,-0.00136753660100859,-0.00217388215256406,-0.00292304128301711,-0.00361411677686084,-0.00425025070342557,-0.00482455417761796,-0.00534267508115862,-0.0058089750899654,-0.00621744643342168,-0.00657725386910686,-0.00688328999999157,-0.00714155203654492,-0.00735545257432835,-0.00752706070392598,-0.00765700417512758,-0.00775054398775627,-0.00780988116893794,-0.00783601592091827,-0.0078342525690594,-0.00780436073199875,-0.00775122515809708,-0.00767530641967909,-0.00758064007609497,-0.00746730693911019,-0.0073404157698633,-0.00719712053466677,-0.00704397615013856,-0.00687982300025736,-0.00670801420327433,-0.00652748892522257,-0.00634279876040509,-0.00615141442323986,-0.00595761777760212,-0.00576150014880088,-0.0055634454162444,-0.00536515551337293,-0.00516554760474769
0.00904834075558875,0.00954296232698581,0.0100526032006924,0.0105767245114733,0.011114233353943,0.0116641917826757,0.0122268162599592,0.0128011177700488,0.0133860232599096,0.0139805664238226,0.0145839970643566,0.0151948470863837,0.0158082048475872,0.0164238214886122,0.0170393739489973,0.0176500596267689,0.0182719202563727,0.0188806278057041,0.0194788315911093,0.0200599712234842,0.0206264704813763,0.021171577924583,0.0216945990156192,0.0221870295411055,0.0226497501235911,0.023072603618506,0.0234558039799386,0.0237935912035814,0.0240792061329031,0.0243137300668994,0.0244894964227588,0.0246014831888489,0.0246520538150607,0.0246308128103309,0.0245398010734359,0.0243759303309389,0.0241351527868407,0.0238217916659503,0.0234297668626438,0.0229608812016618,0.0224201951132325,0.0218050963523976,0.0211211535033477,0.0203675585308865,0.0195426720356066,0.0186723794926472,0.0177464810425311,0.0167705406299126,0.0157482800840363,0.0146857791648242,0.0136072818327222,0.0125004681622773,0.0113777337981502,0.0102758515102254,0.00913390307865688,0.00801519872307351,0.00694968511004923,0.00583759662813445,0.00475730967123164,0.00372043291334873,0.00272237242006375,0.00176519890758476,0.000847121215873454,-2.31402868362077e-05,-0.000844157366520862,-0.00161517165231439,-0.00233420768226809,-0.00300045575006888,-0.00361365977519188,-0.00417361219090601,-0.004680958288837,-0.00513858662509341,-0.00554671702824304,-0.00590398845900966,-0.00621478607189681,-0.00648233280765772,-0.00670582352358983,-0.0068887721210978,-0.0070349391999222,-0.00714409800356322,-0.00722070179297993,-0.00726652480691212,-0.00728364410727432,-0.00727485685658548,-0.00724214585761522,-0.0071876257840387,-0.00711397598586024,-0.00702228969405839,-0.00691637016432809,-0.00679511887775315,-0.00666211495316721,-0.00651895748425779,-0.00636599918551783,-0.00620530848401014,-0.00603827304180969,-0.00586550782653509,-0.00568992173543157,-0.00551027227651853,-0.00532896216072661,-0.00514558246588647,-0.00496144415370811
0.00904375004850154,0.00952063927109841,0.010010996429146,0.0105143086803621,0.0110297673443065,0.011556512416555,0.0120941643412217,0.0126419416274077,0.0131985586108461,0.0137628317929644,0.0143345823259702,0.0149113429893515,0.015491262000422,0.016071520129308,0.016651835649428,0.0172149399465286,0.0178025972071723,0.0183681109177906,0.0189235668962225,0.0194640508184412,0.0199866164931049,0.0204892824375986,0.02096641426723,0.0214174180950013,0.0218357906293877,0.0222202900927509,0.0225642120032291,0.0228673313956725,0.0231181683991291,0.0233232686422106,0.0234707786646121,0.0235604184806137,0.0235915690999534,0.0235589608734514,0.0234572687604408,0.0232930918162931,0.0230556263028077,0.0227510888411041,0.0223765289477882,0.0219303839417716,0.0214177148572265,0.0208378847177784,0.0201913611739832,0.0194926125853641,0.0187120936730947,0.0179016608904696,0.0170402122182624,0.0161310512742465,0.0151793594358205,0.014194943898888,0.0131866771114668,0.012156816149907,0.0111168662120002,0.0100814137565156,0.00901485672257028,0.00795806314490003,0.00691667850985014,0.00593327600774503,0.00494275770232968,0.00394803573576681,0.00300809175632215,0.00210276024420225,0.00123669631586651,0.000411527151856747,-0.000372070761598484,-0.00110662002859145,-0.00179381751471469,-0.00243663139465098,-0.00302926498791517,-0.00357178081217456,-0.00406911375686509,-0.00451849368983981,-0.00492051713913046,-0.00527751145313201,-0.00559089797433928,-0.0058622306602288,-0.00609401539283239,-0.00628785326916018,-0.00644484825010438,-0.00656895546143388,-0.0066600217223587,-0.00672252046319278,-0.00675672613290179,-0.00676685217757537,-0.00675273176370344,-0.00671851613755101,-0.00666381613543268,-0.00659253797628504,-0.00650577717413218,-0.00640421432147004,-0.00629034053920612,-0.00616505414743347,-0.00603180219830048,-0.00588887424376133,-0.00574049580375289,-0.00558471660244181,-0.00542494171701411,-0.00526141417478438,-0.00509592388291216,-0.00492680087074478,-0.00475619985550482
0.00902550575380602,0.00948520418822671,0.00995723112284858,0.0104408418945082,0.0109352499678869,0.0114389665725185,0.0119522135493242,0.0124740346283597,0.0130033940499598,0.0135392016016902,0.0140801655465895,0.0146252186618829,0.015171915052522,0.0157185974470512,0.0162651100175819,0.0168051072712227,0.0173402591309665,0.0178661129532662,0.0183816488275933,0.0188824362330799,0.0193672443557338,0.0198300352843636,0.0202670151401259,0.020680715699982,0.0210604351602234,0.021406362686482,0.0217162939607121,0.0219852284417442,0.0222082650831667,0.0223849364892255,0.0225109520269645,0.0225795282250197,0.0225959721717812,0.0225510778760034,0.0224450038386351,0.022277567193211,0.0220470418295098,0.0217489091271912,0.0213918412817772,0.0209685553159286,0.0204817794166692,0.0199352471638379,0.0193324559944565,0.0186739145237443,0.0179566078210308,0.0171853961702867,0.0163769904166946,0.0155299737888831,0.0146430363402792,0.013728182925309,0.0127831727082706,0.011826506560436,0.0108538179645961,0.00987931258089906,0.00889033571425492,0.00790879271498601,0.00695275069215502,0.00599455015584937,0.00505273986020722,0.00414037615567516,0.00325452140718398,0.00240027245041914,0.00157953297105648,0.000797477113352096,5.44912160392384e-05,-0.000647719683239932,-0.00130623322243946,-0.00192197755039169,-0.00249642686707994,-0.00302432691999965,-0.00350612605689249,-0.00394557305385905,-0.0043435338391293,-0.00469691489160846,-0.00501089616231672,-0.00528677929374946,-0.00552275491967872,-0.00572465481447856,-0.00589199468138522,-0.00602684379920424,-0.00613209951334806,-0.00620817186633445,-0.0062585395861594,-0.00628391963070696,-0.00628679346721776,-0.00626927939907425,-0.0062321343767893,-0.00617819977476524,-0.00610960034210285,-0.00602548393314098,-0.00592971427738028,-0.00582295765131134,-0.00570583110108558,-0.00557978699026616,-0.0054475254189372,-0.00530843248455655,-0.00516421381888752,-0.00501559241891958,-0.00486426608541369,-0.00471039393251629,-0.0045531107396864
0.00899513697859349,0.00943788854963021,0.00989155645018773,0.0103556738524259,0.0108293615025328,0.0113112198382479,0.0118012036146492,0.0122984482872009,0.0128019235204185,0.0133101966897805,0.0138223433655663,0.0143373466003687,0.0148525130175286,0.0153674480048517,0.0158792608818764,0.0163877420694115,0.0168886026921532,0.0173773544494247,0.0178563218218562,0.0183194768598076,0.0187667983634271,0.0191926370554377,0.0195942832994037,0.0199719038339012,0.0203183744806461,0.0206313172828817,0.0209115108267607,0.0211492156151696,0.0213456215644848,0.0214982221016874,0.0216036872680453,0.0216558652736446,0.0216578261009773,0.0216048793022598,0.0214940475357387,0.0213267465237437,0.0211010665352408,0.0208148479598801,0.020470100938739,0.0200684650378691,0.0196077998845922,0.0190903752604605,0.0185182550705182,0.0178969940636119,0.0172323451764565,0.0165120961684412,0.0157527220381468,0.0149629242809058,0.0141373414849439,0.0132821289551886,0.0124022618593943,0.0115068661098671,0.0105979545434991,0.00968395504085176,0.00876493072882006,0.00782304406858451,0.00694096486334752,0.00604882039394866,0.00516853249012258,0.00430871501327932,0.00347320478180624,0.00266651657817004,0.00189163960619785,0.00114757018483781,0.000439540067972087,-0.000229033509474628,-0.000861275795060398,-0.00145396801519612,-0.00200430090898572,-0.00251478671473653,-0.00298464247508577,-0.00341503271583554,-0.0038044839534068,-0.00415528937775982,-0.00446922874895146,-0.00474516283636447,-0.00498731166174727,-0.00519403099820859,-0.00536944632799305,-0.00551391663473365,-0.0056299020580353,-0.00571825428908459,-0.00578205665129702,-0.00582166405816182,-0.00584032912313578,-0.00583818050919404,-0.00581747421057546,-0.00578016368878081,-0.00572688464838402,-0.00565997136698977,-0.00558012587907117,-0.00548905341040345,-0.00538779668484831,-0.00527947704287682,-0.00516194955641401,-0.00503701943674605,-0.00490831410334654,-0.00477375838076871,-0.00463642001961105,-0.0044912679253376,-0.00434902387429324
0.00895394739028909,0.00938013879481127,0.00981599120073635,0.0102610802093567,0.0107145074875049,0.0111750142403133,0.0116423941123898,0.0121159051344241,0.0125944155293308,0.0130768524640077,0.0135616336067708,0.014048068478971,0.0145337781951466,0.0150178925966933,0.0154986457219374,0.0159733817101357,0.0164406596102686,0.0168984572158781,0.017341866044318,0.0177613414546941,0.0181875642813093,0.0185778296708165,0.0189484739626318,0.0192918355086819,0.0196079660643603,0.0198918544706311,0.0201436009511761,0.0203557503514748,0.0205276568203969,0.0206600723484235,0.0207459701843514,0.0207851206436006,0.0207744705694681,0.0207154650784748,0.0206007422773754,0.0204338781573479,0.0202143893017113,0.0199387267632899,0.019606602857109,0.0192246657578304,0.0187897770302172,0.0183003359596916,0.0177635213957187,0.0171782960405763,0.0165591175586915,0.0158870469764601,0.015162444307657,0.0144313804162905,0.0136600346014815,0.0128600573707979,0.0120382706112603,0.011197248322904,0.0103505092850538,0.00949750277965204,0.00863625246578709,0.007782477523129,0.00692894366266486,0.00608584925789472,0.0052585875754036,0.00444900259598,0.00366277448974062,0.00289981245007051,0.0021657064034857,0.00146122408233051,0.000787320576748967,0.00015020118189317,-0.000457869089134712,-0.00102333535089455,-0.0015560717539945,-0.00205033162572082,-0.0025046934359235,-0.00292456872399537,-0.0033074974336207,-0.0036526440746085,-0.00396432935322555,-0.0042406362035623,-0.0044847224860744,-0.00469719386423833,-0.0048784359672878,-0.00503173580217894,-0.00515664470982922,-0.00525636320148303,-0.00533143723423432,-0.00538359668638658,-0.00541524802619675,-0.00542643793554081,-0.00541970955142285,-0.00539700649997986,-0.00535788196495074,-0.0053062329916259,-0.00524173237998242,-0.00516635982686411,-0.00508004487740722,-0.00498554583311161,-0.00488196889544835,-0.00477235528655457,-0.00465688967834343,-0.00453649406838174,-0.00441223963994012,-0.00428837634005161,-0.00415393822658504
0.0089029150386425,0.00931316766528803,0.00973196405170699,0.0101587148167885,0.0105926872095023,0.0110328726473946,0.011478654329175,0.0119293337032869,0.0123838621680849,0.0128413077039693,0.0133001276161188,0.0137592210710667,0.0142175983552773,0.0146725003193871,0.0151230829893124,0.0155686778019505,0.0160060890921281,0.0164324630684312,0.0168391525411171,0.0172379814455882,0.0176201838535035,0.0179862627337106,0.018328349550495,0.0186425125565573,0.018929470115311,0.0191865882549057,0.0194122827559957,0.0196019904990589,0.0197530075487679,0.0198674403317146,0.0199366276403631,0.0199624514559346,0.0199429085198016,0.0198770836081224,0.0197612435714464,0.0195937463777707,0.0193815376025339,0.0191159096984045,0.0188015493862016,0.0184335649427683,0.0180242403268472,0.0175628274203617,0.017057866748131,0.016506017517963,0.0159151150519802,0.0153093494957367,0.0146323087068942,0.0139758199635857,0.0132071272134032,0.012458731804008,0.0116890354210769,0.01090554932597,0.0101091831015971,0.00931247212182402,0.00850464788043086,0.00769856005116409,0.00690127807022695,0.00611030415024513,0.00533264374826567,0.00456990062721193,0.0038268953513114,0.00310619381520721,0.00240873858663156,0.00174100023593164,0.00109999702144079,0.000490031988426388,-8.70847007609219e-05,-0.000632544684688141,-0.00114375413485154,-0.00161960950445125,-0.00206289771515309,-0.00247110581950961,-0.00284428216549899,-0.00318665508882574,-0.00349341253980941,-0.00376988058476118,-0.00401458777234544,-0.00422968126915175,-0.00441610779119289,-0.00457516084092651,-0.0047078930097846,-0.0048165692909187,-0.00490154052599692,-0.00496533314208481,-0.00500920517786236,-0.00503292313861414,-0.00503944793204341,-0.00502978895941106,-0.00500490217591804,-0.00496624707733105,-0.00491602978055815,-0.00485322632495649,-0.00478119804479074,-0.00469906919670853,-0.00461013396218286,-0.00451300693195318,-0.00441072173812354,-0.00430266909628144,-0.00418950084259555,-0.00407261247970856,-0.00395276241501763
0.00884423602697342,0.00923846319771172,0.00964026326406477,0.010049038895319,0.0104642559358814,0.01088476561912,0.0113098958978725,0.0117389191177571,0.0121708879756727,0.012604735827277,0.0130389356302717,0.0134725524418673,0.0139049609827551,0.0143330238664108,0.0147561550125957,0.0151723844674044,0.0155806392770118,0.0159721494766567,0.0163533364456253,0.0167319628130099,0.0170901760333592,0.0174185909275955,0.0177338532071218,0.0180209599738021,0.0182834574426134,0.018515233531565,0.0187163100055595,0.018885527688822,0.0190183440964252,0.0191154645024743,0.0191716586577705,0.0191858127082039,0.0191593519348457,0.0190874514065576,0.0189724123420102,0.0188067155258368,0.0186002923685862,0.0183398800439332,0.0180440343194615,0.0176804400541401,0.0172879030687795,0.0168709101517457,0.0163997133203122,0.0158716841006314,0.0153233625222178,0.014726276051837,0.0140883469401626,0.013453362611306,0.0127762568841319,0.0120776991208925,0.0113587416912122,0.0106237982156024,0.00987835990664076,0.00912926786911391,0.00837307607547564,0.0076171510639138,0.00686652173209116,0.00612275189301185,0.00539050771793293,0.00467221284014384,0.00396991042033442,0.00328963361137872,0.00262975739728651,0.00199334000021137,0.00138260272495283,0.000801010163890234,0.000249021475714165,-0.000273200626553108,-0.000764930538438089,-0.00122450465329525,-0.00165325288965184,-0.00205048551152767,-0.00241566848993177,-0.00275036212607069,-0.00305429842096211,-0.00332857229305736,-0.00357429307284066,-0.00379106630751283,-0.00398171034689699,-0.00414579794632782,-0.00428540041025889,-0.00440192076331833,-0.00449533489307091,-0.00456866105757577,-0.00462186199390148,-0.00465624561262312,-0.00467387193651264,-0.00467623249087451,-0.00466395409052955,-0.00463783922698168,-0.0045998007247504,-0.00455021096034509,-0.0044904157425883,-0.00442175947369685,-0.00434504693009305,-0.00426003839624854,-0.00416930529290974,-0.00407289204777138,-0.00397040165022636,-0.00386503575488194,-0.00375730840813035
