0.0757262173327077,0.0746351294785724,0.0734725988281847,0.072235212078997,0.0709300212512196,0.0695318293869105,0.0680717478253893,0.0665244336272049,0.0648777852672483,0.0631550998570481,0.0613584596796643,0.0594539029637904,0.0574773394434231,0.0554090054669338,0.0532503485893545,0.0510170863946217,0.0486963941297461,0.0462907661474194,0.0438033296913646,0.0412386709099717,0.0385912797186907,0.0357727924052019,0.0331200136325707,0.0302480323739839,0.0273368833822954,0.0243689812777483,0.02134577532196,0.0182783779445394,0.0151862983982838,0.0120503771974512,0.00890167065675807,0.0057309558335079,0.00253596147680461,-0.000635974768722569,-0.00380878871991136,-0.00697017985604563,-0.0101228078646844,-0.0131794869729367,-0.0162882803168202,-0.0193093532566351,-0.0222957434502852,-0.0252095142931895,-0.0280617516169149,-0.0308594961909982,-0.0335707625273122,-0.0361977031877044,-0.0387394898326266,-0.0411965800595136,-0.0435546125227578,-0.0458197475343829,-0.0479878881215757,-0.0500572545019149,-0.0520185314788565,-0.0538839462259272,-0.0556451137818991,-0.0573048663580554,-0.0588686949906381,-0.0603314760678849,-0.0617019456178665,-0.0629785842006089,-0.0641633770796239,-0.0652670366327551,-0.0662835688203571,-0.0672290392831971,-0.0680962562691385,-0.0688993081530904,-0.0696337546749056,-0.0703126702725521,-0.0709328618566891,-0.0715058781266505,-0.0720290485836608,-0.0725176570401175,-0.0729634249540283,-0.0733823433405293,-0.0737638788134351,-0.0741260762226013,-0.0744636442534598,-0.0747833365208365,-0.0750891799136898,-0.0753808218694441,-0.0756629351353614,-0.0759405200651778,-0.0762057237061512,-0.0764654886891468,-0.0767198610756495,-0.0769654477447745,-0.0772063043894982,-0.0774487381805195,-0.0776903561394771,-0.0779345830378996,-0.0781822643506066,-0.0784325561281279,-0.0786895464736741,-0.0789518732339318,-0.0792202502161398,-0.0794928886087075,-0.0797690935484118,-0.0800488884868779,-0.0803386287110655,-0.0806265503206413,-0.0809227334437418
0.0777197964565914,0.0766312511268432,0.0754672650170387,0.0742241941404129,0.0729060109720883,0.071500316349024,0.0700309017567398,0.0684597234914056,0.0667937368813423,0.0650461185528574,0.0632132547016781,0.0612805944633531,0.0592637376600135,0.057145796175828,0.054945100375755,0.0526579467654826,0.050277847010608,0.047801186385199,0.0452429377312927,0.0426045825097113,0.0398841394117048,0.037069094324706,0.0342073763910684,0.0312658938190009,0.0282570565421179,0.0251915410209239,0.022068699690449,0.0189014712167339,0.0156882657654717,0.0124573698141962,0.00919786788098491,0.00588032352458216,0.00257467069317761,-0.000724889444851505,-0.00402023340361435,-0.00729293651518765,-0.0105444090853754,-0.0137623544371112,-0.0169605471515837,-0.0201022248960074,-0.0231903845912731,-0.0262112648046107,-0.0291679726280989,-0.0320511987499433,-0.0348452093503721,-0.0375585985628121,-0.0401767649685595,-0.0427030208463652,-0.0451299037194257,-0.0474468750581898,-0.0496685391952862,-0.0517771848724528,-0.0537771284034135,-0.0556713442030982,-0.0574566466695983,-0.0591306534874478,-0.0607038698440862,-0.0621717164173638,-0.0635374785073925,-0.0648083903163696,-0.0659793495703584,-0.06706902266069,-0.068067628126616,-0.0689895822806914,-0.0698324637329809,-0.0706031780537296,-0.0713104025671804,-0.0719554140163918,-0.0725472919944431,-0.073082899239253,-0.073576495497667,-0.0740267514230891,-0.0744402386153244,-0.0748224267937235,-0.0751800826768957,-0.0755069005369849,-0.0758157767802324,-0.0761071900163999,-0.0763858512457887,-0.0766526752247819,-0.0769116286545022,-0.0771642083847181,-0.0774151337511176,-0.0776561279475419,-0.0778946306664495,-0.0781267032815473,-0.0783578519052468,-0.0785890069803889,-0.0788233195503054,-0.0790604180772141,-0.0793016892721048,-0.0795485374595793,-0.079801349942648,-0.0800610619043612,-0.0803266687271437,-0.0805977531246585,-0.0808717417610382,-0.0811498765617042,-0.081431121042611,-0.0817192053498609,-0.0820079117742425
0.0797745279682024,0.0786899123629757,0.0775250783588005,0.0762841855584798,0.0749550037081033,0.0735437697256208,0.0720629109420128,0.0704730816039739,0.0687883061743916,0.0670160859133343,0.0651537364279287,0.0631845523074502,0.0611326313957681,0.0589680045775817,0.0567208792640741,0.0543779284764697,0.0519297363823689,0.0493928034483969,0.0467610013686233,0.0440447269965564,0.0412340993292611,0.0383480622961371,0.0353793192545546,0.0323332683890786,0.0292278042635167,0.0260521092009412,0.0228398808227229,0.0195454256523445,0.0162122494974588,0.0128515311899192,0.00948200432447803,0.00602990470153831,0.00260520211992531,-0.000826759111747664,-0.00424488069281743,-0.00765083593774695,-0.011024238175645,-0.0143642545388831,-0.01766519067894,-0.020926375544276,-0.0241349250074879,-0.027273512719553,-0.0303306605039503,-0.0333077888588536,-0.0362061573220653,-0.0390042612273801,-0.0417102153885653,-0.0443071118585345,-0.0468054284343799,-0.0491829509326928,-0.0514525438190479,-0.0536016844908241,-0.0556397047945555,-0.0575599679737505,-0.0593631970710095,-0.0610562066793564,-0.0626348980523371,-0.0641070496548422,-0.0654666155107755,-0.0667271380830653,-0.0678856105093543,-0.0689518195159471,-0.06992862995658,-0.0708190391008314,-0.0716345972945327,-0.0723715287712155,-0.0730474236424519,-0.073656516921549,-0.0742084589693103,-0.0747081793306533,-0.0751632549935731,-0.0755745917925488,-0.0759506412513255,-0.0762939602727842,-0.0766147851970647,-0.0769087650785753,-0.0771865224060459,-0.0774455419721739,-0.0776951847321793,-0.0779337161365702,-0.0781706425495669,-0.0784008623903542,-0.0786267903183046,-0.0788527182440439,-0.0790722919021475,-0.0792909684547002,-0.0795103993892835,-0.07973195523622,-0.0799574508866914,-0.0801880887725044,-0.0804248986483829,-0.0806671136048201,-0.0809179937217098,-0.0811748209502779,-0.0814377678328377,-0.0817077362164917,-0.0819798399691782,-0.0822563397627631,-0.0825358350658191,-0.0828219902927622,-0.0831056106725642
0.0819078815292308,0.0808257244991488,0.0796600557765055,0.0784237451835792,0.0770820000693204,0.0756720045222139,0.0741736173599566,0.0725672191315185,0.0708616439842489,0.0690703852019157,0.0671776506942209,0.0651744144500271,0.0630777056584443,0.0608745351686426,0.0586828639552237,0.0561888380460632,0.0536678362486282,0.0510608751039198,0.0483563779666407,0.0455631457485925,0.0426735886748509,0.0396851112924954,0.0366251030146466,0.0334825887516488,0.030244796673884,0.027018484125036,0.0236499817406543,0.0202312400795389,0.016772844424054,0.0132831248275012,0.0097599101582196,0.00619861056345879,0.0026389083716034,-0.000921984529244475,-0.00447397619615759,-0.00802099960435786,-0.0115307098169996,-0.0150138690866906,-0.0184322316910776,-0.0217986699440726,-0.0251433814055658,-0.0284042775592677,-0.0315732121432079,-0.0346658039284246,-0.037670579582267,-0.0405539950252905,-0.043345399260108,-0.0460160655600689,-0.0485816291851361,-0.0510223368326198,-0.0533461192475299,-0.0555439110234946,-0.0576160722179796,-0.0595647893194318,-0.0613923807759659,-0.0630959210435871,-0.0646784448292874,-0.066144882001249,-0.0674946292078861,-0.0687357691613964,-0.069876747171211,-0.070916134016869,-0.0718653676451459,-0.0727224766969128,-0.073503687913338,-0.0742048892860247,-0.074838363223693,-0.0754044756432969,-0.0759148554765891,-0.0763721274957187,-0.0767824513079712,-0.0771526625416495,-0.0774856927875368,-0.0777929109329419,-0.0780696753756677,-0.0783280172829525,-0.0785672019552165,-0.0787951157021972,-0.0790130618341816,-0.0792253280043757,-0.0794315885584348,-0.0796405852806911,-0.0798428352552985,-0.0800484578811423,-0.0802530244789598,-0.0804587059141453,-0.0806651502547532,-0.0808780223022681,-0.0810966868769602,-0.0813214563910647,-0.0815540873919532,-0.0817972267209616,-0.0820440752131381,-0.0822988257292964,-0.0825588720724272,-0.0828276478829419,-0.0831035331428021,-0.0833854017234287,-0.0836409393110076,-0.0839427241076566,-0.0842333813598447
0.0841197772793301,0.0830445039326519,0.081875813320492,0.0806428904357308,0.0792968661682371,0.0778907686504081,0.0763776921641653,0.0747577554176737,0.0730386451133572,0.0712167871529781,0.069284550192047,0.0672452090099765,0.0651849586441204,0.0628671759130033,0.0605032836278634,0.0580419650078534,0.0554869233945558,0.0528135080356307,0.0500375820948483,0.0471588675869937,0.0441754325569378,0.0411042651766789,0.037946328889033,0.0347006707221685,0.0312307960254085,0.0279975776627787,0.0244930166928653,0.0209558174494881,0.0173725648020508,0.0137455850726184,0.0100736308830193,0.00638924203611206,0.00267856762152805,-0.00102854469355008,-0.00473409871279639,-0.00842240187437398,-0.0120764455822737,-0.0156900706971103,-0.0192558360561462,-0.0227676281295133,-0.0262244003940307,-0.0295703725974146,-0.0328222310414154,-0.0360297806633181,-0.0391793325098316,-0.042220081540088,-0.0450802935514112,-0.0478477224988777,-0.0504870543981641,-0.0529934950587861,-0.0553697333594722,-0.057607468149166,-0.0597135780781472,-0.0616881151358891,-0.0635279154965055,-0.0652392667080456,-0.0668222727420407,-0.0682817403611258,-0.0696193448017247,-0.0708433361000367,-0.0719588752741163,-0.0729687456815388,-0.0738833358434047,-0.0747009887550356,-0.0754356212828567,-0.0760912982256387,-0.0766753949790399,-0.0771965241276733,-0.0776560633390673,-0.0780669336269354,-0.0784310482478347,-0.0787571120870038,-0.0790461796853559,-0.0793033193772121,-0.0795365370776723,-0.0797532669060722,-0.0799566588360254,-0.0801527863738884,-0.0803373545046415,-0.0805184920922284,-0.0806971832885796,-0.0808797984671488,-0.0810607981533712,-0.0812454152488633,-0.0814355300805732,-0.0816272337980023,-0.0818248526291386,-0.0820283769714935,-0.0822423125872029,-0.0824649000063437,-0.0826959208062192,-0.0829379863838322,-0.083184093938915,-0.0834379773961729,-0.0837009529785867,-0.0839678822250144,-0.0842393274251474,-0.0845238629724622,-0.0848023846753157,-0.0850754359204333,-0.0853549632906898
0.0864029953322584,0.0853379786229056,0.0841757871645188,0.0829409688633271,0.0816027604619314,0.0801895787988185,0.0786662431652992,0.0770327510745997,0.0753039369733983,0.0734513357231231,0.0714914782167322,0.0694065122086249,0.0672384165035984,0.0649571722414294,0.0625569845729916,0.0600258491240418,0.057398088079507,0.0546553543370867,0.0518021040338034,0.0488428894369416,0.0457720518242169,0.0425992939132315,0.0393286793081028,0.0359705154207143,0.0325084729811996,0.0289952227288033,0.0254191282030181,0.0216911693824578,0.018004391813492,0.0142456868556187,0.0104250343363222,0.00658016412615767,0.00272252854313274,-0.00114053348095653,-0.00500388554706193,-0.00885069889277277,-0.0126601353443874,-0.0164290460805531,-0.0201478653972265,-0.0238038498969008,-0.0274050127090077,-0.0309234356843137,-0.0343864040753614,-0.0377047900501594,-0.0408025040594283,-0.0439508701677293,-0.0469499807411415,-0.0497850147588334,-0.0524946439866234,-0.0550786250655623,-0.0575010421625388,-0.0597856461121074,-0.061929085220471,-0.0639266946855622,-0.0657831527411519,-0.0675024810232134,-0.0690818073830966,-0.0705309049175718,-0.0718482293467719,-0.0730429223836158,-0.0741257943987616,-0.0750956022440366,-0.0759669786244524,-0.0767412728782515,-0.0774279936587363,-0.0780346774929561,-0.078564386880699,-0.0790331279653289,-0.0794389235633831,-0.0797955340175909,-0.0801078660585636,-0.0803772159526577,-0.0806146940799127,-0.0808268372844971,-0.0810151957191732,-0.0811916950835519,-0.0813548937693373,-0.0815088466672135,-0.0816579267595926,-0.081808963265171,-0.0819584829309202,-0.0821169738064054,-0.0822762349850084,-0.0824455479956323,-0.0826171425368774,-0.0827976030895552,-0.082988632194324,-0.0831863895210528,-0.0833978031361709,-0.083619009061429,-0.0838514491940176,-0.084093989196332,-0.0843411943827181,-0.0845983092242899,-0.0848583756496648,-0.0851246825031595,-0.0853965335906561,-0.0856724149696395,-0.0859612322508218,-0.0862584737741821,-0.086480116495704
0.0887665408669775,0.0877136353380688,0.0865602210326513,0.0853273472880548,0.0839920551015669,0.0826730427778495,0.0810319150951879,0.079402285022288,0.0776579137399087,0.075788044337191,0.0738048310404872,0.0717069241516569,0.0694890033224688,0.0671525626647091,0.0647023679091265,0.062114742806791,0.0594176952975073,0.0566011690288614,0.053664038749485,0.0506099851205696,0.0474465846207715,0.044179918425454,0.0407974161094971,0.0373182671974275,0.0337454089593237,0.0300740007875495,0.0263688359436218,0.0225982956948458,0.0186954724313647,0.0147693464231757,0.0107845985601101,0.00678426791941525,0.00275983518750575,-0.00126699145431582,-0.00529726377459367,-0.00930604371138458,-0.0132883433092343,-0.0172179535389265,-0.021096887429435,-0.0248624565976866,-0.0286771954922542,-0.0323338355523522,-0.0358878067855911,-0.0393190216052915,-0.0426715609063934,-0.0458680737891289,-0.04892420014392,-0.0518533330623224,-0.0546255966713057,-0.0572945913809851,-0.0597735058248483,-0.0621046390807883,-0.0642755694649162,-0.0662934501647699,-0.0681608378249529,-0.0698766489049261,-0.0714490383869936,-0.0728817578286431,-0.0741726706182277,-0.0753389357860308,-0.076382157641724,-0.0773090209217861,-0.0781298529919425,-0.0788528032244513,-0.0794812064111551,-0.0800317936746648,-0.0805036842595512,-0.0809090855091704,-0.081256469216945,-0.0815541823061088,-0.0818047334107318,-0.082018173866635,-0.0822047782884847,-0.0823644118344968,-0.0825042565239455,-0.0826335073329183,-0.0827514430018986,-0.0828650780444642,-0.0829790331874866,-0.0830966534600658,-0.0832211747549595,-0.0833499032484203,-0.0834887149829529,-0.0836397811071067,-0.0837996334031239,-0.0839684816460927,-0.0841514209888677,-0.0843492938755316,-0.084558461421209,-0.0847806960976867,-0.0850162440093784,-0.0852574882856706,-0.0855114879544092,-0.0857721885154898,-0.0860371008926862,-0.0863070120615629,-0.0865792269372088,-0.086839593286546,-0.0871349871760501,-0.0873888797182584,-0.0876788832818621
0.0912257071925699,0.0901839633130851,0.0890360363301078,0.0878047233222909,0.0864640745122679,0.085299548379944,0.0835295269094757,0.0818900285352262,0.0801277539377291,0.0782063646206942,0.0762295443062311,0.074096913815438,0.0718404246171408,0.0694591736269232,0.0669458521861776,0.0643028457405769,0.0615399219496329,0.0586487905847074,0.0556290996465584,0.0524845085633949,0.0492237693187466,0.0458446103410718,0.0423518928845546,0.0387502499402049,0.0350513722882929,0.0312494345415345,0.0273692055570283,0.0234223577201081,0.0194012449227725,0.0153399418049461,0.0111521717169069,0.00699745585881608,0.0027962621177849,-0.00140753760034967,-0.00561950233395775,-0.00979961949709151,-0.0139572297161886,-0.0180588403511137,-0.0221157651798593,-0.0260838250753585,-0.0299788907398159,-0.0338180571740901,-0.0375155259737832,-0.0410888899061162,-0.0446033990927688,-0.0479271771716719,-0.051045961294592,-0.053962757451657,-0.0569379026391538,-0.0596443356894833,-0.0621670685385868,-0.0645566996386485,-0.0667549898582398,-0.0688005739883584,-0.070679357040871,-0.0723900828008634,-0.0739539140038153,-0.075358553096042,-0.0766173964556226,-0.0777467122579891,-0.0787406367056513,-0.0796156047171457,-0.0803756772247049,-0.0810407622439681,-0.0816026360734954,-0.0820839399793447,-0.0824904974170585,-0.0828278335596042,-0.0831107053953818,-0.0833395697374736,-0.0835307747878119,-0.0836806154333377,-0.0838071545795283,-0.0839064817627124,-0.0839931883828722,-0.08407001615478,-0.0841413625745407,-0.0842141322612785,-0.0842905086578548,-0.0843747869394889,-0.084465978716959,-0.0845708932647531,-0.0846910218145577,-0.0848217983008055,-0.084967120707978,-0.0851303164851089,-0.0853094715964441,-0.085505132725479,-0.0857163632535065,-0.0859403255200252,-0.0861781286645499,-0.0864313320432349,-0.0866911728240238,-0.0869585329196162,-0.0872409593028962,-0.0875152282267143,-0.0877932517886957,-0.0880731329296383,-0.0883399548980956,-0.088686047953956,-0.0889462771092061
0.0937569695507655,0.0927234290337539,0.0916053229375883,0.0903723277529338,0.089040976178334,0.0876472809461462,0.0861099430665243,0.084452956697752,0.0826860306941198,0.0808612095630802,0.0788267592494696,0.076610815150958,0.0743073394129788,0.0718742317678254,0.0693109169840071,0.0666120460268487,0.0637803726875142,0.0608128456681723,0.057708804459298,0.0544725584627362,0.0511071646667072,0.0476164027609019,0.0440029169303234,0.0402724836867949,0.0364330040881552,0.03249071491393,0.0284680578504938,0.0243584324348092,0.0201625363594751,0.0159186540119919,0.0115756759417438,0.00722608384505322,0.00284574439180305,-0.00154546888710468,-0.00594228411252913,-0.0103166555757359,-0.0146714749314269,-0.0189637190491475,-0.0231981178931998,-0.0273661915984163,-0.0314465238925623,-0.0354210425633881,-0.039273541454787,-0.0430098805186662,-0.0465922305800407,-0.0500378950102163,-0.0533282302992585,-0.0564561744933112,-0.059413583568103,-0.0620710759371696,-0.0647184895336406,-0.0671662569068546,-0.0694139952006388,-0.0714539928493701,-0.0733351976112803,-0.0750499289255411,-0.0765976034814038,-0.0779673754763801,-0.0791948039335773,-0.0802743486616665,-0.0812136862589225,-0.0820343326499778,-0.0827225448920944,-0.0833150622202342,-0.0838084525890339,-0.084206851001994,-0.0845451353794257,-0.0847968759268715,-0.0850057205767009,-0.0851541833261088,-0.08527216884372,-0.0853536896656629,-0.0854120531316637,-0.0854491926287972,-0.085479349032438,-0.085499755185151,-0.0855227162458099,-0.0855475085992573,-0.0855814486572335,-0.0856256279101559,-0.0856875868946951,-0.085764956803831,-0.0858618843750067,-0.0859784311062821,-0.0861133024111019,-0.0862702664297839,-0.0864487397403529,-0.0866474920304031,-0.086862985730466,-0.0870989123410512,-0.0873491578996212,-0.0876198508910163,-0.0878729316023367,-0.0881686933952919,-0.0884625259155076,-0.0887668895088335,-0.0890869920801734,-0.089407535543215,-0.0897415627122737,-0.0900671046604548,-0.0903909494495574
0.0963793817272353,0.0953670566505549,0.0942716143913244,0.0930545260008234,0.0917407463778137,0.0903530599129461,0.0888116306380859,0.0871501832324064,0.0853415312137046,0.0834894555061676,0.0814324956410751,0.0792399377508792,0.0768968530395995,0.0744276543847798,0.0718149646127823,0.0690570907399287,0.0661560874677789,0.0631117541664606,0.0599227340236245,0.0565903599948015,0.0531179356562807,0.0495110514169949,0.0457720082553529,0.04190821539816,0.0379266890627537,0.0338296388719425,0.0296525798415592,0.0253459335945472,0.0209834547091139,0.0165370678520984,0.0120321867872027,0.00747724213271265,0.00289930349988383,-0.00169160847324543,-0.00629559233637599,-0.0108800333009502,-0.0154212874384265,-0.0199251630154183,-0.0243546705566006,-0.0287186778336555,-0.032993038277547,-0.0371502378081312,-0.0411688214113166,-0.0450117511976608,-0.0487552136224509,-0.052379229976811,-0.0557810248142086,-0.0590147571616833,-0.0620619055587532,-0.0649007585855561,-0.0675200732677723,-0.0700126597631043,-0.0722765258354214,-0.0742484194131178,-0.0761825937174775,-0.0779133415641228,-0.0794072001837755,-0.0807534772903833,-0.0819288677998738,-0.0829429136071689,-0.0838220648192937,-0.0845589415547876,-0.0851801872517257,-0.0856764396950569,-0.0860893901021776,-0.086402375702322,-0.0866430827051486,-0.0868139536260719,-0.0869277339229299,-0.08700072356598,-0.0870295983428158,-0.0870332953118633,-0.0870121426360298,-0.0869867419834079,-0.0869471426096117,-0.0869149248278441,-0.0868777940777788,-0.086855890128495,-0.0868417025729077,-0.0868497285275198,-0.0868775668023783,-0.0869298377750641,-0.0870073499982908,-0.0871090567844724,-0.0872366052841657,-0.0873885781127505,-0.0875702166569871,-0.0877733091173213,-0.0880007309953645,-0.0882486708937239,-0.0885326668176951,-0.0887972390775161,-0.0891527091992242,-0.0894643715482435,-0.08981496963987,-0.0901506809468797,-0.0905405564834939,-0.0909102433995125,-0.0912477806505949,-0.0915695566273531,-0.0918640724461721
0.0990932275462699,0.098106496379478,0.0970360745356702,0.0958406654540457,0.0945381468395849,0.0931308172159607,0.091724483305401,0.0899029696090581,0.0881087049716007,0.0863288776681347,0.0842109148409302,0.081984467612362,0.0796227781658468,0.0771127095712578,0.0744516306477673,0.0716364468055008,0.0686684885873074,0.0655481895445221,0.0622722879802907,0.0588419555558825,0.0552607797862359,0.0515327508250204,0.0476653468426105,0.0436625950944648,0.0395344113941896,0.0353067674434178,0.0310149852578495,0.0264952220475812,0.0218775468974862,0.0171871587119939,0.0125262156591857,0.00776548135714926,0.00297684661721922,-0.00184134620439311,-0.00666281465605481,-0.0114606344959982,-0.0162238496607887,-0.0209317345384016,-0.0255936678925357,-0.0301498380064009,-0.0346060198049341,-0.0389967625385455,-0.0431845959293642,-0.047229412569121,-0.0511887596793339,-0.0549022360410537,-0.0584303476156961,-0.0617642365002951,-0.064912247533386,-0.0678342769582364,-0.0705384397027692,-0.0730224329485081,-0.0752642305272347,-0.0773030910066336,-0.0792922658530402,-0.0809408749101664,-0.0822925585686146,-0.0836861569342882,-0.0848108177426037,-0.0857543731145875,-0.0865574805171783,-0.087215072769405,-0.0877402164397954,-0.0881432470324414,-0.088449988834741,-0.0886665206483218,-0.0887996243624272,-0.0888761343850362,-0.0888871839275592,-0.0888690274718122,-0.0888036038335324,-0.0887227743874346,-0.0886212716141402,-0.0885136842599831,-0.0884093775162429,-0.0883024694154459,-0.0882109740120066,-0.0881342869207878,-0.0880785395328819,-0.0880449255632347,-0.0880388616807981,-0.0880622258939038,-0.0881222053417557,-0.0882135820887257,-0.0883377542032766,-0.0884936649971271,-0.0886726276237644,-0.0889183653153607,-0.0890791471850487,-0.0894322952466656,-0.0897923543313464,-0.090153321064087,-0.0904931261685547,-0.0909386228811045,-0.0913432332588124,-0.0917415634027514,-0.0921228313255926,-0.0924811954935034,-0.092806177350135,-0.0930904674628877,-0.0933277590078938
0.101905021808447,0.100951732711847,0.0999072617484186,0.0987317558541163,0.0974432592391216,0.0960433533364736,0.0945576601022362,0.0928900021174404,0.0910807798404041,0.0891522504831383,0.0870870228640076,0.0848526359547926,0.0824728542353321,0.0799242364490246,0.0772153818682269,0.0743429730174079,0.0713061437143536,0.0681073146532586,0.0647421384840164,0.0612121741957643,0.0575202477751547,0.0536708291278207,0.0496697894020586,0.0455217246683663,0.0412367597480549,0.0368072002527063,0.0322771749489802,0.027606124835752,0.0228607196478214,0.0179029229924287,0.0130737486801849,0.00808205751895149,0.00307490860218266,-0.0019783161534227,-0.00702706360662063,-0.012067299522049,-0.017070041110238,-0.0220137607554287,-0.02691768101148,-0.0317230292845588,-0.0364304120292648,-0.0409917275251979,-0.0453604510140152,-0.0496105415557866,-0.0536899718935183,-0.0575822073576972,-0.0612414515164354,-0.0647054751305559,-0.0679483552136451,-0.0709505786206507,-0.0737099232634746,-0.0762295143526217,-0.0784937731535064,-0.0806906199721059,-0.0827569932617516,-0.0841792115083759,-0.085481298639845,-0.0867987929603057,-0.0878255394992198,-0.0887125843734271,-0.0894088045080513,-0.0899702859031874,-0.0903854333215728,-0.0906950416375595,-0.0908950011091692,-0.0909949211336498,-0.091021296365735,-0.0909820757323034,-0.0908913597478636,-0.0907574642291593,-0.0905975168736589,-0.0904121268183854,-0.0902278150594159,-0.0900342524079277,-0.0898532131819126,-0.0896719022374356,-0.0895157590792368,-0.0893833809656682,-0.0892775040680559,-0.0892052553940633,-0.0891649140503593,-0.0891659300063275,-0.0892033110765697,-0.0892992543151929,-0.0894158071829043,-0.0895965416993498,-0.089801287861951,-0.0900852553798621,-0.0904175882279937,-0.0908149488500583,-0.0912409147050735,-0.0916689795253184,-0.0921144572121705,-0.0925575150244826,-0.0929813350306143,-0.0933801351619301,-0.0937178058359961,-0.0940793967619392,-0.0943474836092376,-0.0945525662445039,-0.0946898010095324
0.104827555762968,0.103902004015325,0.102886831660968,0.101734015883091,0.100482815682044,0.0991100358340706,0.0976184838116453,0.0959621772101288,0.0941865538014527,0.0922273697256525,0.0901353511222294,0.08786922785822,0.0854681404804069,0.0828826775526322,0.0801279447749444,0.0771988876021479,0.0740932098851987,0.0708157271428285,0.0673603325236386,0.0637279656761791,0.059922144129369,0.0559465282482804,0.0518047933351386,0.0475025381230732,0.0430429792513361,0.0384356820881473,0.0337107261027085,0.0288365443015751,0.0238752727061949,0.0187898247515232,0.0136405548968869,0.00843058178002137,0.00316467312838053,-0.00213864088550276,-0.00744685958884589,-0.0127352480769699,-0.0179887428197814,-0.0230327012584951,-0.028296538151197,-0.0333886024634372,-0.0381840278611732,-0.043102892349974,-0.0477041652372704,-0.0521420157042835,-0.0564180982514137,-0.0604567270206737,-0.0642784715196648,-0.0678500201803603,-0.0712272522315555,-0.0742986864190785,-0.0771270441529891,-0.0796880114848213,-0.0820182578515791,-0.084139710643415,-0.0859678821023684,-0.0875338231711939,-0.0889242031710143,-0.0899891516545639,-0.0909817529321578,-0.0917823862476438,-0.092399810677494,-0.0928441314997521,-0.093154184963483,-0.0933294474872135,-0.0934110457740721,-0.0933779089309409,-0.0932895933557561,-0.0931225218226833,-0.0929124774924133,-0.092665349999313,-0.092390685623042,-0.0921063300017814,-0.0918179457767614,-0.0915361048018163,-0.0912636641521238,-0.0910093811159639,-0.0907833907862844,-0.0905776302343549,-0.0904320536065842,-0.0903017931448007,-0.0902299472918362,-0.0902292250754977,-0.090206671565612,-0.0903114725098801,-0.090499611311256,-0.0907547299310905,-0.0910089159422235,-0.0914433172136655,-0.0918671607569232,-0.0923311981520049,-0.0928165869313159,-0.0933113399036198,-0.0938065957741712,-0.0942806918469438,-0.0947174379361276,-0.0951083034324349,-0.0954365224698309,-0.0956798955423071,-0.0958459539968806,-0.095928098811686,-0.0959236723255423
0.107849563906294,0.106959728449682,0.105978793730181,0.104864531653329,0.103634466484707,0.102279832953864,0.100828957428699,0.0992530221142716,0.0973981141774624,0.0954446841956,0.093335613093498,0.0910665181527218,0.0886286854029334,0.0860099044876941,0.0832115459864635,0.080227514651302,0.0770553072393711,0.0736971185069804,0.0701506284073431,0.0664152396492293,0.062492831152232,0.0583859035612458,0.0540983491842763,0.0496360192059783,0.0450038133463431,0.0402220641354266,0.0352786918215803,0.0301876136134966,0.0249777508832198,0.0196751124831651,0.0142750495186718,0.00880502821314015,0.00327239821296056,-0.00230636242528905,-0.0078877224939209,-0.0134646222024457,-0.0190478148736121,-0.0245756918356959,-0.0297265174099264,-0.0351731630141851,-0.0403524491971281,-0.0453776891185023,-0.0502244592124625,-0.0548792961352008,-0.0593362036548187,-0.0635640902400851,-0.067546428334744,-0.0713164207743488,-0.0745376497803992,-0.0779169964345644,-0.0808170718089825,-0.0834304038347529,-0.085796204799517,-0.0878713632758448,-0.08966749868027,-0.0912005021769331,-0.0924970413299662,-0.0935344612422177,-0.0944197192779975,-0.095037796387984,-0.0955543089284821,-0.0958157185715661,-0.0960197351121384,-0.0960680171204724,-0.0959938112714574,-0.0958306279368529,-0.095583098822299,-0.0952958023859826,-0.0949417341254332,-0.0945675021133669,-0.0941719827221295,-0.0937718486328618,-0.093382083482002,-0.0930016669763862,-0.092623912908709,-0.092282254466048,-0.0919898324644348,-0.0917344192039183,-0.0914941881939516,-0.0913603789106454,-0.0912142897891808,-0.0912310217229902,-0.0912797742946765,-0.0914312359797925,-0.0916941241581758,-0.0920298770237233,-0.0924301997695514,-0.0928980384069879,-0.0934140877243899,-0.0939665116104244,-0.09453002107916,-0.0950866816016349,-0.095614092425089,-0.0960946119194707,-0.0965015543817195,-0.0968221695818248,-0.0970447549202869,-0.0971624015267666,-0.0971769811163039,-0.0970988318761602,-0.096946777917006
0.110966241379313,0.110125615405066,0.109182395033163,0.108109349709924,0.106919182345739,0.105564508607784,0.104114992512594,0.102566644008472,0.100758733735826,0.0988160869389732,0.096706586731218,0.0944250784851025,0.0919674316286604,0.0893179653860479,0.0864787475518041,0.0834420211754724,0.0802054448736694,0.0767670950717257,0.073130054867962,0.0692900359763121,0.0652476860069126,0.0610057603256761,0.056567829403299,0.0519392176308867,0.0471351672246066,0.0421451258114632,0.0369885505623165,0.0316681389622729,0.0262074314975555,0.0206527610639813,0.0149861054156814,0.00923116760020504,0.00340333431238039,-0.0024576858864337,-0.00833579292679481,-0.0142007694551512,-0.0200351190000411,-0.0258168105249038,-0.0315163799596629,-0.0371028961487278,-0.0425534717850026,-0.0478543804157597,-0.0529628725545463,-0.057848964608302,-0.0625100868892737,-0.0669320610412768,-0.0710855393616643,-0.0749310413603323,-0.0784949910675183,-0.0817896970355302,-0.0847775669987511,-0.0874445591394728,-0.0897155529765983,-0.0918435236287115,-0.0936177868328099,-0.0950920683142789,-0.0962986612463683,-0.0972766767317694,-0.098009013524385,-0.0985158400231221,-0.0988713296059041,-0.098994475363011,-0.0989541383225921,-0.0988906028173994,-0.0986488491913003,-0.0983258529889669,-0.0979293541678698,-0.0974808716017608,-0.0969819365452841,-0.0964548852863284,-0.0959409403253128,-0.0953993205785097,-0.0948908205885249,-0.0944220311169946,-0.0939470871826573,-0.093513478682706,-0.093144319692641,-0.0928060420339294,-0.0925371980310571,-0.0923648929381906,-0.0922853705282925,-0.0923188632975901,-0.0924489173689673,-0.0926923325120143,-0.0930318767052571,-0.0934618308268547,-0.0939719090631233,-0.0945418032193634,-0.0951461954619896,-0.0957621032718988,-0.0963618944547355,-0.0969160086928882,-0.0974040222518476,-0.0978062047804518,-0.0981062901232597,-0.0982958930080107,-0.0983743902376872,-0.098343095393907,-0.098206165639041,-0.0979701138552378,-0.0976545583442745
0.114195462320578,0.113402317159088,0.112501910177384,0.111484378754739,0.110338092293792,0.109040716541299,0.107623355412104,0.106047270450122,0.104284269741594,0.102343074440738,0.100236214426041,0.0979500648621822,0.0954752802999397,0.0927995721134011,0.089923155782665,0.0868375003673161,0.0835393227979753,0.0800264399921859,0.0762975974989202,0.0723520902129202,0.0681885616749429,0.0638091399940976,0.0592163364629984,0.0544220914692697,0.0494179098990116,0.0442198375954372,0.0388056734127325,0.0332561110615553,0.0275601300434266,0.0217128324344351,0.0157703430703215,0.00972694139512797,0.00359299181982731,-0.00258216354565746,-0.00879166908939455,-0.0149822712929185,-0.0211453975736042,-0.0272563628519952,-0.0332795433405034,-0.0391750137935418,-0.0449366880253573,-0.0505015705106119,-0.0558910145741439,-0.0610319114975803,-0.0659277860820056,-0.0705468560373541,-0.0748744710384978,-0.0788884816704661,-0.0826132798026104,-0.0859747992057275,-0.0890192454005745,-0.0917005062204035,-0.0941145114859304,-0.0961394102636164,-0.0978295328201907,-0.0992349975157832,-0.100345620867027,-0.101212784028445,-0.101812193905001,-0.102274430479607,-0.102372899662565,-0.102303650834569,-0.102112505469886,-0.101828410756587,-0.101352253541277,-0.100889215840557,-0.100345552338132,-0.0996861620822347,-0.0990161986734623,-0.0983402833803481,-0.0976915106681808,-0.0970151160804061,-0.0964100105564831,-0.095747876024913,-0.0952255167939196,-0.0947002172775369,-0.0942586710208377,-0.0938762379761087,-0.0936458725304944,-0.0935229583772477,-0.0935025245248616,-0.0936293585068809,-0.0938537118169045,-0.0941933916531586,-0.0946261406136008,-0.0951346137390612,-0.0957005140976644,-0.0962943497396417,-0.0968930315495147,-0.0974663708476676,-0.0979955027808442,-0.0984506610337098,-0.0988244034998971,-0.0991042761229646,-0.0992809655674943,-0.099343280608962,-0.0992915614379262,-0.0991294317150703,-0.098866712900008,-0.0985170691660957,-0.0981000472095305
0.117528986424117,0.116799801612839,0.115953031461541,0.114979258620858,0.11389567250949,0.112685897476944,0.111249612342409,0.10967628747693,0.107945072163151,0.106028329586081,0.103930201592147,0.101644389835789,0.0991580762339048,0.0964608137474302,0.0935511319377194,0.0904198117265845,0.0870624978500294,0.0834758415063475,0.0796567357733104,0.0756031295687201,0.0713150863440515,0.0667950241345898,0.0620440059212154,0.0570717743609417,0.0519578162488915,0.0464636369957248,0.0408143149172186,0.034990367042042,0.0290168752098578,0.0228948744519609,0.0166357886852257,0.0102648928778096,0.003805449082333,-0.00271135041802559,-0.00926266969376625,-0.0157901470438286,-0.0223043353270247,-0.0287768592885693,-0.0351363185697092,-0.0413771226442817,-0.0474563483940489,-0.0533534464539017,-0.0590325082283992,-0.0644639486800739,-0.0696144733507205,-0.074460120461305,-0.0789802523257837,-0.0831400728472971,-0.087013753884009,-0.0904938014178225,-0.0935742046503768,-0.096300158843013,-0.0986750138664826,-0.100636098045059,-0.102308633142327,-0.103642190404249,-0.104635242698699,-0.105361426343986,-0.105811087701749,-0.105986929463595,-0.105981698584389,-0.105760442149083,-0.105367880296925,-0.104834896052746,-0.104154676234319,-0.103487617819884,-0.10279369153154,-0.101970317843432,-0.101109627516599,-0.100203999013903,-0.0993845450384344,-0.0985900041234199,-0.0978898069940605,-0.0971659777417946,-0.0965403547727486,-0.0960441544412561,-0.0956277339775272,-0.0953192863350824,-0.0951510762571594,-0.0950628437038256,-0.095131930965484,-0.0952822821249985,-0.0955269303670299,-0.095851319173868,-0.0962448255114589,-0.0966918196083959,-0.0971729257196882,-0.0976629662421419,-0.0981421935007471,-0.0985992893388123,-0.0990216907613026,-0.0993870851088038,-0.0996690042763169,-0.0998619405616624,-0.0999570421132268,-0.09995083956799,-0.0998433779364308,-0.0996407501944649,-0.0993490850713813,-0.0989837207052438,-0.0985594241369274
0.12098056867625,0.120315911817673,0.119525135298226,0.11858665967954,0.117675443187902,0.11640376167619,0.11504501614575,0.113498106669547,0.111792426080839,0.109902396674767,0.107823527650798,0.105543216556843,0.103051675050951,0.100338621522645,0.0974007237231144,0.0942283218081987,0.0908155834641549,0.0871574520187611,0.0832496222901404,0.079089924467686,0.0746796503892034,0.0700119894924102,0.0650903319873681,0.0599671350151418,0.0545437758772655,0.0489235585396051,0.0429950290644713,0.0369052191165085,0.0306275801093256,0.0241970757109979,0.0176137078733291,0.0108916582078187,0.00407086444791835,-0.00281791171558954,-0.00973585290787018,-0.0166742992239805,-0.0235762801759577,-0.0304101279129142,-0.0371425561795861,-0.0437551623928191,-0.0501830525349202,-0.0564343596443828,-0.0624369015284898,-0.0681646068189637,-0.0735861789092516,-0.0786770793025366,-0.0834130649876793,-0.0877588090342962,-0.0917514996107051,-0.0953435696266733,-0.0984868722367324,-0.101240034025151,-0.103595509253373,-0.105552239149434,-0.107122516122853,-0.108352809403823,-0.109228704284829,-0.109729150775291,-0.110045021886445,-0.110023941567394,-0.109793708066461,-0.109339080197403,-0.108722628815052,-0.107982621296563,-0.107112788155758,-0.10616118469567,-0.105082508631051,-0.104158061652565,-0.103124124852601,-0.102194091659878,-0.101160905036118,-0.100338860968387,-0.0995857747434369,-0.098862711406209,-0.0982636284481432,-0.0977697305206476,-0.097411781875842,-0.0971340662616553,-0.0969577777897963,-0.0968618274260521,-0.0968408557719706,-0.096880978721085,-0.0969905411106667,-0.0971702761324905,-0.0974018137692592,-0.0976809547984334,-0.0980062703633809,-0.0983695687954558,-0.0987540878898988,-0.0991309982391023,-0.0994855473202795,-0.0998041060379883,-0.100070986091919,-0.100271940821528,-0.100396274828284,-0.100432179940185,-0.100373704301743,-0.100223603539828,-0.0999831886262361,-0.0996615520578547,-0.0992722320971211
0.124539541197341,0.123936678516519,0.123219007288677,0.122366564529474,0.121489461873423,0.120301097797001,0.118987028968289,0.117496550301715,0.115832047926242,0.113973477049041,0.111920613824628,0.109656592276048,0.107169669925506,0.104449345010228,0.101490980032475,0.0982840177364162,0.0948214739054485,0.0910963416193126,0.0871033265707377,0.0828417766581534,0.0783059599532835,0.0734922472514337,0.0684025522041978,0.0630193876213457,0.0574011859879425,0.0515936693436255,0.0453897641928673,0.0390131350065194,0.0324233580663571,0.0256363552056848,0.0187129954781838,0.0116153926206394,0.00441181915733362,-0.00287966951180048,-0.0102001853712097,-0.0175501559424448,-0.0248157393716427,-0.0321038431094593,-0.0392840879567872,-0.0463225676427003,-0.0531381070654098,-0.0597334333960106,-0.0660869931631131,-0.0721507566855869,-0.0778724282841319,-0.0832361932637708,-0.0882106443828355,-0.092769796917154,-0.096891586857083,-0.100593883067068,-0.103806173608564,-0.106570090331674,-0.10890325389254,-0.110822834866945,-0.112308554396682,-0.113415097657719,-0.114156282591982,-0.114592343964665,-0.114522726185531,-0.1142783139315,-0.113841453404224,-0.113161957794738,-0.112229201794924,-0.111176495991819,-0.109914623298896,-0.108786288393777,-0.107541893395199,-0.10639769520465,-0.105309139981445,-0.104261349053082,-0.103284201312667,-0.102409165900035,-0.101657377983388,-0.100966777475408,-0.100384760464899,-0.0998915451382971,-0.099457961220697,-0.0990781286787467,-0.0987398998268301,-0.0984514142565547,-0.0982138613062143,-0.0980251607336488,-0.097904511554766,-0.0978567346378392,-0.0978880989194933,-0.0980176619580308,-0.0982264940591494,-0.0984935901755054,-0.0988178877870282,-0.0991826400691531,-0.0995694309044405,-0.0999574268003983,-0.100321351258282,-0.100638449560333,-0.100885835648298,-0.101046526381501,-0.101107555033912,-0.101061998148613,-0.100914977058912,-0.100668991372551,-0.100340218186631
0.128209402941777,0.127698590290044,0.127052318570511,0.12628749111985,0.125406529040063,0.12434007331237,0.123097600689356,0.12166880200018,0.120054194636402,0.118245191014763,0.116223867337195,0.113985540851179,0.11151186352881,0.108792595332682,0.105822445289992,0.102588971452958,0.0990830402378201,0.0952966533033308,0.0912249316994925,0.0868608996622514,0.0822039046942414,0.0772519267769057,0.071994888008765,0.0664560788184868,0.0604198671605818,0.054368481393986,0.0479883563343811,0.0413274635649973,0.0344043090401876,0.0272760617983974,0.0199655104446952,0.0124828060586088,0.00485260500619347,-0.00287236723817173,-0.0106373578572235,-0.0184391499172239,-0.026197377965546,-0.033945965735997,-0.0415521590848611,-0.0490417141878966,-0.0563014579577408,-0.0632617092313545,-0.0700474744749692,-0.0764720345195685,-0.0825319197905617,-0.0881924707548583,-0.0934081089403259,-0.0981817797327287,-0.102474558384682,-0.106297102750056,-0.109637240906454,-0.112345667617912,-0.11465541150961,-0.116497767051097,-0.117877856293756,-0.118859038928856,-0.119376789496631,-0.119297634363854,-0.119275319492602,-0.118681664246227,-0.117902342280871,-0.116693060857916,-0.115609196821146,-0.114308410403257,-0.112909320023363,-0.111582911435603,-0.110282373541717,-0.109046768803537,-0.107861524409325,-0.106747894942206,-0.105770301912051,-0.104894853340562,-0.104117771629158,-0.103386518596067,-0.102704193690941,-0.10205495288612,-0.101418775729984,-0.100793306092164,-0.100180475912416,-0.0996008450329213,-0.0990716045599051,-0.0986080649897305,-0.0982300661543823,-0.0979594348972498,-0.0978267645500507,-0.0978118910336822,-0.0979255908330637,-0.0981667294313233,-0.0985231981654234,-0.0989733783904578,-0.0994871092341373,-0.100034972982107,-0.100583566183041,-0.101093783775667,-0.101537559309181,-0.101887961329619,-0.102122323210433,-0.102227101832585,-0.10219858208944,-0.102048778342752,-0.101789641966437
0.132004374752748,0.131584479733128,0.131049578700955,0.1304319716315,0.129578876031818,0.128550752657325,0.127384755960969,0.126028807225169,0.124480174787123,0.122724244712707,0.120747359898348,0.118539954644631,0.116088175793699,0.113380008970153,0.110407250879136,0.10715521460366,0.103613496492264,0.0997759046600504,0.0956313349163903,0.0911723694118619,0.0863989815733615,0.0812891860731037,0.0758445987402053,0.0701023559687645,0.0639355585631729,0.0575665420551013,0.0508642057642481,0.0438689241739529,0.0366289930530743,0.0291338186050219,0.0213991443176265,0.013475458700578,0.00539807260773478,-0.00279592170814873,-0.0110666952727091,-0.0193599421128768,-0.0275866698467712,-0.0356461433962121,-0.0440132460448859,-0.0519755220696514,-0.0597721830646928,-0.0672432583199091,-0.0743723920940456,-0.0811901596555959,-0.0875923224062968,-0.0935542994090439,-0.0990760945202714,-0.104031880152474,-0.108537407886312,-0.112465241084606,-0.115810002302573,-0.118602001048809,-0.120863062373219,-0.122603806257061,-0.123839864674271,-0.124646351560817,-0.124932472919224,-0.124805921468483,-0.124105847776198,-0.123238265112504,-0.122123083034144,-0.120726128416132,-0.119287252510839,-0.117763120662887,-0.116273669352234,-0.114765161935584,-0.113337098099431,-0.111994199345161,-0.110738105935824,-0.109591352074668,-0.108560743205797,-0.107616934703452,-0.106733445566344,-0.105861241490251,-0.104985399194483,-0.104085464661422,-0.103156483521952,-0.102211717240871,-0.101262218353815,-0.100338170005545,-0.0994777958984507,-0.0987086841782245,-0.0980650146381732,-0.0975750207713229,-0.0972676138159924,-0.0971522174455432,-0.097238473825649,-0.0975178625604135,-0.0979779118069359,-0.0985900999261844,-0.0993155324422003,-0.100105657885284,-0.100914262952185,-0.101698446935859,-0.10240009294013,-0.102992242475104,-0.103440968358477,-0.103722681635998,-0.103833310697605,-0.103781135497276,-0.103582740507586
0.135919343878146,0.135597515090275,0.135140863573676,0.134601184710308,0.133845165745559,0.132944058137375,0.131855290723284,0.130579703794487,0.129103431128668,0.127412836429438,0.125494180052547,0.123333407937314,0.120915888586426,0.118229850797255,0.115264842659099,0.112004397207391,0.108435993847951,0.104559437737129,0.10034325720761,0.0957990220664832,0.0908975222494337,0.0856295871508439,0.0800248187565516,0.0740354220543552,0.0676828409026646,0.0610373552398424,0.0540307402206294,0.0467154219435668,0.0390842795229015,0.0312303530845511,0.023033521122846,0.0146300876627366,0.00606904361795504,-0.00265294296698425,-0.0114594875500105,-0.0203113789759342,-0.0290892139160896,-0.0380890391020832,-0.0465976033266089,-0.0551046314101111,-0.0633824142158098,-0.0713227932156143,-0.0790014197799327,-0.0862611416431787,-0.0930769922789745,-0.0993986373886669,-0.105262166709288,-0.110418311194151,-0.115070185084478,-0.119156288315034,-0.122562157430676,-0.125328786727718,-0.127449889293479,-0.129159868982027,-0.130138136890541,-0.130695549079371,-0.130535558026723,-0.130107037661057,-0.129171549561431,-0.128037107908413,-0.126575420277571,-0.124972406958607,-0.123269823859216,-0.121530970171296,-0.119785490959593,-0.118135353491142,-0.116587207205637,-0.11514938054581,-0.113821853637512,-0.112606541252489,-0.111472334260467,-0.110402260884504,-0.109361094281414,-0.108290233056778,-0.107160744001942,-0.1059549670711,-0.104680529451978,-0.103365170809751,-0.102037675231596,-0.100730435766756,-0.0995018768643328,-0.0983991792981543,-0.097468598893285,-0.0967521800884,-0.0962860739661078,-0.0960974047893621,-0.0961958853509672,-0.0965717772829017,-0.097199722639073,-0.0980456884905389,-0.0990563852607136,-0.100165680930095,-0.101316221179207,-0.102432514265663,-0.103464419383351,-0.104351751525817,-0.10505706305515,-0.105551700272484,-0.105823201312496,-0.105875490069192,-0.105729122860418
0.139950409214946,0.139714010998143,0.139285972530633,0.138949075567445,0.138299959131249,0.137496063332068,0.136506507901863,0.135325048673959,0.133935520567019,0.132323999933943,0.130476124113973,0.128376920535565,0.126008460980862,0.123358303845415,0.120414031813009,0.117157475742989,0.11358082055927,0.109660856645597,0.105400686278339,0.10076628342205,0.0957372637152366,0.0903328573422951,0.0845447368785397,0.0783365560966793,0.0717720649602775,0.0648167076541389,0.0574790480732428,0.049790351829175,0.0417571443658631,0.0332927866719466,0.0250507549093267,0.0160268199732505,0.0068490970661103,-0.00242464865350349,-0.011804096191227,-0.0212606546492126,-0.0307298793551352,-0.0401240668927732,-0.049379459546599,-0.0584510139790851,-0.0672904264260332,-0.0758459246006122,-0.0840349418493086,-0.0917862071551878,-0.0990443566989731,-0.10577126934891,-0.111846579739011,-0.117359560352488,-0.122115451271863,-0.126355206126909,-0.129860511862226,-0.132636104760504,-0.134726908788105,-0.13622712776485,-0.136945995911549,-0.137164923955926,-0.136815880560047,-0.135904025130331,-0.134699170115683,-0.133137576488382,-0.131377433538315,-0.129454292197754,-0.127469451629074,-0.12548765211339,-0.123567921249847,-0.121735541086925,-0.120069856698432,-0.118524876576812,-0.117090081668488,-0.115762691799224,-0.114497646970448,-0.113260633768315,-0.112009639974361,-0.110683636342936,-0.109241320907394,-0.107682465163981,-0.106012102975114,-0.104275412793295,-0.102508942560702,-0.100781043468321,-0.0991424083116361,-0.0976619411309389,-0.0964114822477886,-0.0954534673523968,-0.0948294394243552,-0.0945836308594149,-0.0947149476905231,-0.0952318455944629,-0.0960909528893991,-0.0972386913843425,-0.0986157854870257,-0.100140346620505,-0.101725138216011,-0.103283171560085,-0.104732196845964,-0.106002969004366,-0.107033094490894,-0.107798340983151,-0.108269065331509,-0.108442726981841,-0.108339944754588
0.144102231000357,0.14397742105749,0.143828601096296,0.143427392250891,0.142913550945317,0.142218090639688,0.141341034750031,0.14026640373626,0.13897822248281,0.137461554719244,0.135700054507172,0.13367749480929,0.131374035954162,0.128775792815017,0.125868035966928,0.122631500934552,0.119056930130291,0.115139633556031,0.110816865500147,0.10610362325693,0.100959756380145,0.0954183691951721,0.0894377612890472,0.083029746501538,0.0762137001334892,0.0689391603856512,0.061289809536048,0.0532278875895252,0.0447966462610553,0.0360255092019702,0.0269504797127084,0.0174913841095935,0.00783040178764216,-0.00204933734045285,-0.0120667773890745,-0.0221724031432987,-0.0322903839121342,-0.0423864732249673,-0.0523320933017406,-0.0620646920440289,-0.0715220150497126,-0.0807260500885563,-0.0894987288295776,-0.0977817495095557,-0.105462597264991,-0.112789002440002,-0.119239307209681,-0.124873412556746,-0.129755215398703,-0.134227006608349,-0.137728610282362,-0.140395076602407,-0.142378504217635,-0.143593427116831,-0.144083863996546,-0.143929314382815,-0.143235274331498,-0.142040720027528,-0.140443606828887,-0.138567866861636,-0.136468768960304,-0.134247892001712,-0.131988736841258,-0.12976023499087,-0.127630341394109,-0.125626956818374,-0.12381002203323,-0.122128795602597,-0.120564112779694,-0.119088314283938,-0.117664204740926,-0.116231697368044,-0.11473310414313,-0.113096746807454,-0.111289624818165,-0.109318410457351,-0.107198780581148,-0.104966789349076,-0.102696352990835,-0.100466465937314,-0.0983394321325247,-0.0964102319388801,-0.0947780453848813,-0.093528504615276,-0.0927268415544355,-0.092411122527821,-0.0926074530943167,-0.0933111457067799,-0.0944779858741863,-0.0960367715641825,-0.0979111097766942,-0.100005593710734,-0.102172238095671,-0.104316134923972,-0.106328932565826,-0.108114562935528,-0.109580020588826,-0.11067983544567,-0.111388769290342,-0.111690471444148,-0.111604665357324
0.148374873385659,0.148388589367818,0.148296866539125,0.14807378755761,0.14768375243871,0.147114145768936,0.146363724423006,0.14541047916716,0.144239235004013,0.142832984426843,0.141174471294108,0.139245747772386,0.137024613517784,0.1344957464239,0.131641764898333,0.128454469945973,0.124896324642605,0.120964811115075,0.116635955508471,0.111816796407315,0.106582381054501,0.100892858344431,0.0947542866907376,0.0881421469294921,0.0810398055762998,0.0735078996730316,0.065496058708191,0.0570561438445973,0.0481667295945173,0.0388652053634292,0.0292791829693018,0.019252958136588,0.00895157018751274,-0.00156632106879446,-0.0122738498282736,-0.0230810176518443,-0.0338513259351916,-0.0447386277123692,-0.0553653662263073,-0.0659590244903179,-0.0761517990521162,-0.0860081462114694,-0.0953883309794882,-0.104287013765075,-0.112664367899834,-0.120261281606392,-0.126902453951664,-0.133005281886019,-0.138215278969099,-0.142635778284761,-0.146093063471675,-0.148694242458857,-0.1504920982527,-0.151458658781534,-0.151676685201683,-0.15121835476524,-0.150174020211262,-0.148642328904298,-0.146712112064627,-0.144501621217922,-0.142082791089002,-0.139545617182375,-0.136983085041257,-0.134481030768257,-0.132084813840653,-0.129846698218893,-0.127800848171297,-0.125928901917221,-0.124179378784608,-0.122511709235461,-0.120889535703204,-0.119220173544532,-0.117437937056405,-0.115453921764633,-0.113237601064821,-0.110802644265885,-0.108170083875388,-0.105384642720884,-0.102521919610143,-0.0996790432927994,-0.0969630835341788,-0.0944988631074616,-0.0924092490609393,-0.0908113660683882,-0.0898017692075763,-0.0894403104152004,-0.0897514962253897,-0.0907360103930979,-0.0923465637956262,-0.0944963747943815,-0.0970730521373721,-0.099919134803746,-0.102878832526134,-0.105801752366616,-0.108545218595379,-0.110970807307146,-0.11296405703357,-0.114441508274305,-0.115379986869258,-0.11576035993893,-0.115616360075446
0.152819848536036,0.152920463366768,0.152974584184169,0.1528673455256,0.152614251057463,0.152191217514593,0.151580620486048,0.150764391129924,0.149726030277953,0.148447084393305,0.146909156006435,0.14509208989064,0.142972026691397,0.140531399349245,0.137750711699541,0.134628462117727,0.131109712552894,0.127204892857688,0.122828662471153,0.11797598323445,0.112607443203559,0.106829678620978,0.100544379392258,0.0937010523697923,0.0863706619795136,0.0785412659169131,0.0701747503645209,0.061319056356055,0.0519625416983328,0.0421891669418494,0.0319603098452841,0.0213217399326859,0.0103894536319733,-0.000889858100555646,-0.0123357145151453,-0.0239909888312354,-0.035803281929611,-0.0471070021238774,-0.0588728573755463,-0.0701255479060181,-0.0810648544255386,-0.0917187293329437,-0.101481086136328,-0.1114279747013,-0.120193839565912,-0.128143834560747,-0.13534072506558,-0.141622113251754,-0.147230516291841,-0.151417646596373,-0.15495106319852,-0.157507053571806,-0.159162275242571,-0.159950644507723,-0.159958003631471,-0.159257275057795,-0.157946872556903,-0.15611187295906,-0.153853225389067,-0.151279724232079,-0.14847167010797,-0.145529525401955,-0.142554615392563,-0.139641310633173,-0.136843678561852,-0.134252759415542,-0.131865893221161,-0.129712221367814,-0.12770697263227,-0.125813504417923,-0.123968047550932,-0.12204953981829,-0.119973328140577,-0.117644111555501,-0.115010776849787,-0.112083293817616,-0.108878544761833,-0.105461369438748,-0.101906378520195,-0.0983436315463237,-0.0949278868634755,-0.0918275240763286,-0.0892007140978399,-0.087206112005413,-0.085973201165683,-0.0856086117114616,-0.0861369229251403,-0.0875432784724985,-0.0897796672136129,-0.0927277199354164,-0.0962223487411875,-0.100063057555907,-0.104042598039139,-0.107950383858801,-0.111582413106345,-0.114762444469314,-0.117335960395731,-0.119207593307133,-0.12033653035,-0.120712794573485,-0.120388272923855
0.157291062892269,0.157619776165221,0.157801194830638,0.157841845749438,0.157730369582361,0.157460842902079,0.157004631897377,0.156341615165181,0.155453315723287,0.15432015451551,0.152921655131351,0.151236187188953,0.149237478371744,0.1469061129634,0.144227017794976,0.141173360476452,0.137755584077833,0.133842176253211,0.129449196161354,0.124533771540565,0.119141599275384,0.113259964299695,0.106813237007669,0.0997822343902379,0.092200287355566,0.0840465432039742,0.0753436262723683,0.0660710047387769,0.0562304831909079,0.0458782836035997,0.0350212767357472,0.0237268654960988,0.0120315487577199,-4.57046703196571e-05,-0.012302244744283,-0.0247695924005418,-0.0372748428966954,-0.049813115249918,-0.0624001362209142,-0.074559637997194,-0.0863412790114674,-0.0978171991901974,-0.10860015686607,-0.118866919285396,-0.128117774072519,-0.136604653966285,-0.144161446265015,-0.150760987993377,-0.156364648246154,-0.160965664038285,-0.164571546207787,-0.167169216588523,-0.168795508619941,-0.169498572813727,-0.169356562231484,-0.168460069361872,-0.166876940912228,-0.164688403937184,-0.161998640934002,-0.158929202877665,-0.155577105758209,-0.152052811019177,-0.148484300292306,-0.144980830212746,-0.141637460222447,-0.138551557771606,-0.135735396411879,-0.133233765756564,-0.130953975013395,-0.128838576961148,-0.126803068687466,-0.124677594551841,-0.122346420997705,-0.119692539958486,-0.116667881031692,-0.113233977647953,-0.109405293564771,-0.105262923888564,-0.100906943499213,-0.0965050608140629,-0.0922623972406535,-0.0883912783946279,-0.0851360147459221,-0.0826938107976888,-0.0812457091054707,-0.0809210377278162,-0.0817642816027237,-0.0837597276752975,-0.0868232336429061,-0.0907979580401175,-0.095455592783073,-0.10054750339217,-0.105776319981769,-0.110874081789217,-0.115547639520616,-0.119563648715418,-0.122768108506806,-0.125022648567197,-0.126280871364409,-0.126540085669661,-0.125866874730327
0.161911545547171,0.162430380259522,0.162746190327878,0.16296235438986,0.163023587138,0.162915404641765,0.162632209069237,0.162141779737782,0.161423928045379,0.160457631219422,0.15922079525957,0.157689929950588,0.15583659969046,0.153638390113848,0.1510935325008,0.14814249620888,0.144769964697416,0.140981115023576,0.136561715416309,0.131636052527663,0.12621987098365,0.120249512350103,0.113644525381076,0.106437583792087,0.0985766837881143,0.0901580940559615,0.0810995119075879,0.0713818726402008,0.0610319414992369,0.0499884815580567,0.0385647200754101,0.0264999782865554,0.0139865101741445,0.00120034779296418,-0.0119113512426578,-0.0255728429314105,-0.0391827102784559,-0.0527442314394685,-0.0660510404156941,-0.0792060414208379,-0.0920711495970432,-0.104199817133019,-0.115758302719664,-0.126562873586702,-0.136539134414505,-0.14556417986158,-0.153608893437874,-0.160635750677128,-0.166592294849626,-0.171486732003336,-0.175308863752889,-0.178044870290644,-0.179736735045597,-0.180417831148289,-0.180139238389416,-0.178995080068093,-0.177045792299332,-0.174366339891184,-0.171075423674687,-0.167310221626191,-0.163195490629049,-0.158868402312827,-0.154483472708797,-0.150207386726517,-0.146143193937779,-0.14242664914987,-0.139088026957331,-0.13621366452597,-0.133675111333373,-0.131400931503906,-0.129248448488074,-0.127029898289235,-0.124555264675925,-0.121691573424323,-0.118317631609315,-0.114399478711928,-0.109931423755508,-0.104997570041821,-0.0997235352705035,-0.0943439430886829,-0.0891195335027156,-0.0843310996188685,-0.0803065155115969,-0.0773336461000961,-0.0756246648352731,-0.0753398699421387,-0.0765599817799728,-0.0792781613534593,-0.0833556318689732,-0.0885827051049917,-0.0946769566933971,-0.101291416679814,-0.108038581596707,-0.114532047333484,-0.120424106617293,-0.125409474378014,-0.129279329803784,-0.131903989827667,-0.133211236227247,-0.133210246748768,-0.132038090684142
0.166635727448194,0.167298911383031,0.167822392711714,0.168220515075355,0.168467881392384,0.16854822120205,0.168447243598465,0.16815046680062,0.167625366403135,0.16684955284894,0.165799143847534,0.164448864886648,0.162767998577915,0.16073994440051,0.158339990885592,0.155545479445493,0.152276435727629,0.148502573593691,0.144203256029699,0.139224243916934,0.133842170561154,0.127819054400861,0.121134608994868,0.113520457670612,0.105789457137696,0.0970626952549825,0.0874849015806503,0.0772953594812836,0.0664069330186202,0.054916134549601,0.0425534403756311,0.0297100106235002,0.0163248863725273,0.00240491074583686,-0.0117354417100536,-0.0263649122213576,-0.0408994870244236,-0.0555617121076105,-0.0698315412226788,-0.0839336894272704,-0.0976145354247282,-0.110752101879271,-0.123181391809138,-0.134835580936457,-0.145582482504525,-0.155358842371574,-0.164090731931941,-0.171718771405876,-0.178192539289109,-0.18352848215616,-0.187672606935252,-0.19060690161581,-0.192356430830666,-0.192961515237054,-0.192449671406137,-0.19090951076433,-0.188404477343222,-0.185020094189496,-0.180890198712753,-0.176173224557631,-0.171039598781584,-0.165653867862149,-0.160232204825273,-0.154959063553518,-0.150012527746592,-0.145544053434332,-0.141641809212178,-0.138378696729938,-0.135667491948629,-0.133363762670995,-0.131263286679196,-0.129134475536044,-0.126716741289688,-0.123813658918727,-0.120236486466085,-0.11589238062678,-0.110788783549146,-0.104995217926205,-0.0986668292894474,-0.0921016187049052,-0.0856565482536735,-0.0797162120131057,-0.0747077884580825,-0.071017766951578,-0.0689283775380713,-0.0686326255926872,-0.0702656378154328,-0.073814552506412,-0.0791177252323532,-0.0858722031425766,-0.0937137247439011,-0.102188984235738,-0.110766606231466,-0.11894038819053,-0.126289801922759,-0.132406375238344,-0.137033583152597,-0.140006596823993,-0.141279079078374,-0.140894410266933,-0.139041027993322
0.17147294999765,0.172302757043115,0.173018682327829,0.173616383968539,0.174064424251521,0.174350031231556,0.174453415559936,0.174364502250426,0.174054755476761,0.173493496871886,0.172655203445528,0.171512965014435,0.170033272639465,0.168207790177144,0.165989120031136,0.163325748308153,0.160213488467969,0.156556045078976,0.152280976456075,0.147426983896516,0.142050162431296,0.136030043585997,0.129262035898064,0.121724366022731,0.113637268064954,0.104442973634375,0.0945586151481075,0.0839220742146955,0.0726082378303599,0.0603105450647304,0.0472352349545202,0.0334525191275785,0.0192529464381475,0.00438182070899971,-0.011137446946736,-0.0264497441942893,-0.0421657307084731,-0.0578117402174858,-0.0733577406704021,-0.0885997007981453,-0.10343266988858,-0.117685569747317,-0.131240699585502,-0.14395783312037,-0.155719703045169,-0.166426410092368,-0.176025763318969,-0.184409364920882,-0.191523940395521,-0.197342794124808,-0.201821122312602,-0.204925235275089,-0.206666734439182,-0.207090433975298,-0.206208461478893,-0.204101064725155,-0.200844580839207,-0.196539496359546,-0.191331014008283,-0.185406269847345,-0.178994251478708,-0.172309904264407,-0.165592391809818,-0.15909997734698,-0.153098495235687,-0.147743332205828,-0.143231447857659,-0.139594573677673,-0.136833316736077,-0.134683394532198,-0.132895195307726,-0.131137488072622,-0.129049958477218,-0.126385035221474,-0.122807707123093,-0.118140833841199,-0.112378714527419,-0.105592634345848,-0.0979932759267244,-0.0899337178958801,-0.0819147857527322,-0.0744541047516075,-0.0681192585223087,-0.0633909498718107,-0.0606740282411333,-0.0602844500872874,-0.06233001456994,-0.0668368590150448,-0.0736109718082709,-0.0822828139211661,-0.0923099753936777,-0.103079567067263,-0.113980805316771,-0.12423947721796,-0.1333620440943,-0.140838941924379,-0.146319456842138,-0.149651553266221,-0.150815870729905,-0.149884232921317,-0.147084999628471
0.176410840563139,0.177418022610562,0.178347410275282,0.179156447295562,0.179820792960706,0.180328853371346,0.180659889995957,0.180792917885882,0.180721209431404,0.180399503317728,0.179800712500715,0.178895649729365,0.177649297123964,0.176050134054043,0.174030727798656,0.171589486201366,0.168640115717754,0.165127396360179,0.160969337647213,0.156244232965338,0.150898778034204,0.144909049210194,0.138148267908015,0.130431273341014,0.122238833031036,0.112657669477521,0.102429637122209,0.0912441933265291,0.0795803879981046,0.0662170675022112,0.0525727172043523,0.0378525602633463,0.0227997146136991,0.00697199782428186,-0.00937980522307377,-0.026103317505934,-0.0430188655726036,-0.0599724192286123,-0.0768535597825976,-0.0934956546895272,-0.109721863756614,-0.125352790425943,-0.140226294452198,-0.154242767585362,-0.167224079401703,-0.1790480660401,-0.189621920104182,-0.198856418589469,-0.206659535468167,-0.212964933636223,-0.217753081030295,-0.220977680232252,-0.222634104517529,-0.222763462881193,-0.221379616093706,-0.218540996322257,-0.214351503402023,-0.208926175435076,-0.202412307263568,-0.195034201825712,-0.187078919645652,-0.178788478298938,-0.170487235862425,-0.162522785237215,-0.155217557479727,-0.14881994742473,-0.143619553017231,-0.13967209146294,-0.137011857772171,-0.13528810279349,-0.134175131978398,-0.13320288074386,-0.131898229176446,-0.129819760501061,-0.126523621549743,-0.121681449949563,-0.115224791637361,-0.107223297425982,-0.0979830837313889,-0.087973080031352,-0.0778715314869316,-0.0683093653370827,-0.0601517709970422,-0.0539357773227324,-0.0502815113732665,-0.0496382328396185,-0.0521067651745745,-0.0577360224867709,-0.0663180159070958,-0.0773677163408127,-0.0901547229010663,-0.103934966049807,-0.117747537286555,-0.130667198631469,-0.141977654330236,-0.151077188550381,-0.157572036250269,-0.161294256814026,-0.162254889080766,-0.160574831490928,-0.156514973195164
0.181434252567695,0.182657906203703,0.183799685154567,0.184834831352989,0.185733440467441,0.186482968179713,0.18706245474381,0.187444720948855,0.187624134843293,0.187559953658265,0.187244610559892,0.186601967039077,0.185632517638768,0.184269087236262,0.182508061218793,0.180310822756629,0.177568477980794,0.174246361900119,0.17027146509806,0.165696850554241,0.160415965052363,0.15459931303688,0.147606960561952,0.139789952831457,0.131193944068951,0.121705493442852,0.111075423447175,0.0993998655190767,0.0867866262557766,0.0734254479075114,0.058952082761322,0.0435702238448884,0.0273583254852088,0.0103830862251792,-0.00717291289224976,-0.0251972317125038,-0.0435576046087283,-0.0620444474871982,-0.0805385195523504,-0.0988090055466552,-0.116700793910074,-0.133977496168612,-0.150420118871132,-0.165924248586962,-0.180291981548717,-0.193360889682695,-0.205001463119639,-0.215117091290869,-0.223620746627744,-0.230425037337993,-0.235492275511402,-0.238787832414345,-0.240290609816685,-0.240035368447617,-0.238038034982903,-0.234330030712855,-0.229031451203605,-0.222266337426192,-0.214217764960216,-0.205108134137446,-0.195253277161922,-0.185001525302422,-0.174767003455927,-0.164971108906825,-0.156081058611867,-0.148463209035776,-0.142499023899808,-0.138302819243848,-0.135995585177516,-0.135041219839541,-0.135148406298842,-0.135531547145334,-0.135594846322891,-0.134634334590617,-0.131976165344654,-0.12714873682938,-0.119899797898912,-0.110390595814024,-0.098981828405806,-0.0863782950371175,-0.0733795510568067,-0.0610099403324876,-0.0502634042403327,-0.0419828184717316,-0.0369632391486398,-0.0358081379608283,-0.03866748457187,-0.045682512190769,-0.0565204482136237,-0.0705687099956611,-0.0869664424814922,-0.104623896935271,-0.122247414689679,-0.138582125848241,-0.152647205064213,-0.163730410319484,-0.171428324532316,-0.175547614726028,-0.176136543957344,-0.173414480377973,-0.167824689642552
0.186551204029628,0.187997663708685,0.189366736203465,0.190642253903012,0.191793460726933,0.192805061159679,0.193655437781884,0.194311900158042,0.194777374846451,0.195007767403414,0.19496880320627,0.19461225326046,0.193957291969974,0.192922978141164,0.191436328131325,0.189502350952602,0.18705010310878,0.184004880019029,0.180296473087128,0.17558965743473,0.17075651014338,0.164921921518797,0.15815436925443,0.150309528599709,0.141410060134459,0.131663582586776,0.120957487580281,0.108915279208827,0.0958955790562502,0.0817412756366097,0.0664686802554546,0.0501516081315173,0.0328423955752372,0.0146861261094007,-0.00427347585195339,-0.0238781745954234,-0.043897062139971,-0.0641716680613153,-0.0845745676565433,-0.104734642369132,-0.12454564839137,-0.143703511614678,-0.161943170142451,-0.179093455846224,-0.194981825211384,-0.209384765978377,-0.222162882271345,-0.233205925854708,-0.242431475261194,-0.249735539842713,-0.255070764223676,-0.25839899152812,-0.259700789393246,-0.258995957518168,-0.256301167321433,-0.251621849957348,-0.245067556792836,-0.236770679837106,-0.226920989708733,-0.215746862290865,-0.20362660073194,-0.191023752351252,-0.178390865629416,-0.166325884463683,-0.15545240927942,-0.146327889746963,-0.139462682649407,-0.135130748937505,-0.133408824201242,-0.133796273628689,-0.135694414810022,-0.138247131006356,-0.140498199902393,-0.141351726401564,-0.139889526780284,-0.135283587818531,-0.127126777014132,-0.115682541140913,-0.101402498680736,-0.0852041796340972,-0.068322076893414,-0.0520680090051434,-0.0378095211543904,-0.0267552264333662,-0.0197940023481196,-0.0176916166248066,-0.0209534638007503,-0.0296386501298577,-0.0433106525423001,-0.0612803478437084,-0.0825386331619658,-0.105247579162253,-0.127804899400113,-0.148546615900137,-0.166142650489542,-0.179679341625078,-0.188719551177711,-0.193173569683905,-0.193180733780494,-0.18905209441695,-0.18143173785609
0.191732116309324,0.193424223954999,0.195042741900629,0.19656779656293,0.197989656481328,0.199283490419219,0.200427631857647,0.201395767240182,0.202166634019135,0.202712445228036,0.203003060718306,0.203029655586541,0.202692077750226,0.20194465781864,0.200828162698504,0.199265835406324,0.197135976475121,0.194241052377557,0.191022085392115,0.186793235764106,0.181931761495074,0.175938365699976,0.169351717363986,0.161613355032763,0.152934342945585,0.142981968990135,0.131941198230287,0.1197125307099,0.106151995534476,0.091340656897978,0.0752700351826932,0.0579431861618212,0.0394247151677502,0.0198087951355766,-0.000762565325204424,-0.022210045137727,-0.0441699510177287,-0.0665552143839247,-0.0890851695829444,-0.11146962746818,-0.133393019763469,-0.154651452212024,-0.174880179041084,-0.193848379767385,-0.211336748922792,-0.227171867585667,-0.241173606416441,-0.253209168072728,-0.263179993333788,-0.271002945361316,-0.276617113959852,-0.279976769353292,-0.281069766215976,-0.279891844652844,-0.276445135273792,-0.270713449596552,-0.262753731026054,-0.252721663655712,-0.24080060211728,-0.227211357016498,-0.212416888596786,-0.196902432911458,-0.181301286264749,-0.166392010060056,-0.152982720910807,-0.141920742940379,-0.13390340475121,-0.129487290891354,-0.128619638819077,-0.130994860709639,-0.135587135934706,-0.141329619838442,-0.146894650436968,-0.150698674944412,-0.151208740227284,-0.147183821648551,-0.138022781813677,-0.124031282676769,-0.105721386578025,-0.0847991059227555,-0.0625738851639687,-0.0411416396693218,-0.0221372712871682,-0.00716120769893123,0.00246964282571686,0.00587609806848141,0.00234353966070678,-0.00826116254904082,-0.0256191497969515,-0.0488407474047443,-0.076280991681498,-0.105863929646839,-0.134971035164938,-0.161466746038495,-0.183531246522708,-0.200036529674838,-0.210481104468557,-0.215081618403434,-0.21410797113716,-0.208224088989615,-0.198010495207282
0.196982397235689,0.198927531188034,0.200805700031521,0.202597682112852,0.204307862678639,0.205903700391911,0.20736419885522,0.2086651882543,0.209752569462297,0.210646918008622,0.211306073270892,0.211673355555949,0.21176901026081,0.211447233381042,0.210571439468356,0.209495074393791,0.207183855575919,0.205225926747315,0.202094917982394,0.198457800669779,0.193786391139159,0.188404171644472,0.181790673722073,0.174241785673696,0.165534944455348,0.155614862528243,0.144412014119574,0.131860704010667,0.117871096165794,0.102400060008045,0.0854445657121153,0.0670125674296674,0.047121206219095,0.0258743492530302,0.00341542317355886,-0.0200434150753241,-0.0442783733524802,-0.0690128554467168,-0.0940151930759612,-0.118852796224044,-0.143198868751693,-0.166771276208538,-0.189195010051453,-0.210177538305145,-0.229453390343626,-0.24682841415554,-0.262150020259368,-0.275253465344667,-0.286026508998636,-0.294406674979568,-0.300329722328988,-0.30374376668723,-0.304634428438459,-0.302977410952948,-0.298741020018867,-0.291876177490057,-0.282392822281479,-0.270445873926785,-0.256187958632044,-0.239824479921662,-0.221793955129719,-0.202737736510055,-0.18348340422629,-0.164949861203483,-0.148266015023975,-0.134581507692649,-0.124978499798763,-0.120346796129486,-0.120681818400292,-0.12574469592597,-0.134279126240405,-0.144756189708888,-0.155218469027314,-0.163513633091183,-0.167145651871624,-0.16434036848385,-0.154050811128947,-0.136456748895514,-0.113091009275132,-0.0854090278239676,-0.0560953239101275,-0.0275755782656158,-0.00221889484926511,0.017991530549095,0.0313337696519481,0.0365247104754515,0.0329919041836328,0.0202075568042803,-0.00166234836499265,-0.0317017359295564,-0.0676728871171512,-0.10659402528037,-0.144689948347857,-0.17872877379015,-0.206386025593045,-0.226194298539388,-0.238015262416223,-0.242350286518191,-0.240005864250322,-0.231704721751165,-0.218151834800943
0.202280305873499,0.204489419428267,0.20663667082816,0.208715545470441,0.21073094454039,0.212648761679828,0.214447430014745,0.216094206886409,0.217559432231813,0.218835119429365,0.219909741835206,0.220716459700298,0.221199199749222,0.22128740585484,0.221072936704467,0.220230431464399,0.218960468268098,0.216974841236344,0.214380501540643,0.210979558629723,0.206722228195931,0.20158913082726,0.195394531297282,0.188089191553512,0.179559962791008,0.169696379045959,0.158391084074628,0.145564220107526,0.131111829223285,0.114950349673034,0.0970266979767042,0.0773517569609505,0.0559540624539379,0.0329150199235342,0.00840003169228024,-0.0173650569917962,-0.0441413380971551,-0.0715552464324069,-0.0992802674291549,-0.126896019609413,-0.153982100336042,-0.180115715547038,-0.204975381397326,-0.228190896213977,-0.249447868280298,-0.268516755971417,-0.285265092556342,-0.299525294029572,-0.311175476125211,-0.320149287096907,-0.326423329386904,-0.329936856538183,-0.330664064506734,-0.328561880070896,-0.323544577830784,-0.315513484667161,-0.304440442030377,-0.290453808468703,-0.273645156218777,-0.254062243919799,-0.232255068327189,-0.208905158340536,-0.184988510895583,-0.161694522037133,-0.140544501398784,-0.12327039850676,-0.111311624891698,-0.106103089610702,-0.107885796105831,-0.116554116658936,-0.130676301189989,-0.147995819505563,-0.165988842155958,-0.181051480456517,-0.189642137262464,-0.189030863295797,-0.177650311271549,-0.155293329407562,-0.124522758030821,-0.087869640170037,-0.0485593344059817,-0.0107245496659824,0.0231491512391144,0.0502144904569336,0.0684330118191235,0.076349141079474,0.0730225100340303,0.0579223914937987,0.030512773969709,-0.00842183703583211,-0.0556670268564252,-0.107614476860967,-0.158252758791527,-0.202508705739352,-0.236718668373285,-0.259996207243081,-0.272682390384042,-0.275942448905528,-0.27173363892141,-0.261350110619772,-0.244991852477165
0.207615010429725,0.2100899896848,0.212523486894605,0.214907218674829,0.217243135507579,0.219505288164974,0.221624290031682,0.223644400230129,0.225528227760018,0.227232847350726,0.228711853609369,0.229938051211255,0.231003978638115,0.231613270648618,0.231820058878992,0.231529061101476,0.230776963800972,0.229370299797553,0.227277949825238,0.224384583901624,0.220668998480666,0.215981562026196,0.210212865365506,0.203249882020663,0.194991975023998,0.185279898204014,0.173968477011116,0.160919514978049,0.146041614407748,0.129198388563858,0.11030107100787,0.0893036006798427,0.0662679142929947,0.0412808991806895,0.0144851840552671,-0.0138602458864189,-0.0434846553055103,-0.0739427463669213,-0.104762456814848,-0.13550259762509,-0.16569467254035,-0.194806431302202,-0.222369515357865,-0.248079495490424,-0.271538387304816,-0.292495651602434,-0.310776149826446,-0.326272947651444,-0.338868982738958,-0.348515342596923,-0.355200703359707,-0.358887929472539,-0.359531515107796,-0.357030041595989,-0.351290615428322,-0.342144480835411,-0.329507840709865,-0.313421473836686,-0.293795392126559,-0.270640299921026,-0.244410593502303,-0.215771204190942,-0.185920597447521,-0.156319113995268,-0.129002100203844,-0.106453696332587,-0.0909783887506416,-0.084479640014732,-0.0879695193255222,-0.101276579812638,-0.123191634315863,-0.150793436565514,-0.179788671032663,-0.20515476901585,-0.221522702849704,-0.224476784876466,-0.211958387121453,-0.183066818801024,-0.141917471999765,-0.0923886418824606,-0.040068734023764,0.0106372784780453,0.0554107207316556,0.0912638399323536,0.115957839562027,0.127980973103457,0.125617398611612,0.108194042143706,0.0743523854109939,0.0243507933042192,-0.0386080750520366,-0.109084308571603,-0.177877431216185,-0.235951955765799,-0.277115737748019,-0.303671445308544,-0.323868239746957,-0.333703061453539,-0.328910455464763,-0.309811247832093,-0.279453574435682
0.212952852652487,0.215704545456528,0.218442770084014,0.221159500004251,0.223825905474717,0.226432322677547,0.228944612897688,0.231357917988532,0.23363605958957,0.235817649651109,0.237771932270818,0.23938736317592,0.241012213504084,0.242207361945475,0.243066017724529,0.243382745574102,0.243196999894319,0.242423350609947,0.240954632167737,0.238709714048827,0.235586298510222,0.231492110943315,0.226281960352369,0.219814086236473,0.211928556509374,0.202487137588046,0.191285752795311,0.178145215918524,0.162891117426992,0.14541788964176,0.125558699855648,0.103252689041503,0.0784866086848077,0.0513819504746911,0.0220659944694309,-0.00917117421473407,-0.0420050577417239,-0.0759374205471584,-0.110364370218651,-0.144703062760867,-0.178443624637761,-0.210964198809775,-0.241671599118439,-0.270154130546073,-0.296075345446826,-0.319091383395824,-0.339041389495034,-0.355860891292492,-0.369484592420048,-0.379866976977292,-0.387026728746148,-0.390950622636853,-0.391555419252104,-0.388750474676695,-0.382395625981916,-0.372278642893572,-0.358207290861136,-0.339975383708167,-0.317432165258122,-0.290332910815519,-0.25894125463467,-0.223978908675775,-0.186615710053225,-0.14864393009263,-0.112733607013172,-0.0825036606476366,-0.0614914964245115,-0.0524346005190097,-0.0575955828497197,-0.0766867248077145,-0.109649208558244,-0.151554702398846,-0.196872195528607,-0.238205735995829,-0.267197238934323,-0.276419167034625,-0.26223212410608,-0.224401204730485,-0.16770734260501,-0.100200312780301,-0.0291982723072075,0.0382030151326163,0.0969158401817946,0.14366800313108,0.176659446933889,0.193955922303354,0.193986553432266,0.175196716877803,0.135257159085198,0.0726091497133008,-0.0126126247073421,-0.112448440445083,-0.20478287632951,-0.295471411372919,-0.390982573033979,-0.447517581267916,-0.449723328808321,-0.42020162066938,-0.37735562329376,-0.328928048956267,-0.278305484411647
0.218329865865421,0.221373419359438,0.224418272153938,0.227453638719246,0.230484066686649,0.233449051944855,0.23636958711698,0.239195326843637,0.242268380395498,0.244724308866111,0.247055574901222,0.24926336907936,0.251327236446452,0.253256288123842,0.254699046592142,0.255696407232395,0.256197319621848,0.256122850279861,0.255388251717609,0.253891033723948,0.251516078043966,0.248137602842168,0.243624005897108,0.237797380195719,0.23047223093655,0.221448758780958,0.210537252308831,0.197476914364152,0.182038372116613,0.164017581633546,0.143292244666673,0.11967650470714,0.0931151989051228,0.0636622578701362,0.0315457090655633,-0.00296045993287696,-0.0394753138906889,-0.0773313950273707,-0.115961721581522,-0.154574774481571,-0.192419534943481,-0.228893636786374,-0.263195862281481,-0.294841914647399,-0.32344020079718,-0.348722802611059,-0.370489638353075,-0.388696218529489,-0.403379736211491,-0.414516684528021,-0.422157038351202,-0.426350692698297,-0.427021455111841,-0.424060682045233,-0.417297969156534,-0.406455020574369,-0.391159290806855,-0.370997937500502,-0.345567075247209,-0.314287788464538,-0.277171796828956,-0.23471334382931,-0.187754819244185,-0.138661845584125,-0.0908312270511797,-0.0492955505730167,-0.0194646997837636,-0.00578655877845372,-0.0116318172746997,-0.0384784901139889,-0.0858295307678526,-0.148182667392101,-0.21786536527363,-0.28380556865875,-0.333026221676604,-0.352390340573883,-0.336120679669208,-0.283696164301065,-0.204841272403476,-0.110972629428361,-0.0147262906231128,0.0742530342620212,0.150503200264518,0.210585768736229,0.253168136798582,0.277483142030358,0.28181712627095,0.264235938802535,0.22051619373719,0.14420149227677,0.0324335248945416,-0.117973257219465,-0.384813658653195,-0.604563777096375,-0.650257280706519,-0.598570175401526,-0.515823890623343,-0.431451464133191,-0.355352994633186,-0.288624045187014,-0.228186507513515
0.223694887701782,0.227038781205192,0.230404172573628,0.233782065002561,0.237157597103566,0.240502117198621,0.243834690038748,0.247137231910443,0.25046654462949,0.253479866613327,0.256515446160379,0.259379286901103,0.262007232416409,0.264490191954374,0.266662613586224,0.268415221733535,0.269727217367434,0.270452340630803,0.270559010311839,0.269929082767045,0.268439235934804,0.265943468486606,0.262287308069067,0.257304028951758,0.250753887199874,0.242391579763411,0.231955867576699,0.219180616420157,0.203753591279198,0.185388920110985,0.163847896866674,0.138972331792436,0.110586633618144,0.0787052188369856,0.0434965808566367,0.00531878188719378,-0.0353488498864993,-0.0779780680885708,-0.121517970924157,-0.165172742160024,-0.207937759595375,-0.24889409404806,-0.287349532935165,-0.322594643588171,-0.354164307227935,-0.381879060572168,-0.40554334812293,-0.425178268839069,-0.440873655691167,-0.452728561722536,-0.46084847888041,-0.465339304407253,-0.466176715318969,-0.463246095120425,-0.456342022224287,-0.445086128832465,-0.428987821592968,-0.407338372805874,-0.379393652380499,-0.344184302179514,-0.301178985337269,-0.250093390384066,-0.191132876095707,-0.127099370566651,-0.0626681986383408,-0.00433773043874918,0.0393857260372133,0.0614925075805682,0.0561816412065796,0.0208427776539405,-0.0447914432546307,-0.135790769383796,-0.241550622555719,-0.345877231788418,-0.427628595655998,-0.465522345029414,-0.446034077671041,-0.37106233726021,-0.256217459325592,-0.123580575107028,0.00683027654038558,0.123713199711586,0.220394435550434,0.295110616931474,0.348126088491124,0.380715617389023,0.392529920094151,0.381073367568637,0.339425763880746,0.268184760510119,0.0948256139388372,-0.443223890584529,-0.834033379242652,-0.916676832753369,-0.82410632006245,-0.672275470543903,-0.519223306653003,-0.391534103915313,-0.292907342196413,-0.216117347663903,-0.152225556762586
0.229020782393569,0.232669194848037,0.236364666678393,0.240096860389532,0.243853581578438,0.247612307543642,0.251375859714245,0.255138233918809,0.258844485603028,0.262511459073875,0.266108664341868,0.269610841841243,0.273036703923802,0.276028362619094,0.279035678740927,0.281551471396409,0.283706238132248,0.285365083485242,0.286437812898435,0.286809486959757,0.286355376012129,0.284934683648783,0.282350864814124,0.278406731077627,0.272865579129023,0.265418202028345,0.255748619481532,0.243529178510479,0.228410779371695,0.209981174698331,0.187878253193138,0.161831056700709,0.131638708591724,0.0971766678113161,0.0585465904354161,0.0160981136418144,-0.0295498056000209,-0.0776122652001034,-0.126976694509596,-0.176607224007333,-0.225159761338489,-0.271516733034901,-0.314713102674163,-0.354042473326225,-0.388920950927559,-0.419150946984378,-0.444721150546377,-0.465711802849473,-0.482300650548453,-0.494759889455038,-0.503320814944108,-0.508040690402339,-0.509120524399093,-0.506397029255141,-0.499704265256515,-0.488562962239328,-0.472341983149017,-0.449989332216541,-0.420404463386328,-0.382042255827365,-0.333546555462429,-0.27304832529354,-0.199678620783217,-0.116139236778159,-0.0280620458420433,0.0550842415963683,0.120796914000207,0.15764203706858,0.155928332469974,0.111040271095868,0.0227646618937657,-0.106133124220687,-0.263457783089713,-0.426862654367687,-0.56403756122072,-0.633777872476567,-0.610814352232626,-0.498407376345694,-0.329682075758921,-0.136923596245174,0.0421769542037913,0.19350522061432,0.312658552929286,0.40103972139111,0.463748449898912,0.50501858028278,0.526967850174725,0.52795368655729,0.509938546171122,0.462377869814263,-0.117713618049894,-0.830734753631269,-1.12893406287081,-1.14525306743103,-0.99712619569102,-0.773307063294805,-0.549765983211917,-0.368638655598315,-0.23772711553375,-0.145101545487912,-0.0744683017877018
0.234306074074379,0.238260652152224,0.242278969974408,0.246368096783485,0.250515891859696,0.254696895874239,0.258918213680592,0.263138936113688,0.26737629242011,0.271587140282449,0.275822893053247,0.279944939806843,0.283934901217775,0.288052193936345,0.291171211189883,0.295045961172706,0.298144665040346,0.300810107276964,0.302961238115378,0.304482121835926,0.305234518202592,0.30506222218926,0.303781944283388,0.301142085226249,0.296874084943302,0.290688233613829,0.282171185621345,0.270894430789118,0.256418584343552,0.23825981975758,0.215905589794614,0.188901104271727,0.156939073144657,0.119810235725782,0.0774645546251426,0.0302173102776144,-0.0211203160563188,-0.0758332971886967,-0.132319851372172,-0.189063651804867,-0.244657655150108,-0.297382769511463,-0.346063477549188,-0.38998721241423,-0.428420244662445,-0.461231291671104,-0.488563374288409,-0.510702395421515,-0.527930059360051,-0.540765501609936,-0.549522273889794,-0.554486276634758,-0.555854163108568,-0.553599371420882,-0.54752506410755,-0.537142213894262,-0.521670995549874,-0.499886883714848,-0.470138340753543,-0.430357524168297,-0.377654095563184,-0.30797295598438,-0.2188629042345,-0.11028049097856,0.011234008135846,0.131290510375814,0.232291423112403,0.293952043408201,0.301803518535954,0.247895710513055,0.133256767277143,-0.0418033368398263,-0.268442091289503,-0.527419207220699,-0.760026258666945,-0.90261983881059,-0.905891240271022,-0.707929283262267,-0.409956127828022,-0.112845441327703,0.126900746660341,0.307489073849443,0.438683979086698,0.532784025973976,0.599779980184218,0.647517388321555,0.680697968232574,0.704731593824972,0.742989043107148,0.621725602521598,-0.272549320666432,-0.934209733308269,-1.25236719275972,-1.35297769223688,-1.2570086149015,-1.00727812045164,-0.700535737148566,-0.431884828126615,-0.237466601153203,-0.106887770643721,-0.0158186163448993
0.239479388389757,0.243783591093925,0.248149391117963,0.252597515796867,0.257123056567218,0.261715305800007,0.266348105195393,0.271078037550671,0.275876269117979,0.280691646094419,0.285564802432982,0.290350653172141,0.295120914223844,0.29985438597379,0.304555957664179,0.308808966088041,0.312941459738978,0.316733555083029,0.320076142243365,0.322878041172056,0.325006642729233,0.32629266777842,0.326535106152647,0.325509476900107,0.322875668014184,0.318287825301736,0.311340468091061,0.301471124735578,0.288119642611971,0.270717332006773,0.248602383256496,0.221082123500047,0.187564177025101,0.147695309010986,0.101351404247253,0.0486998559046374,-0.00951185509740309,-0.0720434109581104,-0.137307923326024,-0.20291024989135,-0.266942708770884,-0.327368985656599,-0.382511085004096,-0.431438008440435,-0.473609232309942,-0.508912469482586,-0.537730916750515,-0.560614240340925,-0.578094040082912,-0.59091548175597,-0.599536370511533,-0.604553083356405,-0.606199865357658,-0.604583174280369,-0.599535496012622,-0.590656805393892,-0.577121213423451,-0.557444345604921,-0.529827930336845,-0.491720801185036,-0.437836895257944,-0.362047681923253,-0.25768601533876,-0.118415979138283,0.0496891561669329,0.228676926055098,0.384908379976463,0.487853809537918,0.51248240110707,0.451225946017026,0.308258284139237,0.0862099881454493,-0.228805669162969,-0.641750016168721,-1.27592323597666,-1.56965025983282,-1.32029929200611,-0.834764330620713,-0.351485784719455,0.0332757410955207,0.300306576830533,0.480045851366303,0.602662003893329,0.688216181188168,0.750658034133969,0.800010013714214,0.843962056687227,0.902717444501081,0.997762091537018,0.722963196566401,-0.186166376980581,-0.819198821036623,-1.21509524202253,-1.45743138450807,-1.52144731979293,-1.36967492488362,-1.02630463258355,-0.648893656186321,-0.345713291467928,-0.13706401867215,0.00107897443153761
0.244596674252479,0.249165544456532,0.253890990938243,0.258702616336572,0.263628259615518,0.26865650216402,0.273785098830484,0.279007671743976,0.284339646761941,0.289775244339143,0.295266880191728,0.300811007365707,0.306305379442543,0.311743655081826,0.317569979962771,0.322895670788764,0.32804252764358,0.333000228303085,0.337659169303326,0.341893214172788,0.34557728279741,0.348548797023196,0.350594637760851,0.351440411544396,0.35082578048315,0.348293223708126,0.343355054772555,0.33549082495498,0.323974638057685,0.30796820031294,0.28669476956191,0.259208756825894,0.224610402101778,0.182164388911647,0.131584571080195,0.0728255683532729,0.00655447688176581,-0.0656003247725715,-0.141636903832967,-0.218411860198101,-0.292878040203363,-0.362733947254304,-0.425442416754904,-0.479832578592875,-0.525673121538567,-0.563135121449101,-0.592980213220887,-0.615855795133849,-0.632987857985592,-0.645146606912712,-0.653191273919184,-0.657928392357583,-0.659746499622312,-0.658886104365425,-0.655229124749706,-0.648772178120831,-0.63835921151124,-0.622799348645421,-0.600160570191118,-0.567581309124283,-0.518664595617496,-0.44499206624612,-0.330889743204126,-0.159416071867076,0.0744855483374715,0.346416840502327,0.599582769651133,0.767222200770545,0.814285268376985,0.742279808600019,0.570767210037534,0.310989509782284,-0.085969457079191,-1.24663169932986,-2.10406026133054,-2.13404239144664,-1.64437084857559,-0.91811651910649,-0.256125913804343,0.214298820171099,0.503898489120826,0.674859904114568,0.780032865763343,0.849961430507721,0.90267623077327,0.949490678648058,1.00299285921626,1.09864447579916,1.21254023649317,0.871429118472839,0.0118215249976651,-0.632583874469224,-1.08768253170051,-1.43044849435833,-1.62643092510834,-1.64802392111088,-1.43305501327568,-1.02524540204586,-0.599406201959308,-0.269965724371345,-0.0479252569069906
0.249510736634086,0.254449713374983,0.259526025837863,0.264699267270753,0.270017031520325,0.275482608625886,0.281092127917661,0.28683774977706,0.292712524691833,0.298778136257878,0.304961673982502,0.311146412598275,0.317493115824113,0.323939050939704,0.330350047177947,0.337036829961972,0.343509000036858,0.349580451964999,0.355668263819029,0.36147717115309,0.366858032493439,0.371689368142986,0.375776618803363,0.37886513842603,0.380611332244135,0.380647782105351,0.378373967914694,0.373133190590187,0.36422807303524,0.350524216246265,0.330970346114687,0.304427522368751,0.26955798027992,0.2251109055998,0.170084920112382,0.104411465983871,0.0286215866986246,-0.0554980924214973,-0.145013165475106,-0.236111351058924,-0.324034706164197,-0.405102599726346,-0.476669116474171,-0.53695756957796,-0.586145679973574,-0.625120458020322,-0.655030991038989,-0.676985871485759,-0.692836854320462,-0.703469338079813,-0.710255293890141,-0.714226532640319,-0.715947271210278,-0.715701882597582,-0.714038929356539,-0.710627487151485,-0.704539330583985,-0.695061736767378,-0.680417880812578,-0.65835247896441,-0.623296699687753,-0.565717451131644,-0.462993772860196,-0.271037843891043,0.0533607551825564,0.487676472542589,0.916324168165887,1.18343354812588,1.24237368997752,1.1377533979569,0.930654339828075,0.689478629550518,-0.128677340383283,-1.75751239082627,-2.57684368290123,-2.60951691946015,-2.0616259262204,-1.17136083466864,-0.310384157597001,0.289075377175674,0.642050679907116,0.828801455855951,0.930543726666434,0.991688771029033,1.03700974315218,1.08065709566183,1.14232913226961,1.25823574471928,1.35694857122458,1.02238086489728,0.216974161902725,-0.455065567448854,-0.958029149883231,-1.34925213814547,-1.60574169342318,-1.70571864950163,-1.65997394749275,-1.4188610947513,-0.9883721539262,-0.540356812787085,-0.191035009219262
0.25453532974502,0.259599939280822,0.265014843902052,0.270564641956854,0.276273284796751,0.28216610420781,0.288241778457668,0.294483442057145,0.300990881860729,0.307647650220521,0.314424997213916,0.321418896005368,0.328617838510381,0.335933811726199,0.343287199457095,0.351281342005639,0.358599743512379,0.366315759358289,0.373954742306664,0.381430246701296,0.388695025074481,0.395617917582725,0.402026696780468,0.407682268926354,0.412230482819029,0.415261351868123,0.416256495027881,0.414508836242761,0.40900921574212,0.398772618127444,0.382305090828207,0.357964313711091,0.324030875525682,0.278446227646685,0.219558075428903,0.146345978380807,0.0593448141188989,-0.0397563276447281,-0.147048625170654,-0.25678064446493,-0.362204063987447,-0.457456924531187,-0.539154880901125,-0.60543605610879,-0.657195228012094,-0.69630964267779,-0.72461348859997,-0.744485775312631,-0.757734803471387,-0.765680370956345,-0.770331979375618,-0.772755935190161,-0.773798569153265,-0.774236150388496,-0.774395696559408,-0.774642522408957,-0.774024410316075,-0.771903553794198,-0.768018071638314,-0.760125959814511,-0.745766671878145,-0.722674268636253,-0.676855235052717,-0.526242481334123,-0.108172642647497,0.654146983566751,1.42957755767353,1.82857667524371,1.84474316379163,1.64730110442104,1.37376932023061,1.12672282178024,-0.186705851137237,-1.75717759757083,-2.73399839947371,-3.03046777106732,-2.60041833644705,-1.65625245475007,-0.618643872291567,0.166297746643418,0.639477141090702,0.88892313168876,1.01651501284725,1.08788377475033,1.13609947574745,1.18087412933325,1.24900982538685,1.36363256262181,1.43255545326524,1.13650445257894,0.380636840931559,-0.319870476980924,-0.864675553757078,-1.27727784618628,-1.54248868665905,-1.65760906874848,-1.6645070582623,-1.57225623108701,-1.33842167882623,-0.914082980172993,-0.452851199731051
0.259129236834304,0.264668497474725,0.270307019111086,0.276216985238591,0.282320007625537,0.288660051382738,0.295221525485248,0.301998409319083,0.309023747071402,0.316297740136182,0.323794845385211,0.331543728889231,0.33948748014245,0.347776901625055,0.356017263583398,0.364854323222671,0.373984955197158,0.383030379612054,0.3922787202155,0.401563351443612,0.410864635460727,0.420080563748609,0.429044241485514,0.437540142415158,0.445314438913135,0.45195912313812,0.456930378981964,0.459498471814827,0.458693614320553,0.453171793726357,0.44138810437589,0.421247113002209,0.390042763235521,0.345061798004123,0.283632626975731,0.202944839446569,0.102222808441476,-0.0161507197079166,-0.147013354250663,-0.281803804953747,-0.410408687955638,-0.52418979960966,-0.617201752818217,-0.68869715133843,-0.741019845333516,-0.778038602168711,-0.802446528574147,-0.818748784552014,-0.827635439130249,-0.83148688067875,-0.832695612848526,-0.832446823291225,-0.832397190901048,-0.832959028616344,-0.834849516711914,-0.837301038525228,-0.842059039581961,-0.847534727334204,-0.855880345814085,-0.866730469179321,-0.878286408477384,-0.885015808079867,-0.818172780122997,-0.707106749555701,-0.583182814039365,0.393141105757293,2.05345522243518,2.83131698617052,2.6479515850786,2.22655942559475,1.85985429280063,1.36071432163837,-0.164698835386828,-1.64072016553336,-2.64764882767325,-3.11722333785445,-3.02834826300007,-2.21712149341103,-1.13964587290314,-0.171493401564894,0.466979050500397,0.825184410678569,1.01764087314602,1.12288880032889,1.18767205888591,1.24211185947906,1.3168459417023,1.41266976861073,1.44718538839587,1.18446424386969,0.486206207299981,-0.234071206821453,-0.822647572478545,-1.24460318331448,-1.48437934930581,-1.56933523775003,-1.57021353343824,-1.52614269036033,-1.42611742825443,-1.21491448263399,-0.803795289181785
0.26365232601792,0.269482044945368,0.27552698574535,0.281764893898281,0.288237495331802,0.294954985563001,0.301973882416637,0.309245896292035,0.316829635894195,0.324708286278847,0.332843089118414,0.341357595719523,0.350189082068317,0.359393016810713,0.368892688979464,0.378775711623642,0.388983516807378,0.399608769825961,0.410487900389438,0.421663152012993,0.433109584173786,0.44476312183998,0.456485747700324,0.468166868934597,0.479578599675316,0.490390202432798,0.500034577461599,0.507862586810895,0.512915831407498,0.513859223967397,0.508772919215004,0.495204593813415,0.469769679324518,0.42845295450585,0.36662186294913,0.279658563384545,0.163768454920331,0.0208859035783975,-0.142291873236623,-0.313684968128502,-0.474412104534365,-0.611957800782995,-0.717132150768661,-0.791829599364757,-0.840692000100324,-0.871278949555609,-0.889802860316296,-0.900305780496452,-0.90270209352923,-0.90086255033404,-0.89564340660429,-0.890830143750906,-0.887007348029371,-0.887410967499946,-0.890403465496197,-0.897469498938176,-0.830836392564276,0,0,0,0,0.0748345013225659,-1.08973615400635,-1.67723199427886,-1.92687162809743,-0.486373442106813,1.74134044882929,3.63666188872736,3.42239942487652,2.73901646339507,2.26396195029011,1.23434882627784,-0.300209885084484,-1.66362570563206,-2.51648872107779,-2.91911773319537,-2.9951483061695,-2.61011064008056,-1.69435047381626,-0.660744082812749,0.14504277863243,0.646513380374322,0.931338185553508,1.0932361030808,1.18927758646401,1.2614146318901,1.34025170531749,1.41593889757086,1.42231495269869,1.15506070955002,0.502732946990642,-0.225830258451345,-0.835460734268296,-1.23513694928372,-1.424627297406,-1.47142083431439,-1.45138633829109,-1.40685266211332,-1.34966562119805,-1.2561195611934,-1.06042724296559
0.267934943044263,0.274037812687663,0.280483581675405,0.287071800704467,0.293863916650335,0.300987242803403,0.308456596533433,0.31621190083139,0.324301219186275,0.33279971062515,0.341620923793627,0.350835585903489,0.360517664402354,0.370625995982158,0.38111205669328,0.39205861961895,0.404248887717386,0.415824151777339,0.428370101522262,0.441499201168939,0.455169363394247,0.469347239215642,0.484014990574226,0.499107312530703,0.514486133370208,0.529861724579014,0.544846725124084,0.558921368690203,0.571226912448106,0.580486308928431,0.584670771005194,0.581091724556574,0.565597003989356,0.532813600820418,0.475428326373037,0.385202665295405,0.258419739106091,0.0798670410145017,-0.130915809182575,-0.355719585073372,-0.563916234540381,-0.732871406678745,-0.849302564894593,-0.920728430504793,-0.959172724346147,-0.976945097736059,-0.984655951063679,-0.989278020632429,-0.983002411728373,-0.969851524960724,-0.956495106330469,-0.823036706124285,0,0,0,0,0,0,0,0,0.601087711734082,-0.271902662364618,-1.27294471255801,-2.23331263517091,-2.73450621374976,-1.28398283776246,1.37979806442395,3.552135044267,3.63392154139422,2.9612237554011,2.23412711895382,0.793547254870995,-0.641783180045995,-1.80847654786434,-2.46057762539303,-2.69674187940262,-2.70390695507736,-2.55771685378745,-2.05766166584001,-1.16524667068311,-0.253593503683521,0.391184746286677,0.778452633789646,1.0070676269959,1.14532047514183,1.2418560310464,1.32620844002906,1.38839687728079,1.35533309062039,1.04187128873337,0.395917514518073,-0.324462979040523,-0.889122566997973,-1.20971203382793,-1.33748362182895,-1.35854597301596,-1.32947959778893,-1.27949453956656,-1.22373359423532,-1.16504910257442,-1.07617315544746
0.271992428550321,0.278381197538168,0.285018827906304,0.291991272584154,0.299204904138535,0.306701084264466,0.314579847532545,0.322834408468552,0.331457383697382,0.340498019180981,0.349959014932077,0.359906656101725,0.370376003743367,0.381326255211441,0.392887879998442,0.40494023768169,0.418056199531472,0.431512645598923,0.445695591923583,0.460785572620095,0.476669816411484,0.493458060792538,0.511164630360142,0.529825251811759,0.549405670997041,0.569730708746679,0.590652979961999,0.611806581419018,0.632614027448717,0.651816772926023,0.667887691811757,0.678146204528169,0.678172532319071,0.661059987995437,0.617505147486412,0.532208169653117,0.388807418721573,0.176073995974282,-0.10296933908143,-0.414328011750399,-0.697460765495925,-0.906895101098357,-1.02984617083741,-1.08242962741289,-1.09566475253501,-1.08995459746925,-1.08243338024623,0,0,0,0,0,0,0,0,0,0,0,0,0.731080899078452,0.363281946362725,-0.304491909082641,-1.12449659855587,-1.94308894603281,-2.38806378455789,-1.6307960263402,0.680990461605126,2.59584865604195,3.01563728608974,2.62740467989225,1.48250393384126,0.098624738301186,-1.09739590979867,-1.98011775338304,-2.42614375380599,-2.52672680792596,-2.42587023205337,-2.24982853655457,-2.01551194169563,-1.4945242024782,-0.636183827943835,0.111723023201694,0.590797827070779,0.88427407287642,1.0684431503271,1.19398534970462,1.28754619321381,1.33095454392573,1.22178778678436,0.806206340004436,0.142760419721232,-0.494154022618065,-0.921219740986943,-1.13841128210912,-1.2193385299063,-1.22896664012193,-1.2025674179459,-1.15729139044185,-1.10287340232599,-1.04736473066735,-0.992164987087925
0.27580644914384,0.282452444191405,0.289392950348927,0.296631755672485,0.304180540749777,0.312036000280642,0.320358068912417,0.329044667377298,0.338124814133051,0.347728543839339,0.357818412283275,0.368400979043557,0.379645423760707,0.39152414682688,0.404026169113508,0.417238585936098,0.431742050255855,0.446355575021887,0.462256087477809,0.479171881710626,0.497244099269174,0.516599101387464,0.537348410396242,0.559600974346321,0.583432761197552,0.608958371770329,0.636204159386537,0.665092329258549,0.695345275037917,0.726271144557437,0.756872240948631,0.785184538508173,0.80713774642083,0.816056675698073,0.79985879369339,0.738482552670753,0.598728289707544,0.345680313178794,-0.0415275752768721,-0.505111095224032,-0.912211226026388,-1.17003077377849,-1.27741426744357,-1.09522566574104,0,0,0,0,0,0,0,0,0,0,0,0,0,0.507682652373128,0.667691479237172,0.526788007699588,0.224556074013422,-0.260960967295308,-0.855727435184172,-1.41655983611598,-1.67585887079107,-1.20828835049152,0.0352612942068325,1.31704240509124,1.80310763137859,1.38272684975328,0.393517146092657,-0.612008743188709,-1.48855475646412,-2.08070544660218,-2.33300102001723,-2.32454890049202,-2.18025293569875,-1.97767154754268,-1.76596545933956,-1.50865149657587,-0.896362331761256,-0.118187894993984,0.420957923858426,0.758193972432612,0.980198972691561,1.12929495418766,1.21386099906657,1.18745389163299,0.925474274858007,0.414942843655336,-0.161489161855662,-0.614012185626903,-0.886647120878928,-1.0268424347058,-1.08255963406544,-1.09114299112678,-1.07308980057267,-1.03858986860567,-0.992911089453451,-0.941458472555995,-0.890917874608179
0.2793480561472,0.286216574732229,0.293408696026909,0.300928887679349,0.308722336287012,0.31703120306475,0.32571538932309,0.334829271916704,0.344357891182035,0.354443263666594,0.365113845497265,0.376355600837171,0.388282759519152,0.400905665606398,0.414351596338248,0.428678972124793,0.443864611808273,0.460313565946034,0.477684018860432,0.496382598761824,0.516565347267888,0.538390077943474,0.562073585360994,0.587788934154237,0.61584844513751,0.646532381578852,0.680161146203526,0.717007299286791,0.75717987078977,0.800889323227183,0.848022424890527,0.89787208371893,0.947756953165204,0.994018162962111,1.0261359073639,1.02017034484731,0.928192417462859,0.660835407992721,0.112844042209549,-0.662961803932052,-1.29593429236695,0,0,0,0,0,0,0,0,0,0,0,0,0,0,0,0.53021350046708,0.535423427692487,0.47323042951695,0.317866692482235,0.0502213502688425,-0.317644200553847,-0.743275274350899,-1.11270566395773,-1.30022706676403,-1.04454891584321,-0.387126610606531,0.266306150600179,0.453405375422198,0.131553736351653,-0.486862499406009,-1.1511534136224,-1.72016363550482,-2.05435017026682,-2.13899974444334,-2.06827744223622,-1.92586777606628,-1.74658936186517,-1.54647273791258,-1.34804769751707,-0.968865658366104,-0.249912172254389,0.314164766787075,0.663375501274776,0.885660240043083,1.01078673478469,1.01425688909044,0.835411618794812,0.479170491778064,0.0458286990534631,-0.345487887192786,-0.627099801879115,-0.80289774078805,-0.897409080851352,-0.941476450852645,-0.954276484540283,-0.946663288970333,-0.924649145101272,-0.891127259477572,-0.848682840973414,-0.802396672365493
0.282559207540738,0.289662580401949,0.297103375061918,0.304883167533187,0.31300917827829,0.321508501089616,0.330193854656869,0.339904645606535,0.350008718969958,0.360581413105708,0.371767576414341,0.383558273009352,0.396133478866852,0.409530457050311,0.423803283486459,0.439040530315819,0.455237503070534,0.47273061205333,0.491768899018926,0.51212210827059,0.534244796331302,0.558327718256584,0.584701855040289,0.613721861427486,0.645739885292446,0.681307481093191,0.720982012594942,0.765424133025735,0.815471482690956,0.872032820951314,0.93631799851536,1.00944769512837,1.09216073494428,1.18467016713131,1.28558871295299,1.37920275778226,1.42330577204096,1.28120437161366,0.567573022759294,-0.679205215117878,0,0,0,0,0,0,0,0,0,0,0,0,0,0,0.432129856982185,0.423473949229501,0.384263241381867,0.309187686942396,0.188261526213344,-0.0134565414664734,-0.284856615285125,-0.603706508236506,-0.927228879387243,-1.19144482915591,-1.31199284428434,-1.172023662654,-0.824864844416071,-0.522924593895963,-0.465059678260394,-0.687739021494715,-1.06608983289659,-1.45343676842371,-1.73646462366611,-1.86462733406314,-1.86771561701194,-1.80241065898412,-1.69068772316925,-1.54422459291232,-1.36982742215039,-1.17673646986256,-0.917611397244119,-0.36125056789468,0.220892995055451,0.561257742093503,0.728559632395397,0.760777146261927,0.657617378261797,0.433437872582562,0.144099506339786,-0.146427752559371,-0.388939106755671,-0.569446725827331,-0.689180342281664,-0.764856958687434,-0.8073635759987,-0.826825945487585,-0.829790291101575,-0.819679693096431,-0.798193908248827,-0.76633139054753,-0.727038015155484
0.285491392686806,0.292781328818334,0.300411528324424,0.30843347670963,0.316822099768852,0.325605948793598,0.335023427582173,0.344523045907895,0.355129659310993,0.3660783306023,0.377701594104366,0.390055590242777,0.403184212507305,0.417220593950623,0.432207547594579,0.448274616078893,0.465448705329915,0.48481030536582,0.504211810358122,0.526047088001608,0.549867537186782,0.575944804407667,0.604697808045323,0.636590464120724,0.672149986007093,0.711970310235951,0.756970602247219,0.808244553690129,0.867190482688517,0.935479495871526,1.01552709739291,1.11066640567707,1.22572008912873,1.36749045631152,1.54652493768558,1.77515718570204,2.07264702077996,2.39553514218679,2.29027730615409,0,0,0,0,0,0,0,0,0,0,0,0,0,0.0308349898772639,0.342381662819245,0.273491580558483,0.167242969036296,0.0369607874718832,-0.138477348767659,-0.342890274627458,-0.565283027426551,-0.810050916270779,-1.0670122170185,-1.2909959338433,-1.43742869859104,-1.45974863684921,-1.3456153095211,-1.14988182677655,-0.997166926316237,-0.981943081971171,-1.09254713459154,-1.2694133220339,-1.44598381230673,-1.56751897978153,-1.62351468230784,-1.62317960221969,-1.57798252170368,-1.49228507377449,-1.37111820299,-1.21740261901514,-1.03016366267119,-0.815436358144743,-0.510173960104583,-0.0139820433176056,0.344636751713303,0.483365239272723,0.473270146747704,0.361331827272994,0.186522245883538,-0.0107792416356062,-0.19718646140585,-0.356769825097774,-0.482236693326519,-0.575929219521005,-0.642960951947472,-0.688454576992557,-0.715779287660913,-0.728255410933946,-0.728200105130309,-0.716551089526721,-0.694106440690015,-0.662236705571526
0.288088973463659,0.295536982039263,0.303361400525571,0.311581861577824,0.320217408997977,0.329275353224216,0.338870296131422,0.349145714171754,0.35955584009557,0.370882963280729,0.382928652339281,0.395720452712441,0.409313316721323,0.423936452789787,0.439476311873686,0.456294254890185,0.474275218213004,0.493668175981786,0.515010514491692,0.538050556184282,0.563298668858283,0.591060633773399,0.621751220701822,0.655958933959818,0.694314109232492,0.737612995312008,0.786903883190975,0.843611197345155,0.909570706017759,0.987181520617922,1.07962241471079,1.1922123198857,1.33269937634531,1.51362637028738,1.75670200492996,2.10138377576698,2.63902583066317,3.62653118076502,6.19527714316837,0,0,0,0,0,0,0,0,0,0,0,0.19257696971421,0.17108497551807,0.0579870724398457,-0.130280373132075,-0.326918980740189,-0.512253633573574,-0.675044593646464,-0.820712709459504,-0.96884460490842,-1.11557111303637,-1.25902885223915,-1.38358679853369,-1.46548583506063,-1.49005133457356,-1.44904255261302,-1.35037323005199,-1.23099759056978,-1.14203616841393,-1.11895105433432,-1.16215391256308,-1.24395806025054,-1.33310670412949,-1.4028291116747,-1.43949539206658,-1.43797871142613,-1.39893639004494,-1.32684733123583,-1.22217383707291,-1.08766871453356,-0.924633117122532,-0.733312042611419,-0.524048328943798,-0.28129001612009,0.00771186015116006,0.186515456101837,0.224989453433736,0.167643887751898,0.0604630561197669,-0.0657318604771891,-0.191283850027705,-0.305564369499619,-0.403662584765012,-0.483884674131622,-0.546837059213349,-0.594162489303952,-0.626960264154142,-0.646005759658286,-0.6524118874391,-0.647482850707476,-0.63190524925472,-0.606415398313636
0.290354790250239,0.29793825227165,0.305913998125561,0.314290449801761,0.323109965865889,0.332362371510866,0.342131667143129,0.352456189502793,0.363390886204801,0.375045346991281,0.387363342992474,0.400552138760143,0.414525621847325,0.429543464163583,0.445626877972889,0.46299482605284,0.481682424161807,0.502014786402074,0.524253709907564,0.547847910268089,0.57406295202456,0.603070935033693,0.635200563597969,0.671106553297305,0.711518805514155,0.757362102462464,0.809699991420536,0.870097150016372,0.940620715676399,1.02410711896974,1.12437771130773,1.24703149196391,1.40111470213943,1.60088929370904,1.87088471613453,2.25368981974146,2.83808898747773,3.81634576342317,5.43861121755799,0,0,0,0,0,0,0,0,0,-0.235701608898908,-0.582374174464334,-0.768691918371597,-0.809804857808055,-0.8484329532971,-0.861728566470856,-0.895166966744967,-0.932433336992689,-0.980789833264776,-1.03972680053009,-1.10590407758758,-1.1752021596724,-1.24679454360352,-1.30816036661171,-1.34736708647488,-1.35394298426338,-1.32536902057498,-1.2694326300183,-1.20483255295873,-1.1553455620989,-1.14011049757038,-1.15677325268917,-1.19751427041552,-1.24465149956902,-1.28283241100719,-1.29961926962711,-1.29094036961609,-1.2540371764288,-1.19011060383471,-1.10017223836029,-0.985471025291489,-0.848321427500852,-0.692161210049167,-0.523122862298611,-0.355870478833881,-0.205858989860743,-0.0806365228954347,-0.00936337659004528,-0.00156188693084633,-0.0443439819759812,-0.115476065518282,-0.198052847346721,-0.282170459690799,-0.360371030089958,-0.42867785320883,-0.485309493216718,-0.529717906761086,-0.562126320202764,-0.5823731244762,-0.59126582396365,-0.589544429710549,-0.578115552923996,-0.557684193779585
0.292244970553526,0.29992623178744,0.30803158530466,0.316551398514146,0.325528278262917,0.334939464983298,0.344890523026198,0.355424028219646,0.366595698131326,0.378494701149294,0.390935378174719,0.404444389318554,0.418710101925215,0.43406077347624,0.450498625748653,0.468217340078835,0.487433678209969,0.508154999744116,0.530516350039463,0.55533755445288,0.582207922879598,0.611983655929127,0.645052131162516,0.68195108995137,0.723482243799896,0.770586022829635,0.824467735421189,0.886515261659948,0.958886584645728,1.04437445903187,1.14676680737428,1.2712142459123,1.42554289923679,1.62175089922815,1.87791863245481,2.21832029505729,2.68105071353436,3.27598382354757,3.83757353254384,3.75732759264927,2.73735337381374,1.46500691982946,0.379364003224229,-0.324878262872601,-0.84736268578819,-1.13825199242466,-1.20858774061288,-1.12708644059692,-1.01098375148513,-0.922880572258606,-0.869787335794243,-0.845363108359195,-0.839553256745684,-0.847778865129572,-0.870400962226531,-0.903608205573493,-0.945177034026708,-0.993774266760963,-1.04745154786722,-1.10276946781113,-1.15609068787966,-1.20097486152335,-1.23030510722754,-1.23898930399215,-1.2261660020964,-1.19690639040352,-1.16206794838398,-1.13435751887992,-1.12321360896226,-1.12900512646733,-1.14707145485711,-1.16916502432014,-1.18541358814848,-1.18857524596548,-1.17308085968359,-1.1371926758712,-1.08009953787743,-1.00234637089056,-0.905413482582742,-0.791796792866929,-0.665781807597994,-0.533732146432467,-0.405378811205677,-0.291891131175219,-0.205238382773812,-0.153514541905537,-0.135935908166747,-0.148457322495593,-0.184792112664223,-0.235903975179497,-0.293421970934487,-0.351173074605947,-0.404553605910458,-0.45066561662061,-0.487925663761405,-0.515559745612414,-0.533219070188481,-0.54146261342898,-0.540536450808591,-0.531180753597708,-0.514205173753897
0.293800810441319,0.301571817987745,0.309765774366551,0.318372824075395,0.327438581496121,0.336982549297764,0.34705251036125,0.357700259523006,0.36903790584797,0.380989736087152,0.393542565584965,0.407363841742237,0.421871410085847,0.437407976335229,0.454077646231761,0.472045525967078,0.491358410006125,0.512492701851738,0.534683986221489,0.560338172183178,0.58735904307951,0.617653870484394,0.651025248941342,0.688266447275396,0.730027742755498,0.777272070891741,0.831136611905005,0.893027842366309,0.964593688290845,1.04833309022734,1.1474482635595,1.26616241153264,1.40955739024118,1.58489830584129,1.80078895938243,2.06449213567587,2.36980874347007,2.6749809261911,2.8439722745041,2.67508159690743,2.10857969461412,1.34866769222387,0.621286865461281,0.0207253775321161,-0.422511074120577,-0.705394428631816,-0.839510837930991,-0.867658682085057,-0.849464836852681,-0.820634372333738,-0.799745947021471,-0.791209310397354,-0.794755032141578,-0.80846959921533,-0.832004061076864,-0.863561463270018,-0.901680365714108,-0.944391914156585,-0.989883352648218,-1.03552259099335,-1.07786411108856,-1.11275216585512,-1.1367292660685,-1.146756089588,-1.1428793509044,-1.12881167309163,-1.1106997638723,-1.09480808267867,-1.0864167498515,-1.08677999182504,-1.09306682443546,-1.10072989633582,-1.10359079971023,-1.09730408868186,-1.07731008380032,-1.04232251007529,-0.990673184684117,-0.923761121712699,-0.842039334283348,-0.748402623200543,-0.646971082440044,-0.542599902851891,-0.442441602162757,-0.354281611437353,-0.28506505797879,-0.240546359409003,-0.221027085306137,-0.223451968585273,-0.243383787376723,-0.275492715094167,-0.314391798306687,-0.355304083727831,-0.39464526944388,-0.429678115083053,-0.458494697545226,-0.480032338090533,-0.493980904561365,-0.500220152758373,-0.498988484374717,-0.490736441452955,-0.47619499403113
0.294984681778809,0.302813473321165,0.311055890292766,0.319732563423583,0.328884769770678,0.338515064886034,0.348647712041815,0.359389059500163,0.37080022994539,0.382831242806251,0.395763277821766,0.409444741261064,0.423986490904961,0.439591086170977,0.456387388663261,0.474403018204552,0.4938927720528,0.514963335509714,0.537911451568776,0.562682438457343,0.590056275892847,0.620032746987796,0.65308937453532,0.68995517860244,0.731165277625634,0.77754282669507,0.830014409630124,0.889760822973211,0.958254888983511,1.03726469216876,1.12911320793941,1.23634357175692,1.36172288362188,1.50762120580691,1.67563518292356,1.86123624557057,2.04537771029885,2.1871672857889,2.21152857401549,2.04173264817058,1.6717935083505,1.18137191840922,0.667604249187347,0.210051815014065,-0.151443003953406,-0.407728028436594,-0.568594657018116,-0.652686408251784,-0.691008149105561,-0.705878750055347,-0.715202664556178,-0.725818801968527,-0.74121792773936,-0.761763241358114,-0.788351237766165,-0.819833068170249,-0.85534776397994,-0.893526461139991,-0.933004599223882,-0.971364446244315,-1.0063814205337,-1.03547160932815,-1.05636254998989,-1.06764428317084,-1.06944447072884,-1.06437421181037,-1.05560242348518,-1.04671308804263,-1.04067919226278,-1.03819744627991,-1.03800722363977,-1.03711600803966,-1.03234644365444,-1.02014423725852,-0.997940903444934,-0.963975398142,-0.917943293786033,-0.859849542827166,-0.791279914097797,-0.713943948145333,-0.631577358701228,-0.548165799652069,-0.468554095548413,-0.398487982946048,-0.342107515281677,-0.302917589943203,-0.282186755772177,-0.278021625595381,-0.287390655613123,-0.30685715932623,-0.33255584276414,-0.360946336871206,-0.388975810062197,-0.414458423396705,-0.435705694230199,-0.451651502365078,-0.46172978304622,-0.465799379303026,-0.463900642613756,-0.456361456877115,-0.443671072584576
0.295809104891208,0.303671013388331,0.311931669438401,0.320643507728181,0.329815039352624,0.339463286005063,0.349627589063927,0.360383366755751,0.371809671462438,0.383917286382992,0.39677861927239,0.410546907019759,0.425029262308343,0.440614223124591,0.45733965242038,0.47529526265302,0.49469540794784,0.515419642295902,0.538386062244043,0.562951177419069,0.589323707502152,0.619218567997124,0.651519259140127,0.687380494360651,0.727258415092463,0.77173639286553,0.821610807944247,0.877807556782281,0.941478088238396,1.01364597822702,1.09546833910452,1.18825918653499,1.29271641858959,1.40828338901193,1.53146541818732,1.65403333778949,1.75735618315153,1.8130602214384,1.78079799297303,1.63287617099519,1.36729893304014,1.02356284094553,0.655301465599756,0.308132631519931,0.0140046617111949,-0.214219645057084,-0.377109446773422,-0.484891663446389,-0.55355965812406,-0.597635177369168,-0.629332587653597,-0.656063901202639,-0.682150179379392,-0.709446974099011,-0.739356698550617,-0.771804205353658,-0.806036461535933,-0.841349649704876,-0.87658336847831,-0.910252567026653,-0.940723183496045,-0.966306022177756,-0.985570713686156,-0.99772874358908,-1.00321700861324,-1.00339747541426,-1.00012393046537,-0.995473950858418,-0.991016290976947,-0.98728902795498,-0.983450125773184,-0.978003372978892,-0.968697965947755,-0.953327645271151,-0.9304281344785,-0.898442293569975,-0.857273197547441,-0.807214436530734,-0.74911185786448,-0.684979977062907,-0.617708411679908,-0.55026094037316,-0.486022882721461,-0.42895233172411,-0.382243315916025,-0.347658279867002,-0.326750202920738,-0.318357427265676,-0.320674138515071,-0.331088874176388,-0.346992147349435,-0.365721001594057,-0.384840548814412,-0.402480465928157,-0.417344428026221,-0.428377982529049,-0.434958832048175,-0.436825986029484,-0.434042553514123,-0.426778627075462,-0.415572521913467
0.296251127128642,0.304109215684937,0.312368123227225,0.321064661565522,0.330229089300357,0.339883046492485,0.350042448404685,0.360784415740091,0.372152892124568,0.384189319924439,0.396986547156376,0.410478008203546,0.424827068785963,0.440333125256005,0.457004366902704,0.474709969884263,0.493865211165491,0.514439859750615,0.536908336177559,0.560861352044787,0.586477221474287,0.615444347516097,0.646617511429403,0.680911487356009,0.718765261589165,0.760656957998849,0.807074874449407,0.858759198898922,0.916284789318019,0.980292768034203,1.05094366949054,1.1285376510518,1.21223985631016,1.30003695196899,1.38655609854384,1.46358915312039,1.51656096262108,1.5271741187438,1.47449113034049,1.34572204697025,1.14514249685229,0.892935324720185,0.618471748979392,0.350275516123461,0.110576216389863,-0.0870846921076732,-0.241357543543204,-0.356086726093469,-0.439533780781647,-0.500732793631489,-0.547644586033268,-0.586653282138795,-0.621510746073425,-0.655564531234456,-0.688334714871989,-0.721945013354786,-0.755812753313565,-0.789392319272174,-0.821916120159703,-0.852428390768503,-0.879909892890533,-0.903264289965717,-0.921640528778533,-0.934628562173497,-0.942393795819345,-0.945662320494858,-0.945722650272207,-0.943708484469652,-0.940441756281351,-0.936280763359369,-0.930737731566232,-0.922841196473309,-0.911277617351515,-0.894791866446115,-0.872245301259,-0.842666615797105,-0.806164672610364,-0.762742749154013,-0.713567469731897,-0.660094973581845,-0.604481545646763,-0.549052455332664,-0.496507216952019,-0.449258744188064,-0.409766962779565,-0.379459383898688,-0.358894150155437,-0.347972196438571,-0.345406212806857,-0.349415909095346,-0.358036699006615,-0.369344367230237,-0.381370287132566,-0.392661798805838,-0.402159524332867,-0.408915627700658,-0.412314233871819,-0.412154958444422,-0.408251667097866,-0.400871677467053,-0.390042955992034
0.296341836949607,0.304171022648739,0.312382679627943,0.321030239842738,0.330136932534277,0.339737372883891,0.349833770721944,0.360487880350319,0.371767565854116,0.383681811026289,0.39634150389984,0.409701431019424,0.424042864961313,0.439262353414226,0.455591566402076,0.472533696174739,0.491533565250338,0.511549948043791,0.533047361645971,0.556198457773827,0.581738316936981,0.608960129859764,0.638597413773994,0.670879605656305,0.706243554915865,0.744987786253895,0.787501873864282,0.833982595733032,0.884783258250927,0.940075599365775,0.999649027151293,1.06267393005042,1.12767230614998,1.19199047352173,1.25021296561703,1.29554828229373,1.31769984225684,1.30477613770737,1.24539985176452,1.13523556293552,0.977692858258515,0.7845813111839,0.572763706584105,0.361237186413231,0.165594589814348,-0.00476805558542926,-0.145894671023955,-0.258882667170294,-0.347689178293262,-0.417566886076877,-0.473845359569946,-0.521053229347656,-0.562489632808609,-0.600566247160408,-0.636895472040246,-0.671908683456635,-0.705697785444875,-0.738269314042923,-0.76917980058815,-0.797773784332618,-0.8233537930739,-0.845316649047517,-0.863134553345355,-0.876589639372205,-0.885765558472998,-0.891041540682973,-0.893214825476312,-0.892928962858278,-0.890643620444921,-0.88653729149038,-0.880355840058011,-0.87147174126122,-0.859195077010264,-0.842655293034563,-0.821134448392971,-0.794213460921379,-0.761774900041245,-0.724284047469254,-0.68245040019666,-0.637437237465048,-0.591201085164182,-0.545183022450174,-0.501567563575385,-0.46191537570784,-0.428156136818607,-0.401160247274408,-0.38157165079358,-0.369255918168007,-0.363349431244551,-0.362746399062186,-0.365991610991656,-0.371576146407891,-0.378087410446902,-0.384253540631532,-0.388991437749582,-0.392092975343525,-0.39292258769438,-0.390338936648123,-0.385774760141077,-0.378584134520428,-0.36967389295802
0.29605799620017,0.303828523834636,0.311998301014232,0.320570385780043,0.329594295781306,0.339098909707224,0.349094454368297,0.359608559914156,0.370724358669177,0.382462545268004,0.394888593305117,0.408079739620404,0.422066921091023,0.436937528321869,0.452905728732744,0.469488395729953,0.487669599506721,0.50711021001093,0.528087764753764,0.55073327446559,0.574305557352403,0.599579285209053,0.62775865724633,0.657842876494897,0.690411973740344,0.72569155362044,0.763848373236699,0.804952579019717,0.848926045629946,0.895675083175971,0.944616414912381,0.994614497881367,1.04374236264157,1.08927016193691,1.12640158296158,1.15034810658773,1.15355276267937,1.12809250771982,1.06929519002047,0.974910056084278,0.847075553205048,0.693684822815622,0.525955824018134,0.355730613067712,0.193960345481903,0.0475733388537139,-0.0793187584976454,-0.186229071930361,-0.27489922707325,-0.347989825572981,-0.409037400264626,-0.461099867051358,-0.506919592460453,-0.548356385415052,-0.586676176242703,-0.62273809284275,-0.656797437621007,-0.688844789702575,-0.718720428642791,-0.746065715172909,-0.770524377853412,-0.791611393414483,-0.80908946421559,-0.822800469473902,-0.832830111946669,-0.839412245598742,-0.842986303836096,-0.843922485369951,-0.842479337091692,-0.838721926105706,-0.832590103329746,-0.823650922018457,-0.811517310799636,-0.795622614613578,-0.775636784274415,-0.751376151089687,-0.722802551391218,-0.690366946377657,-0.654626360572057,-0.616592758916221,-0.577618907695232,-0.539151142418565,-0.502404515942826,-0.468877059165705,-0.439708215861463,-0.415602534057866,-0.397027014472691,-0.384057731009788,-0.376055949336079,-0.372101488809475,-0.371376178048914,-0.372583092426259,-0.374665813850414,-0.376909935241333,-0.377702714450303,-0.378298719247615,-0.376408023330023,-0.373423926454234,-0.368823348677197,-0.362507737287663,-0.354560863699009
0.29544013151134,0.303137522503565,0.31119401233887,0.319659120171726,0.328564233387877,0.33793605846353,0.347789638074158,0.358144944428658,0.369058891083261,0.380581345925253,0.392748716576643,0.405608981624306,0.419225337840437,0.433640459845338,0.448943334840065,0.464115921134686,0.482658947800816,0.501198775764975,0.520924484462211,0.542211188405827,0.564930383824735,0.588767122572109,0.614625083685879,0.642282756512177,0.671904809605742,0.703524565283129,0.737250246752877,0.772971116447413,0.810447587726145,0.849194442538495,0.888532342570859,0.927259545069341,0.963291132699365,0.994230369099677,1.01638798123583,1.02584233407167,1.01718330923741,0.986431238504884,0.930425041216008,0.848367754761192,0.742381195480926,0.617449544844885,0.481107730492922,0.341716795096839,0.206053094397002,0.0799724716138841,-0.0332031425191777,-0.132247426718064,-0.217612452537697,-0.290500762596716,-0.353235567410803,-0.407620408553061,-0.455698968461949,-0.499164353198356,-0.538880295677003,-0.575609448681429,-0.609761258304224,-0.641488293914205,-0.670725548255544,-0.697243635159906,-0.720940691223343,-0.741492467646737,-0.758762539696422,-0.772662582061634,-0.783254046647538,-0.790695890741755,-0.795213055431752,-0.797049668573731,-0.796378941391174,-0.793229532162337,-0.787555908606564,-0.7790921825589,-0.767603271083205,-0.752880421450072,-0.734699634982007,-0.713027058310886,-0.687990859796345,-0.659806153003633,-0.629243110846184,-0.596860596360265,-0.563928333556388,-0.531282016986327,-0.500141143197839,-0.471382352326066,-0.445966122304839,-0.424436837794568,-0.407060406543941,-0.393905730800334,-0.38442053891706,-0.378390684339609,-0.37455531689955,-0.372289556030559,-0.371361416351124,-0.369770780291778,-0.36855688744212,-0.366670741417424,-0.364205988053255,-0.360715810269058,-0.356045945214821,-0.350054406765078,-0.342749211172132
0.294468194911676,0.302069151341673,0.310016163458995,0.318357717701439,0.327107777235172,0.336301987157185,0.345962493955681,0.356100853214491,0.366752158896257,0.377992139107142,0.389853544385602,0.402347168856333,0.415522180052912,0.429469944140645,0.444242559457239,0.459876804493982,0.476429490383485,0.494064734080851,0.512685854860156,0.53257757802349,0.55337497497862,0.576764201979074,0.599835926208584,0.624887426227583,0.651453894020946,0.67940701460873,0.708756981800291,0.739261825581588,0.770637727034733,0.80216337995543,0.83314765068993,0.862301462884257,0.887838631808232,0.907752169210307,0.919110322451037,0.918685286572592,0.90319296628544,0.870447539502737,0.818185979915743,0.746259430391494,0.656605766290729,0.552759047771795,0.439857374320277,0.323491054666828,0.208344049805225,0.0991392327834028,-0.0014912558896296,-0.0921808494758689,-0.172594534603218,-0.243343330583773,-0.30554947017003,-0.360487603720487,-0.409444715097639,-0.453691053537992,-0.494035700409493,-0.531089027588067,-0.565188593165811,-0.596553028353359,-0.625269428784631,-0.651252549442772,-0.674390415184172,-0.694542626965017,-0.711652767492007,-0.725711067755729,-0.736711005248642,-0.74474586658092,-0.749978805111961,-0.752565721392369,-0.752628356338442,-0.750176956525472,-0.745187322342529,-0.737520443289138,-0.727054467278349,-0.713706374010127,-0.697440580364356,-0.678256029826906,-0.656272755812194,-0.63193504958463,-0.605595075984669,-0.578027716197486,-0.549846639942779,-0.522083218094987,-0.495454571179969,-0.470663814918067,-0.448491513568466,-0.429119340414004,-0.412783976307619,-0.400099653867744,-0.389629536315319,-0.38187543123175,-0.376323564864156,-0.371565894932416,-0.367807851169739,-0.364608305302431,-0.361636561560607,-0.358764391773397,-0.35540182433029,-0.351272082151859,-0.346234138572894,-0.340230899779276,-0.333286838286809
0.293144086117769,0.30061651386438,0.308437667229974,0.31661179830456,0.325186279398551,0.334185009695931,0.343619431459137,0.353506943815095,0.363899267402175,0.374801246209992,0.386267627971607,0.398331053889303,0.411018038983404,0.424367019864762,0.438487582634532,0.453378405843517,0.46909240996458,0.48570791698459,0.503259727548967,0.521712675542735,0.541359609373228,0.561952444794763,0.583078116938168,0.605983721022742,0.629453186946698,0.653981024353544,0.679226145821617,0.704923419024632,0.730730760449573,0.755946884396043,0.779746743762258,0.801000744623666,0.818204682165985,0.829745844308298,0.833164356417121,0.826366429400208,0.807285339554868,0.774103849194546,0.72568455348492,0.662139910729355,0.585367382355808,0.497325486452228,0.402267021206946,0.303450865673511,0.20475247684062,0.109527362807713,0.0200125720978286,-0.062578593084229,-0.137459386347997,-0.204773694405724,-0.265212773761083,-0.319311654472072,-0.367994227924348,-0.412209794586733,-0.452524844624643,-0.489482718328731,-0.523333409247795,-0.554295713941511,-0.582509615719472,-0.607993851644978,-0.630693789317248,-0.650558327639613,-0.667550079498812,-0.681691540345992,-0.692999814227835,-0.701512936313758,-0.707325903646249,-0.710567080996149,-0.711316232560076,-0.709598340873729,-0.705389680247654,-0.698684136969637,-0.689400943916214,-0.677534961742631,-0.663134096487712,-0.646259271082574,-0.627117634479669,-0.60599292855438,-0.583358528839839,-0.559749500701167,-0.5355499073089,-0.51169889460215,-0.48893018665296,-0.467373269667096,-0.44790262062125,-0.429924087291026,-0.415550364832894,-0.402706859352791,-0.392100670025748,-0.383084070887418,-0.375550271591008,-0.369689895542427,-0.364763836734592,-0.360246136018058,-0.356263695689285,-0.352374421380115,-0.348279047044778,-0.343637311920706,-0.338347981060574,-0.332286218158056,-0.325574306006191
0.291517025601524,0.298844151742095,0.306499260120698,0.314478345307434,0.322844616258191,0.331600038744558,0.340779904478594,0.350394573589352,0.360458240571238,0.371008324597985,0.382067120036141,0.39365800807182,0.405813693543751,0.418560691765993,0.431965202478818,0.445894862320471,0.460921790067598,0.476412208656155,0.492700197122836,0.509769725313201,0.5276415824123,0.546678877971793,0.565986883501209,0.585947326419629,0.606558302772843,0.627723867585624,0.649182874872489,0.670502163163577,0.691398032111105,0.711143250635559,0.728944202983003,0.743866251060855,0.754655271094122,0.759803506220252,0.757717611670924,0.746737132114657,0.725535701921834,0.692862273041813,0.64814393134651,0.592012227866927,0.525034965309421,0.449505611306787,0.36797607053806,0.283082483878907,0.197629417221903,0.113982786090041,0.0341800479625507,-0.0407863120966284,-0.110057338835284,-0.173423646058343,-0.231175601674052,-0.28354053663502,-0.331191903478696,-0.374689263225882,-0.414444814879711,-0.45092889628022,-0.484309185740592,-0.5147980043638,-0.5424980719715,-0.567502883326313,-0.589807281976259,-0.609388701681153,-0.62625608174255,-0.64042531342421,-0.651938618581264,-0.660819416451465,-0.66713422062349,-0.67095710461576,-0.672346099520843,-0.671364030150192,-0.668015780894114,-0.662323825881601,-0.654277284913016,-0.643904599972691,-0.631278043497134,-0.61657810851205,-0.599980557363244,-0.581706943543946,-0.562160595045798,-0.541917100548395,-0.521083154935161,-0.500629169773933,-0.480715614282048,-0.46202423675184,-0.444781647641754,-0.429151489201823,-0.414825952708832,-0.402188602858702,-0.391262803840286,-0.38211075627013,-0.374116398296544,-0.367508623961534,-0.361864144325337,-0.356580607771007,-0.351779849515336,-0.347147792333971,-0.342416004848329,-0.337377457173955,-0.331830698663533,-0.325802795115957,-0.319136837764696
0.289578016863398,0.296739659539899,0.304215423158609,0.311998235361455,0.320135831747999,0.328638434349931,0.337527019452141,0.346812382305748,0.356508878197813,0.366655028785221,0.377270064807946,0.388358048812912,0.399942779964217,0.41201346759963,0.424603611774236,0.437838216420561,0.451828382002039,0.466352599346228,0.481351880923094,0.497031971626565,0.513305711426459,0.530130971786701,0.547789333446029,0.565459219435422,0.583199312933528,0.601205762316318,0.619153647757014,0.636598788895913,0.653163407413419,0.668230979174646,0.681085440579626,0.690944804438895,0.696636996118902,0.69715606500862,0.691179101776844,0.677634455055098,0.655440242666607,0.623870370366751,0.58272390283342,0.532302884221363,0.473461947934913,0.40775726492448,0.336923149036519,0.263213763946264,0.188491343997575,0.114522964223207,0.0431534435654341,-0.024848575207935,-0.0886474928777023,-0.14785291615436,-0.202506406995356,-0.25266086592584,-0.298755647278758,-0.340976881760536,-0.379809120631746,-0.415439311112185,-0.448155777250828,-0.478032380823122,-0.505174123910854,-0.529651803314511,-0.551550283369785,-0.570854413973357,-0.58757068660824,-0.601705229768194,-0.613357780886276,-0.622532659015565,-0.629272190364393,-0.633617806374728,-0.635634462028738,-0.635382622967583,-0.632912504674028,-0.628247136425194,-0.621410801505465,-0.612485053128307,-0.601563277850697,-0.588827004339197,-0.57446500220336,-0.558643955896344,-0.541806373761994,-0.524145614707409,-0.506821492027182,-0.488827311299544,-0.471480743681488,-0.454777947631255,-0.439240555300541,-0.424871048031428,-0.411435274302905,-0.399472346498269,-0.389035279357468,-0.379807382542182,-0.371863368628265,-0.364961839552512,-0.358747971243773,-0.352998082933155,-0.34759085957875,-0.342450290941498,-0.337255474323882,-0.331908037216227,-0.326185887921221,-0.320100157907934,-0.313609899653344
0.287382275573028,0.294351788473874,0.301618147004722,0.309180373213324,0.317065404989497,0.325296605483847,0.333880038007118,0.342824226899878,0.352146464818764,0.361864467792624,0.371989301072681,0.382531424162695,0.393494474821264,0.404952415329046,0.41687591547677,0.429256364596187,0.44220118402533,0.455491747845274,0.469312687699357,0.483591699538957,0.498355223954301,0.513438710113801,0.528836619527448,0.544096787083614,0.559644995568097,0.574815576550198,0.589627576071626,0.603664888363728,0.616472446048314,0.627604960895966,0.636408185232752,0.642071168124674,0.643901017678906,0.640990508360235,0.632295026421541,0.617106965283242,0.59475943876734,0.564567315798465,0.526579550849102,0.481248620597804,0.429032152629339,0.371209987991661,0.309022136207556,0.244234690057609,0.17832560876642,0.112581353190783,0.0484447581377691,-0.0132831130869789,-0.0718905606663425,-0.126948306332735,-0.178290871815327,-0.225946149321067,-0.270073907265378,-0.310793467940363,-0.34837050878774,-0.382995680085892,-0.414799981532572,-0.443951018300903,-0.470465287385982,-0.494413542671634,-0.515843627147507,-0.534833999159817,-0.551366583612431,-0.565476014743159,-0.577178528864154,-0.586569932010986,-0.593665093950113,-0.598483164669951,-0.601098677992932,-0.601555495361321,-0.599938865443608,-0.596268944225187,-0.590593355669955,-0.583049225862769,-0.573707783638413,-0.562804522608786,-0.550299147757063,-0.536801757862139,-0.521882533128103,-0.506895651466129,-0.491798403562997,-0.476251416235861,-0.461117899843031,-0.44631336702753,-0.432144617289795,-0.418547220712808,-0.406730985412667,-0.395721593037573,-0.385731417664584,-0.376808190069697,-0.36882694857268,-0.36166354180556,-0.355173900116844,-0.349137735197595,-0.343444403219301,-0.337927559191587,-0.332446895446907,-0.326874893271372,-0.321071323608502,-0.314996755391894,-0.308640628335159
0.284915704826003,0.2916910555472,0.29874032590765,0.30606534613268,0.313679452416354,0.321607306198386,0.329859665091744,0.338448838781566,0.3473768119503,0.356653964642716,0.366277753061713,0.376284630653483,0.386630081213554,0.397387109729539,0.408573232934557,0.420087124464777,0.431957516325255,0.444230737675353,0.456835695232425,0.469769332151024,0.482956868296611,0.496378691307059,0.509649123480751,0.52305533835355,0.536276163797,0.548848344171558,0.560871198728142,0.571901997037541,0.581547613718385,0.589396623653176,0.594839594981992,0.597285796573102,0.596134322271342,0.590610598947551,0.580080134571892,0.563940667032799,0.541744056705585,0.513148351592784,0.478171421345814,0.436984703144825,0.390200591383592,0.338841667283397,0.283824487486598,0.226367714432457,0.167783953626938,0.109009982652463,0.0511471885881114,-0.00496150501153882,-0.0587280026678655,-0.109781147729434,-0.15788861361689,-0.202890516521931,-0.244858261861057,-0.283839208927206,-0.319956855796378,-0.353373643096678,-0.384200232626461,-0.412458169340537,-0.438258136167321,-0.461619469422382,-0.48258315140124,-0.501190520199825,-0.517512187438051,-0.531537885263371,-0.543303563535045,-0.5528367859315,-0.560218314372347,-0.565465473288565,-0.568638151356783,-0.569801034632277,-0.56891311859853,-0.566202466445943,-0.561765206951429,-0.555302711589124,-0.547266554289867,-0.53831328559417,-0.527683818520252,-0.51616918442006,-0.503121091709004,-0.490453872517025,-0.476994806675032,-0.463410799159155,-0.449858706501924,-0.43682653341532,-0.424208681027213,-0.412207307230304,-0.401041404655092,-0.390775933168895,-0.381359740475753,-0.372779359331126,-0.36491627734083,-0.357733110453452,-0.351149234405726,-0.344955854752501,-0.339075597871036,-0.333405870101483,-0.327742041604474,-0.322049600237621,-0.316228590380007,-0.310230246160173,-0.304005652116259
0.282174872579539,0.288742710487674,0.295561150485981,0.302644844596934,0.309986020136156,0.317606450887216,0.325517452952754,0.333720220976075,0.342222359449434,0.351042788994317,0.360185440052797,0.369621288529873,0.379346687354333,0.389428853569921,0.399753958249173,0.410467543887549,0.421392870140023,0.432585229404013,0.444023946236827,0.455664353678566,0.467402163969298,0.479128092646221,0.490368152553039,0.502272667608316,0.513163316793551,0.52355644250487,0.533115346703265,0.541549656327622,0.548514659143824,0.553572687841084,0.556337468244332,0.556263402452717,0.552803005573995,0.545421914853403,0.533643146853441,0.517067938377257,0.495321127126221,0.468261762471098,0.435766023983551,0.398233340068844,0.356063861603141,0.310108083490562,0.261019486678987,0.209717929986456,0.157248773152044,0.104424677155547,0.0521094414490017,0.000945032830642323,-0.0484224501015444,-0.0956937134928058,-0.140615545260036,-0.182935074728479,-0.222689894824121,-0.259839152830211,-0.294375212152148,-0.326450291981148,-0.356169457145439,-0.383486140995043,-0.408485927647044,-0.431211403820759,-0.451668220241019,-0.469885652865484,-0.485913221338411,-0.499810548596346,-0.51157110948117,-0.521232869829244,-0.528862814666886,-0.534472579094759,-0.538134416906189,-0.540021004675556,-0.539774482315245,-0.537960988393673,-0.534396334496448,-0.529514552715024,-0.522778089042778,-0.514384330065914,-0.505846485924082,-0.495831630945967,-0.484838454173563,-0.47369538933541,-0.462121599573233,-0.450315020916375,-0.438490535155023,-0.426803972335598,-0.415601362349231,-0.404709735324754,-0.394534606935942,-0.384959728203455,-0.376104529386509,-0.367852003782567,-0.360266065847,-0.353222202311997,-0.346650968192028,-0.3404325300453,-0.334518910295706,-0.328755429465431,-0.323053580270363,-0.317353985484014,-0.311571620127475,-0.305674562455434,-0.299643640983948
0.279206603641447,0.285545306301716,0.292116581569313,0.298934664989695,0.305993489460672,0.313294645467523,0.320861971165766,0.328684848477818,0.33677140884327,0.345111860569339,0.35373126836079,0.362597646382017,0.371691782948655,0.381102997493017,0.390731647273693,0.400466587046617,0.41051493465407,0.420734122968363,0.431015366505582,0.441348907524391,0.451655906536476,0.462011472167499,0.471903211515138,0.481886878299291,0.490685661303074,0.49915157626015,0.506525903576731,0.512719088636912,0.517385385691331,0.520153693260133,0.520729859209315,0.518635065336391,0.513434005512817,0.504785137567298,0.492297306285923,0.475565236897841,0.454437571196852,0.428757885751036,0.398642388700632,0.364287857916471,0.326045373918092,0.284510319730455,0.240380626136318,0.194269849334633,0.146972573645749,0.0992601756747632,0.0517743594014536,0.00501486450713274,-0.0403738183166273,-0.0841220054829394,-0.125977596759156,-0.165712223073139,-0.203188054999784,-0.2384102380149,-0.271343326734454,-0.302046807131297,-0.330572821390134,-0.356889689083481,-0.381031870615875,-0.403042251113878,-0.422946665897508,-0.440750085439731,-0.456478320883493,-0.470198740084117,-0.481898277188929,-0.491643206921177,-0.49959342560738,-0.505311429276461,-0.509383604117044,-0.511885639160904,-0.511604400828098,-0.511611567332421,-0.509143778733899,-0.503789435404973,-0.499267133801035,-0.492816953584047,-0.485274427152041,-0.476785643858616,-0.467459723046492,-0.457643481383227,-0.447513621280988,-0.437193919705524,-0.426756219503241,-0.416495016812933,-0.406540666544997,-0.396577512922816,-0.387252977966529,-0.378410290320419,-0.370149892988076,-0.362323733961691,-0.355073540058243,-0.348232617852033,-0.341808932063736,-0.335656405535545,-0.329769696722369,-0.324034251851635,-0.318394669523305,-0.312759433986836,-0.307074446001112,-0.301318703231812,-0.295464955660722
0.276026635167415,0.282135540712729,0.288459049932934,0.294998302560533,0.301750767363994,0.30872153020157,0.315929979276798,0.323366474639735,0.331024869818738,0.338906134203961,0.346995516942652,0.355304749421831,0.363783979633759,0.372474347560028,0.381376217598332,0.390374109960305,0.399470877995894,0.408700041350792,0.417830888882756,0.426982506104084,0.436052587506537,0.444929138511338,0.453546965798853,0.461504315471928,0.469114497654429,0.475693791231042,0.481077171277907,0.485360606300571,0.48812062981917,0.489052317376046,0.487861364880066,0.484176295131613,0.477671547191409,0.468128395408792,0.455104708311798,0.438493943547596,0.418125251479344,0.39386552736051,0.3657901011908,0.334196700913001,0.299327843005418,0.26162852694153,0.221668107906772,0.179980895810269,0.137139855299024,0.0938060385049586,0.0505399010722106,0.00773618358938207,-0.0340871908871023,-0.0745844137121275,-0.113536862473533,-0.150712522728164,-0.186012242523032,-0.219332057406294,-0.25063344799666,-0.279904207699516,-0.307227900000399,-0.332499060187259,-0.355770106041484,-0.377031107257573,-0.396344102144783,-0.413703189273291,-0.429052261814748,-0.442745747929299,-0.454038954736624,-0.463756170483736,-0.470563665212,-0.47790354752598,-0.482297930284833,-0.485627268110383,-0.486569541222773,-0.486267334247805,-0.484584798897395,-0.481585247451068,-0.477278405643073,-0.471922061188551,-0.465602764382324,-0.45841765322768,-0.450395246169023,-0.441869042395088,-0.43318025202714,-0.424057607671974,-0.414813525672967,-0.405738454661528,-0.396834552338334,-0.387872416151392,-0.379466837576788,-0.371301905922511,-0.363619894628561,-0.356320445165736,-0.349448207599329,-0.342883555036169,-0.336661712106513,-0.330678613687264,-0.324917807718202,-0.319298443903176,-0.313759805456211,-0.308246301128437,-0.302695272033929,-0.297111356314846,-0.291450727325902
0.272657015273151,0.278527512436575,0.284593790181831,0.290851635203422,0.297303259258061,0.303946659731527,0.310779117137651,0.317815844309022,0.325036075529065,0.332454347934893,0.340029411878164,0.347788550354163,0.355664867276017,0.363685521220835,0.371842298103636,0.380053699067709,0.388276718440812,0.396478922365209,0.404652680854717,0.412721377371001,0.420645822589652,0.428224485030689,0.435425744462285,0.442004270985177,0.447897171308528,0.452960253090885,0.456940239598831,0.459554990409545,0.460740051159292,0.460141138731509,0.457526045506987,0.452631802785381,0.445207142429904,0.435021643857746,0.421753998188726,0.405410041651423,0.385741985687093,0.36277058995407,0.336594720960931,0.307400731875992,0.275444997461728,0.241052739777608,0.204648194869112,0.166758040319443,0.127777219773954,0.0882385572836966,0.0486812948255124,0.00940062434827935,-0.0291589166463554,-0.0666852604396292,-0.102923159124133,-0.137693678574928,-0.170870958734598,-0.202382410984698,-0.231992232345105,-0.259868154224726,-0.285908677139013,-0.310124310528041,-0.332507493089747,-0.352978964744136,-0.371750305103304,-0.388427556792675,-0.403261309002053,-0.415707910601557,-0.427350044943262,-0.436845713493286,-0.444865200762173,-0.452352981015998,-0.457168661238148,-0.460398409444446,-0.462258253571523,-0.462514987215992,-0.461801651591102,-0.459570311697681,-0.456227194749158,-0.451918243647943,-0.446583912567118,-0.440600338741166,-0.433906143301888,-0.426979056502958,-0.419013765605835,-0.411009883639394,-0.402941705501316,-0.394340518492933,-0.386669640128207,-0.378860723568833,-0.371243430516511,-0.363835489343838,-0.35673616806416,-0.349924067692859,-0.343459346068307,-0.337246821968943,-0.331300176429414,-0.325541728371179,-0.319956352244383,-0.314505446499136,-0.30911034254061,-0.303751817698232,-0.298375528816367,-0.292969213199761,-0.287517144787527
0.269114446311792,0.274733411913819,0.280535614936463,0.286509504385214,0.292654602005382,0.29896706562124,0.305442201485815,0.312076330120212,0.318863579800494,0.325794034980592,0.332881585480559,0.340079450957575,0.347376271622578,0.354752460089611,0.362180959127279,0.369617783950498,0.377061383779888,0.384375176451775,0.391607336018923,0.39867303138431,0.405477135414019,0.411885956713565,0.417829086098764,0.42302745660295,0.428589764480687,0.431269684429226,0.433993172848498,0.4352195468079,0.43507994482628,0.433225905381095,0.42951398665663,0.423712018427732,0.4155879566521,0.40500336255028,0.391710770142474,0.375649021775347,0.356773178711783,0.335053200553388,0.310563180966561,0.283461769404767,0.254030770076194,0.222494042163865,0.189170020485097,0.154548534606864,0.118919860826509,0.0827379186696915,0.0464135256646573,0.0102808686765066,-0.0253063670598792,-0.0601155656376037,-0.0938616267092226,-0.126367554586158,-0.157509618520085,-0.187149049271792,-0.215227306047487,-0.241678957182324,-0.266497423010702,-0.289854002988858,-0.311046088692664,-0.330507348795395,-0.3489096540596,-0.364614916628727,-0.379379949661064,-0.391953681929501,-0.403461297473189,-0.413597812222427,-0.421615473593565,-0.428272806564109,-0.433405254190612,-0.437068845316454,-0.439414594167572,-0.440311355215111,-0.440070283764929,-0.438587712974772,-0.436067397390271,-0.432921755896268,-0.42861827361796,-0.423460483895771,-0.417791605728067,-0.411551499826527,-0.404928191203595,-0.398102829830246,-0.391138657709249,-0.383818742776008,-0.376779396203698,-0.369723213473553,-0.362812324269425,-0.356060716421467,-0.34957467043611,-0.343282778319769,-0.337239830785104,-0.331392021968514,-0.32574772747405,-0.32026620075753,-0.314900759125929,-0.309639201756248,-0.304419017579544,-0.29923910933531,-0.294052488154407,-0.288845914357719,-0.283609224799629
0.265410559926784,0.270784496510142,0.27631356343684,0.281999616085219,0.2878317362558,0.293799453096863,0.299918988292216,0.30616916612176,0.312529683478483,0.319001764135108,0.325585196788075,0.332229123688722,0.338961519859488,0.345708539832232,0.352451387118856,0.359167958649852,0.365835611123595,0.372342904201181,0.378693556337006,0.384784807147887,0.39056779951118,0.396009396934973,0.400808801481277,0.404920144708829,0.408450210847548,0.410994679183929,0.412408412090324,0.412489694064631,0.41121184910002,0.408334294077316,0.403719928369179,0.397160221053292,0.388558498760402,0.377680900921487,0.364500489870953,0.348877005468396,0.330759787579024,0.310177909563589,0.287222623490561,0.262014949456673,0.234765363173447,0.205715050267784,0.175098589247687,0.143286033304264,0.110589826753296,0.0773544856702113,0.0439008841484273,0.0105722444979821,-0.022347146637603,-0.0546179514589654,-0.0860820180436777,-0.116437523579953,-0.145670331817882,-0.173622129615564,-0.200846338449961,-0.225220163342028,-0.248852622154793,-0.270653983299675,-0.291612739511371,-0.310652174887576,-0.327535191096402,-0.343314694322495,-0.357593331829622,-0.370146229841152,-0.381289703433138,-0.390932387766055,-0.398963713473007,-0.405633397835339,-0.410996293369315,-0.415037231376322,-0.417840911791221,-0.419165850007871,-0.419581370446675,-0.418344161579096,-0.416777261259274,-0.414287048225324,-0.410911691670896,-0.406830041842699,-0.402185173580692,-0.396986993841447,-0.391292232201182,-0.385309580000595,-0.379213323278655,-0.37280186014658,-0.366698784456498,-0.360416191668539,-0.354244065819459,-0.348141288800321,-0.342215244800226,-0.336419359174267,-0.330814544683335,-0.325361184848394,-0.32002632450288,-0.314835637786222,-0.309714758034208,-0.30466762203526,-0.299651093096024,-0.294662976037223,-0.289679570090906,-0.284680613761307,-0.279660632302315
0.261558515790641,0.266684976586046,0.271950024187407,0.277350894729553,0.282861878078168,0.288493092084986,0.294258947710772,0.30011644738497,0.30607127363324,0.312099272497139,0.318178413810277,0.32429289613303,0.330469175641041,0.336633749203438,0.342714003477421,0.348752492333548,0.354708244168534,0.360424578214711,0.365918918255952,0.371150997018176,0.376030998471801,0.380458973948655,0.384319736470339,0.387459096060365,0.389608425009031,0.391694833466083,0.39194758775849,0.391111001998156,0.388856974947159,0.385182519094574,0.379874055713032,0.372798624810283,0.363883902703045,0.352936606143673,0.339886998451194,0.324679627705856,0.307297444007198,0.287776478263958,0.266198388635619,0.242670050728336,0.21734373292956,0.190473798392521,0.162228632587023,0.132888869923782,0.102762862948113,0.0721188911311291,0.0412826917790433,0.0104613342315661,-0.0200188576490192,-0.0500713281426617,-0.079406759394395,-0.108498130206849,-0.135303978248133,-0.161704483923646,-0.186414565400492,-0.210427697840448,-0.23304752821759,-0.253844060289979,-0.273397774003348,-0.291381532083149,-0.307634301579902,-0.323392529767971,-0.337104894982293,-0.349373373996912,-0.36018071768425,-0.369612573135143,-0.377852677526793,-0.384311890855774,-0.389963191675557,-0.394155002595297,-0.397488326707566,-0.399221312024883,-0.400097454253953,-0.399822921720665,-0.398812012039172,-0.396820881751765,-0.394353284912331,-0.391019993885502,-0.387142551492683,-0.382857164282454,-0.378151966444008,-0.372971830136257,-0.367643881627957,-0.362177665377571,-0.356678629104674,-0.351119943901855,-0.345610928680768,-0.340101452593376,-0.334714975779076,-0.329423519605336,-0.324241339857678,-0.319158079356862,-0.314145839860572,-0.309243568489686,-0.304387228459052,-0.299574689562092,-0.294785836008036,-0.290003505414395,-0.285228865063015,-0.280436549582599,-0.275630539211632
0.257574052376144,0.262452380162608,0.267452222682992,0.272568593533292,0.277782280810495,0.283086181017874,0.288471578520821,0.293960048458424,0.299514049693139,0.305105841148109,0.310724731390269,0.316354066496883,0.3219920291705,0.327628137859331,0.332942368616597,0.338397190043499,0.343635479579079,0.348683408124132,0.353406625371904,0.357832302809027,0.361891038170435,0.365471360605695,0.368461470708551,0.370759847798412,0.372335797388517,0.372982716173135,0.372601783637012,0.370934665080175,0.367943680048013,0.36364287623059,0.357819186180256,0.350398534801721,0.341255075623489,0.330305334791332,0.317483456764079,0.302757006059107,0.28610544186878,0.267565163422807,0.247238511326748,0.225210726210869,0.201610807821208,0.176634822780501,0.150471863772862,0.123338984940215,0.095440073065503,0.0670552149286635,0.0387522783834941,0.0100583439192879,-0.0189780489462717,-0.0462254873431565,-0.0736941462520539,-0.0999448428309909,-0.125963660487946,-0.150520348811895,-0.174620208288385,-0.196893410302362,-0.218066732734933,-0.238120711885145,-0.256769074452033,-0.273956671878233,-0.29014319947471,-0.304493192047197,-0.317943817073903,-0.329937067018024,-0.340191696570008,-0.349755300186512,-0.357645723441291,-0.364426872648775,-0.370148819479624,-0.374540687334841,-0.377915209038892,-0.380381883363341,-0.38170416201319,-0.382314876862919,-0.381757621043977,-0.380352331402642,-0.378400799412489,-0.375908250825728,-0.372751629449213,-0.368942202058984,-0.365127690520766,-0.36082903789248,-0.356335679951213,-0.351590630146661,-0.346820319482893,-0.341882059987447,-0.336949411577701,-0.332034795829105,-0.327159306273864,-0.322313796025065,-0.317524994602572,-0.312812020193416,-0.308146226284579,-0.303529197711872,-0.298941877053508,-0.294369869743587,-0.289813485961017,-0.285251133735904,-0.280689616231982,-0.276108094780599,-0.271517737735425
0.253492091680035,0.258114407019358,0.26284493612141,0.267676594184763,0.272596081490576,0.277574628154301,0.282625411317724,0.28773077500258,0.292889554974606,0.298059131832189,0.303224866916265,0.308387194699834,0.313498972869026,0.318817020551254,0.323603986221366,0.328215351833955,0.332760063262098,0.337136813114225,0.341184666515853,0.344851541589236,0.348149470728119,0.350976625102377,0.353226089374791,0.354742573145779,0.355513551607371,0.35544707285009,0.354398752512539,0.35209841735881,0.348501402359087,0.343626591159339,0.337436241899941,0.329743240843532,0.320493276416827,0.30962051129243,0.297068965849292,0.282812440983814,0.266855797398325,0.249245953153437,0.230054246822855,0.209367854366632,0.187308721698541,0.164040739107713,0.139717558502553,0.114501971325864,0.0886492654068524,0.0618415077512004,0.0356323047523626,0.00936366063151246,-0.0173288371143847,-0.0431058006080232,-0.0687789646887577,-0.093707307497962,-0.118183500616447,-0.141037010797044,-0.163388916995021,-0.184456024813585,-0.204602112240317,-0.223537915866628,-0.241348923856566,-0.257906469276111,-0.273420735483595,-0.28752497029385,-0.300194688234168,-0.311730259014736,-0.321941317032886,-0.330937467591,-0.339127012950283,-0.346096109901415,-0.351610383550816,-0.356220780562785,-0.359877816010464,-0.362604422695294,-0.364414562577745,-0.365362686161341,-0.365206816113655,-0.364679591141038,-0.36334201049707,-0.361415762213747,-0.359035886957058,-0.356071802501597,-0.352734000848693,-0.349128572819432,-0.345327361897215,-0.341221589491607,-0.337053016398172,-0.332748607056498,-0.328392286995147,-0.323969268307392,-0.319553025172533,-0.315147812774446,-0.310762426838269,-0.306399809099892,-0.302055909698322,-0.297717399400356,-0.293390689367559,-0.289062001613641,-0.284736774075405,-0.280398318717558,-0.276053229695393,-0.271685324296335,-0.267308918782652
0.249320179974762,0.253697260641087,0.25816012223564,0.262704522206926,0.267324428469757,0.27199492199351,0.27670736676118,0.281466346115881,0.286223077551796,0.291004760755095,0.295731147413942,0.30043710111387,0.305094771265013,0.309568493041898,0.313934563020672,0.31813527343203,0.322035009594123,0.325849562183669,0.329245085497764,0.332239122134721,0.33490569056272,0.336982037151912,0.338546740594687,0.339404385227479,0.339506890245188,0.338814244423441,0.337501389599233,0.334350368509206,0.330373500501062,0.32504061751378,0.318583491084093,0.310724792370623,0.301445545267205,0.290700089063107,0.278435761584819,0.264633608216707,0.249326251615113,0.232620308750825,0.214463828940903,0.194969512232622,0.174240552048459,0.152446341760353,0.12944736281807,0.106365780218833,0.0822056955249082,0.0582422067105623,0.0330612050420396,0.00864869744764562,-0.0159839275019488,-0.0410271712868905,-0.064520294319508,-0.0874491781446712,-0.110110078812042,-0.131910985522161,-0.152930441863093,-0.173049583619329,-0.192089600408461,-0.210182320397665,-0.227133501468121,-0.242941090355065,-0.257634371237755,-0.271221737574744,-0.283585426952065,-0.294253386544134,-0.304852856522521,-0.313690729428154,-0.321597693791025,-0.328280188672269,-0.334092461357501,-0.339041493379554,-0.342966967929452,-0.345950216485999,-0.348104006123984,-0.34945200371759,-0.349994880410816,-0.349824233192425,-0.349053388398961,-0.347733510390165,-0.345961254578322,-0.343654092349181,-0.340985932651791,-0.337869410669999,-0.334602514256858,-0.331187959130848,-0.32756338932055,-0.323764409842285,-0.319892797468424,-0.315958365176118,-0.311980390689207,-0.307974758984516,-0.303950731482877,-0.29991321787393,-0.295865634221454,-0.291800141793707,-0.287737532987202,-0.283645515027406,-0.279554874143769,-0.27543265488848,-0.271304423537813,-0.267153734914613,-0.262988835974215
0.245073479288146,0.249207405589097,0.253411934853251,0.257678690845602,0.262000883794567,0.266364406835936,0.2707510693956,0.275141517810498,0.279551509625261,0.283934609405585,0.288254149673434,0.29253860106529,0.296770965292215,0.300765546185506,0.304515187030548,0.308258441297308,0.311692536464179,0.314810678684326,0.317640398895261,0.320046309827466,0.322047153546352,0.323592074241797,0.324501076832967,0.324781559482272,0.324355423828409,0.323015741821045,0.320961557360517,0.317693116275623,0.313442372348159,0.307859754819277,0.301105872193608,0.293147922450661,0.283887086589994,0.273293340348905,0.261343385210903,0.248036539867893,0.233379555839429,0.217413403494228,0.200094665939724,0.181555193981182,0.162103045096522,0.142035419352889,0.12132957477212,0.0989034938600212,0.0763540922641221,0.0536139460084476,0.0308037562835394,0.00775487362245054,-0.0152213828804125,-0.0378173568922386,-0.0601795997394065,-0.0821188315841403,-0.103318377487419,-0.123830808301308,-0.143673896954899,-0.162654025383275,-0.180487359019271,-0.197904153564812,-0.213966326307795,-0.229120543252437,-0.243124375372465,-0.25614372105219,-0.268070292889792,-0.279374056340412,-0.288734489679796,-0.297521896552334,-0.305281549197694,-0.312164567834816,-0.31794165728387,-0.322940012462808,-0.327080414231238,-0.330391336360562,-0.332875285929439,-0.334582281424294,-0.335512781168013,-0.335850941860749,-0.335584901447718,-0.334689850911202,-0.333448185827219,-0.331786309535271,-0.329550888280502,-0.327056388696298,-0.324348500803928,-0.32138713015779,-0.318248928282643,-0.314942642394097,-0.311524154721044,-0.308026670046543,-0.304428238004573,-0.300786488727669,-0.29709735151885,-0.293362463200354,-0.28961148713092,-0.285809577487876,-0.282000684017788,-0.278146471152442,-0.274284133623923,-0.270378836814819,-0.266468466345752,-0.262523628732533,-0.258567059639684
0.240770403667754,0.244662102504195,0.248611467096536,0.252609962517298,0.256645235750734,0.260709192409447,0.264778120671895,0.268829454944048,0.272898538889086,0.27689009483088,0.280822506983058,0.284600325516663,0.288367348527004,0.292124568849354,0.295506137187731,0.298592201818246,0.301537325118846,0.304115372200754,0.306425844354016,0.308347871285454,0.309758219297412,0.310717007276307,0.311119225333351,0.310893397323337,0.309892021447357,0.308181085101572,0.30566707471465,0.301964678874658,0.297473203114895,0.291740518375852,0.284909170012581,0.277093865214693,0.267732521780861,0.257327034451507,0.245681398667995,0.232824332939566,0.218628451562978,0.203600283494598,0.187556027795453,0.169764250344806,0.15125106965986,0.132315428992544,0.11242864511627,0.0917803653666559,0.0709933799642254,0.0499127461979562,0.0283810989431526,0.00680805565972144,-0.0145567779994427,-0.0357548282545847,-0.056663725896151,-0.0771813119019739,-0.0970786468434188,-0.116413968574181,-0.135359946173441,-0.153034572540914,-0.170178914067651,-0.186485776312095,-0.201906291171348,-0.216279238661739,-0.22976902279362,-0.242271332872021,-0.253767971627169,-0.264518726918929,-0.273939348424606,-0.282508237593806,-0.290238543400137,-0.297023709075835,-0.302924855030853,-0.307960747694019,-0.312282281069031,-0.315797896242188,-0.318546306051689,-0.320599691861417,-0.321954699933682,-0.322645341684271,-0.32278180893585,-0.322407415618241,-0.321132810062587,-0.320042275964507,-0.318565267770701,-0.316587093574389,-0.314337708538194,-0.311857179603091,-0.309145769140696,-0.306291108430496,-0.303260374873231,-0.300130825866466,-0.296909281391805,-0.293598800176901,-0.29023323942349,-0.286791154771803,-0.283312743017716,-0.279777124655316,-0.276207870463434,-0.272592825758939,-0.268950816517854,-0.265265685237941,-0.261569170419268,-0.257832624738988,-0.254084697918537
0.236427728686682,0.240085000841185,0.243783769520734,0.247514985544782,0.251274605402894,0.25504617646162,0.258813137447638,0.262539830004837,0.26624524982755,0.269903756202434,0.273472301166822,0.276976328991242,0.280360240132976,0.283465766216901,0.286432075482268,0.289161003251369,0.291619729980094,0.293777472977004,0.295587259345937,0.296976314844987,0.297939753303744,0.298543271435893,0.29838497797164,0.297627397766561,0.296227930668866,0.294132538986771,0.291195354201084,0.287589351761936,0.282606974084649,0.276713876697108,0.2698188248992,0.261852745474011,0.252665098479296,0.242523709051656,0.231466017586039,0.21895286745592,0.205590096890065,0.190628169814089,0.175451516110214,0.159117100980972,0.14138699651248,0.123705628086429,0.105104323527155,0.0859285955178137,0.066336386381075,0.0463447896039172,0.0262099705590244,0.00613040553731298,-0.0139235913154405,-0.0338180867624333,-0.05346320339665,-0.0726396972655959,-0.0915029690133098,-0.109736428995302,-0.127325158379188,-0.144410349886832,-0.160553215309386,-0.176045153166391,-0.190678726204338,-0.204503673008226,-0.217428842668751,-0.229415429183521,-0.240551305400065,-0.250545666938517,-0.260044016904302,-0.268582958558257,-0.276256820641661,-0.282999596053586,-0.288951698272579,-0.294095668205647,-0.298495659745843,-0.302176429695282,-0.30512896378682,-0.307432224281794,-0.309081428232211,-0.310133819029665,-0.31061462172356,-0.310553662454309,-0.310031115222178,-0.309289668978016,-0.308046510607699,-0.306492365322001,-0.304671412340138,-0.302588122540373,-0.300264081567628,-0.297767538030618,-0.295122095478599,-0.292334095697247,-0.289450439215692,-0.286449254616988,-0.283374333838414,-0.280209893465764,-0.276994714575162,-0.27370760875671,-0.270382488852505,-0.266996988363724,-0.263584481042121,-0.260120496751116,-0.256637946974948,-0.253113452747142,-0.249575854590373
0.232065617507556,0.235489321684477,0.23894687756508,0.242423979325197,0.245909745969662,0.249396908475368,0.252872309357108,0.256308059946966,0.259669820243554,0.262977605034003,0.266215818025504,0.269339765114114,0.272329725166957,0.275154208960582,0.277760782598814,0.279971882525843,0.28202249674561,0.283746598152345,0.285118818539544,0.286153710623806,0.286657480406108,0.286664307396935,0.286192132941144,0.285032704088616,0.28329997674171,0.280819472903038,0.277619978501804,0.273728092148383,0.268604116414069,0.262706034481208,0.255722921194655,0.247999752055843,0.23915807053149,0.229282548854565,0.218088270877756,0.20620482791672,0.193320029098429,0.179484657065307,0.164696330770565,0.149159333374425,0.132836491490366,0.115925631654681,0.0983601706216064,0.0803356217390916,0.0619736590888692,0.0433400580202391,0.0243802281759484,0.00556726932841255,-0.013301261393908,-0.03205180924088,-0.0504770544564061,-0.0686273466505912,-0.0863481725281461,-0.103546412125784,-0.120247257078259,-0.13629789228156,-0.151701591624254,-0.166451577576274,-0.180422748669265,-0.193603752188295,-0.206065593874374,-0.21762569814511,-0.228320343711189,-0.23825203697709,-0.247584410316671,-0.25570786946527,-0.263232169993911,-0.26998349807015,-0.27592018508653,-0.281120257033616,-0.285595426686917,-0.289364821701493,-0.292514022078308,-0.294983537196773,-0.296947216686628,-0.298282309617653,-0.299034450697365,-0.299267632695392,-0.299151293459763,-0.298325916275804,-0.297886796233552,-0.296747504907289,-0.295260146899232,-0.293518074284517,-0.291570830969385,-0.289421512420035,-0.287115978541504,-0.284641236770124,-0.2820581623865,-0.279344561804012,-0.276550382275511,-0.273655731486504,-0.270690582516448,-0.267656543651158,-0.264563163450141,-0.261411969997339,-0.258223636693673,-0.254972687018716,-0.251705311152294,-0.248394275410487,-0.24506501866797
0.227685318373451,0.230883895502978,0.234104569930586,0.237336420315749,0.240565353332251,0.243779046775037,0.246967137700806,0.250114342849239,0.253178971072026,0.256167797128158,0.259062990557863,0.261856270810806,0.264463498461615,0.26686358074147,0.269089646656449,0.271029101854736,0.272696982173229,0.274038563411039,0.275067579123446,0.275642180943527,0.275801163086063,0.275459271149674,0.274557483175031,0.273128618296778,0.27105676782417,0.268312904063517,0.264854516849217,0.260608350113528,0.255466519744168,0.24965787605173,0.242684645232988,0.235142447853944,0.226012145790794,0.216488014854178,0.205945229402603,0.194508926770891,0.1822276705575,0.168961909241457,0.154934451111733,0.140198000962469,0.124818601911663,0.108787849288537,0.0922553274385975,0.0752940537126305,0.0579863961161542,0.0403963326568742,0.0226713357434017,0.00507992095871684,-0.0128054359156147,-0.0303897088190603,-0.0478251549896832,-0.0649056930192151,-0.0815938471178306,-0.0979457065923982,-0.113751529472835,-0.128964227768115,-0.143589168570086,-0.157590549861125,-0.17093628006748,-0.183491208798928,-0.195500646701673,-0.206806396291064,-0.217098897363368,-0.226807385730244,-0.235700911315772,-0.243736621590807,-0.251126224680776,-0.257716810904804,-0.263689260958233,-0.268929903935932,-0.273446027616043,-0.277323339800659,-0.280632642569844,-0.283231358986694,-0.285171835940973,-0.286999601411158,-0.287859172273496,-0.288673611206367,-0.288636006372013,-0.288592477388794,-0.288109816878758,-0.287265684002358,-0.286119010510967,-0.284710726569239,-0.283086096690513,-0.281244527660854,-0.279239893893467,-0.277058734588074,-0.274764756547243,-0.272337069636443,-0.26979540926199,-0.267167553424962,-0.264442825579344,-0.261653158108168,-0.258786339963035,-0.255866809524748,-0.25288783190674,-0.249854090784863,-0.246796305795529,-0.243690446651522,-0.240557650140349
0.223296756541373,0.226277677500361,0.229265501885899,0.23225839596844,0.235240240489669,0.238196422130062,0.241112719697578,0.243974858674532,0.24676676210927,0.249443654943644,0.252049684072187,0.254491204967424,0.256777379258722,0.258833851202085,0.260693901661858,0.262345758688261,0.263615791307877,0.264639730103682,0.265278440771366,0.265533186294538,0.265344121934677,0.26466666106807,0.263521542741865,0.261809144922787,0.259453244773405,0.25645527233664,0.25282776855703,0.248387618536362,0.243126616843465,0.237302702294093,0.230440764302401,0.222715520669075,0.214256152146389,0.204900990063063,0.194687055826992,0.183713053034828,0.171937351962307,0.159401411580756,0.146113581258508,0.131771671777339,0.117507184046844,0.102255795895527,0.0866755313493791,0.0706885536369915,0.0543721176983613,0.0378290128075212,0.0212285114565317,0.00442356033507202,-0.0122615954240353,-0.0288189654685884,-0.0453593878350407,-0.0615001478979133,-0.0773062366797402,-0.0927500453414652,-0.107708395371832,-0.122229798587448,-0.136143212349732,-0.149497934640581,-0.162239526596112,-0.174388062653146,-0.185872787377502,-0.196639696258842,-0.206274534755312,-0.216012237176087,-0.224641542118667,-0.232580769064341,-0.239791454669067,-0.246341524403235,-0.252148247404613,-0.25741267196044,-0.26201246123507,-0.265972126551073,-0.26933314490769,-0.272175749896177,-0.274428202384154,-0.276198164932958,-0.277544149123685,-0.278351560693645,-0.278882762869173,-0.278905263589045,-0.278697518778088,-0.278117905660252,-0.277268572996567,-0.276148341669999,-0.274791850966298,-0.273250330195737,-0.27153521867726,-0.269644970651646,-0.267601365297562,-0.265434794468401,-0.263148625860725,-0.260760606708403,-0.258277585456547,-0.255712228479608,-0.253071948788242,-0.250365171625556,-0.24759896591799,-0.244775673872597,-0.24191836829474,-0.239006160716015,-0.236069418549394
0.218915627814699,0.221685487979242,0.224452617111921,0.22720793807077,0.22994478339797,0.232652343914875,0.235312276747097,0.237910483102726,0.240425777415112,0.24282834404388,0.245108651544323,0.247286950186258,0.249256750222181,0.251010097722718,0.252556751432645,0.253839697200166,0.254852525783134,0.255537505026911,0.255834788276828,0.255807582777427,0.255324379413253,0.254375889094595,0.252935683300888,0.250986301038204,0.248450949455034,0.245291784534759,0.241467237460661,0.236978677722366,0.231671691672415,0.225736812625775,0.21902694447059,0.211526462611349,0.203240520301273,0.194181563566549,0.184356989790875,0.173764455393349,0.162468817880298,0.150464179533757,0.137815742136266,0.12454474254219,0.11070292399092,0.0963568540439341,0.0815909582973173,0.0664423438212739,0.0510435422633644,0.0354527766264357,0.0197080136106774,0.00393897007109967,-0.0118826091146973,-0.029075811545495,-0.0424580317114537,-0.0583195906370847,-0.0733622555181186,-0.0879773507447354,-0.102216589216368,-0.115976120877224,-0.12926727985988,-0.142017664569524,-0.154228487091394,-0.165852075932941,-0.176929248208188,-0.187257167701913,-0.197129369926269,-0.205825329271254,-0.214316652286085,-0.22203330946221,-0.22911416193006,-0.23558880631838,-0.241424599623966,-0.24661935813799,-0.251195484972235,-0.255230050019535,-0.258731803941421,-0.261633486625391,-0.264090578777537,-0.266070002706226,-0.267563348344583,-0.268659869215849,-0.269350247327465,-0.269636724405468,-0.269638914688114,-0.269313758280656,-0.26870432681804,-0.267859789493555,-0.266779273510801,-0.265503319792892,-0.264033723462831,-0.262396134153482,-0.260604892521137,-0.258683975682639,-0.256623723697383,-0.254476428325642,-0.252205925142162,-0.249867958010942,-0.247435854794774,-0.24493668692435,-0.242375037832933,-0.23974920321868,-0.237084647461187,-0.234364364450755,-0.231611227128318
0.214543776899043,0.217111218775929,0.219667529625995,0.222203298107771,0.224708475300192,0.22717030338078,0.229585281194966,0.231929979456766,0.234188413146931,0.236334901763804,0.238338880922171,0.240220158039456,0.241918398431252,0.243409273026454,0.244646974385727,0.245655663039515,0.246337555369208,0.246751279851639,0.246796291624559,0.246464901355556,0.245729062153045,0.244568244403269,0.242875667191113,0.240729453449827,0.238012600077648,0.234700053721316,0.2307791794153,0.22618727059882,0.220913023012871,0.214921799506762,0.208341998861942,0.201019348733761,0.192966770765409,0.18416546238723,0.174710062044063,0.164553984547741,0.153707183753658,0.142251897066293,0.130202596151538,0.117552237288075,0.104447945481928,0.0908701095919814,0.0768696530970992,0.0625912202222779,0.0480137251095842,0.0332363985177361,0.0183821989326764,0.0034550272487831,-0.0114289705363516,-0.0261558916309792,-0.0408338795919543,-0.0554346130368185,-0.0696850378352472,-0.0835832436295008,-0.0971098883404665,-0.110191950981757,-0.122871422584622,-0.135050122639744,-0.146717836915934,-0.157825839331868,-0.168458421788608,-0.17838468288851,-0.187784022950241,-0.196458288299138,-0.204640227872053,-0.212177425518811,-0.219115862845857,-0.225458260406911,-0.231252560844107,-0.236429651299595,-0.241047960965992,-0.245121618646353,-0.248653016809529,-0.251693305089785,-0.254264446148782,-0.256367457809107,-0.258077667286375,-0.259288570177641,-0.260215455158843,-0.260739619583418,-0.260935291898196,-0.260844389646529,-0.260485853846532,-0.259877361201044,-0.259041180175997,-0.257992531192284,-0.256759316145528,-0.255363951872796,-0.253786209619643,-0.252100380243412,-0.250257418183425,-0.248325657213253,-0.246264156240312,-0.244137455114706,-0.241899386461887,-0.239602978157433,-0.237233074699523,-0.234792372826828,-0.232314247770595,-0.22977557999054,-0.227203905272014
0.210192737051129,0.21256147312021,0.214914492602795,0.21724167433254,0.219530685562268,0.221768812704573,0.223942469735721,0.226047460826335,0.2280621656733,0.229959285233229,0.231709642493759,0.233328271268012,0.234747952538222,0.236007105324636,0.236991501762324,0.237693172369211,0.23814293266477,0.238272514029881,0.238076908862732,0.237511416290945,0.236545473447517,0.235152334590079,0.233305092973489,0.230960315846984,0.228070601853586,0.22468047867895,0.22067361988023,0.216053085584293,0.210786039918604,0.204901859781145,0.198365655016984,0.19118750771349,0.18338832543658,0.174888263982552,0.165735191056384,0.155944923964557,0.145556170324019,0.134617044307348,0.123113532854449,0.111114966231491,0.0986600961806232,0.0857694521431748,0.0725187138069804,0.0589682536142068,0.0451867276986982,0.0312456766192985,0.0171463597518591,0.00301450536934917,-0.0110635976479731,-0.0251060574694856,-0.0390186652103013,-0.0527641122686021,-0.0662423907896564,-0.079482463406593,-0.0923515428858042,-0.104841194844256,-0.116897438689998,-0.128536042770836,-0.13967658349215,-0.150374972246608,-0.160514100814952,-0.170311253981097,-0.179155100397347,-0.187603273724091,-0.195544361989524,-0.202901011911096,-0.209701057427452,-0.215930343070771,-0.221632017931466,-0.226773779283631,-0.231388877329867,-0.235506943881216,-0.239131942535999,-0.242236959713861,-0.244894027504478,-0.247167651643608,-0.248993470407638,-0.250403998033574,-0.251461385537056,-0.252176210146719,-0.252589717747518,-0.252709785697595,-0.252554262910068,-0.25215755833007,-0.251538267309606,-0.250726955597474,-0.249692313272347,-0.248513158746987,-0.247161702660037,-0.245672184288927,-0.244048614575999,-0.242308300862851,-0.240455515482043,-0.238512289409571,-0.236469333136638,-0.2343629298391,-0.232169156061989,-0.229913892584264,-0.227609213236594,-0.225247861082482,-0.222844358927469
0.205865207871252,0.208047476564344,0.210203666003763,0.21232539969662,0.214408546580488,0.216434873645537,0.218390890269802,0.220262232998466,0.222045102532394,0.223713728318327,0.225233596347456,0.226590905334516,0.227760516305274,0.228674335633119,0.229437860686085,0.229983964530476,0.230226805810738,0.23012387834925,0.229685495621978,0.228931730869834,0.227755161507917,0.226193651111964,0.224179909673125,0.22168668797327,0.218704366085355,0.215194659550307,0.211156063223396,0.206484199484032,0.201283576878407,0.195474841377759,0.189062707242654,0.18201733295108,0.174410383696665,0.166186904523296,0.157373175450613,0.147977490403077,0.138022459810654,0.127521995487478,0.1165335626386,0.105116954752032,0.0932517662276497,0.081020206937384,0.0684550996444938,0.0555989211809398,0.0425527678447062,0.0293229346058877,0.0159968579650066,0.00261916186988199,-0.0107747371913863,-0.0240532790872193,-0.03728183005226,-0.0502945922942589,-0.0631188908702279,-0.0756590590620167,-0.087916106533074,-0.0998456897397168,-0.11134852716183,-0.122481816371949,-0.133172511347936,-0.143380327251053,-0.153186418155883,-0.162417842183855,-0.170724840019856,-0.179256458239095,-0.187020535779708,-0.194202606193541,-0.200841597271166,-0.206950225039062,-0.212560912332618,-0.217668009869023,-0.222236997375083,-0.22637216323169,-0.230051222031526,-0.233231485451127,-0.236011212408314,-0.238363916733451,-0.240289001055141,-0.241838715021895,-0.243074691117217,-0.243978372852636,-0.244552936542602,-0.244858979178238,-0.244880074317067,-0.244718743584392,-0.244287216284705,-0.243650914248037,-0.242836004802161,-0.241851325942355,-0.240696823595514,-0.239407641395894,-0.237970950182607,-0.236425696978667,-0.234755200157761,-0.232996325293275,-0.231136840603493,-0.229201000577409,-0.227184666658378,-0.225105226194118,-0.222969911466271,-0.220767924093867,-0.218524997280092
0.201567196102176,0.203570450827425,0.205542376983292,0.207473240356372,0.209353149988576,0.211176956459773,0.212927409217855,0.21458911816597,0.216146000523728,0.217598621109409,0.218903160264893,0.220034690325888,0.221003738035999,0.221708387235578,0.222340326397255,0.22259977291434,0.222598673474736,0.222303054441329,0.221673792339329,0.220700561716574,0.219364279381649,0.217628765737481,0.21546098480639,0.212861876595114,0.209804761271487,0.206223381046406,0.202160100493916,0.197517964711301,0.192321242189527,0.186608831547008,0.180302690268011,0.173451836738308,0.166060907313851,0.158079760314017,0.149567576334621,0.140534514533849,0.130992988309505,0.120959787879902,0.110467499975406,0.0995363078067373,0.0882381849264985,0.076620643143812,0.0646744651957786,0.0524900832624759,0.0400854834953377,0.0275360089139614,0.0149132598318623,0.00220619881216879,-0.0104636163519568,-0.0231192860426274,-0.0356316349140368,-0.0480212798310686,-0.0602167790495841,-0.0721239273535855,-0.0838032552763091,-0.0951489528529906,-0.106185006944043,-0.116812320126603,-0.127058581975869,-0.136866041758927,-0.146256414603539,-0.155191679755045,-0.163575470937567,-0.171643009444997,-0.179060910504952,-0.185989180416708,-0.192473199240125,-0.198485993082926,-0.204012565624213,-0.20902991287681,-0.213594151203327,-0.217728174942144,-0.221413605952791,-0.224660831845253,-0.227529457340044,-0.22994463116636,-0.232011424129615,-0.23368693724128,-0.235045398153996,-0.236087480765157,-0.236816112753708,-0.237294345943369,-0.237505267656265,-0.237501990856045,-0.237253330923118,-0.236809439213376,-0.236168949468786,-0.235368710815546,-0.23439689811391,-0.233283145938898,-0.232031227177774,-0.230661195370676,-0.229166900816196,-0.227585201016158,-0.225889609959166,-0.224125054635163,-0.222278900158817,-0.220362808207982,-0.218386451075732,-0.216343868553258,-0.214261690493499
0.1973101267079,0.199138559548596,0.200932048918458,0.202680016996563,0.204372792860581,0.205999530785201,0.20755224859341,0.2090194555858,0.210382152668685,0.21161998150477,0.212724403233905,0.21365335331687,0.214419176027788,0.214995237903633,0.215262557417828,0.215398361745237,0.215212620383534,0.214743569607112,0.21395093847715,0.212824823415752,0.211325816186037,0.209461081728946,0.207200287390704,0.204510325378596,0.201365960183289,0.197765517880169,0.193653147224638,0.18904669471984,0.18390959727398,0.178307667868512,0.172119570156555,0.165477930214842,0.158274623153242,0.150545513842363,0.142320746594032,0.133615212635589,0.124442267515744,0.114834346021386,0.104810439120529,0.094385020451453,0.0836154570388628,0.0725102602790856,0.0611633603731134,0.0495861706442936,0.0377990467325633,0.0258947859019723,0.0138692129148223,0.00183440587911314,-0.0102232442861197,-0.0222311483222392,-0.0341415275445868,-0.04591078838404,-0.0575009295213009,-0.0688931514657261,-0.0795876088616795,-0.0908628136019685,-0.101347295606368,-0.111555095898555,-0.121351555167493,-0.130799357509259,-0.139799362069499,-0.148417931401516,-0.156602147872851,-0.164305093246893,-0.171550720560914,-0.178300437101544,-0.184625641457495,-0.190525631104885,-0.195917851639204,-0.200880863160965,-0.205415608712943,-0.20951532796258,-0.213200862318139,-0.216459974543333,-0.219303633529559,-0.221923076045923,-0.224053358764169,-0.225845795743937,-0.227320424354386,-0.228503509017185,-0.229390046276797,-0.229995602594882,-0.230378331885649,-0.230525116319903,-0.230434102875382,-0.230152916225323,-0.229691103585832,-0.22904584132321,-0.228255332869694,-0.227301963169036,-0.226228820390292,-0.225017076748174,-0.223697480187585,-0.222276476786949,-0.220743694997098,-0.219144858886473,-0.217461258365385,-0.215692776046,-0.213874846427759,-0.211986690482808,-0.210056040007831
0.193091153131553,0.194751303281771,0.196369182029108,0.197943311364708,0.199459677448253,0.200907115497347,0.202270666005445,0.203547038923085,0.204722280764669,0.205774695425519,0.206692293727733,0.20744332866933,0.208026969576636,0.208414712332296,0.208560048677278,0.208462206860628,0.208104731753048,0.207478180295248,0.2065440838818,0.205260065944403,0.203645707138123,0.201681276045216,0.199296217279017,0.196541326607607,0.193342200680945,0.189720480172213,0.185624723601887,0.181040281300525,0.176004870548798,0.170476522196654,0.164428745871185,0.157941065209426,0.150966678762507,0.143505903050986,0.135565500311777,0.127182726209026,0.118363248142243,0.109140329193913,0.0995413697135305,0.0895877503393769,0.0793122346623162,0.0687303822205892,0.0579120497707879,0.0468730996728663,0.035680608801275,0.0243435135180694,0.012916076562254,0.00146014085626686,-0.0100012313943754,-0.0214070911410334,-0.0327599962476147,-0.0439524551517955,-0.0550175379746045,-0.0658045231118119,-0.0763629888464999,-0.0868492914335334,-0.0968865147154339,-0.106664518480172,-0.116061973864054,-0.125103574720075,-0.133790102429327,-0.142062665511951,-0.149973272894073,-0.157431263678481,-0.164455690516879,-0.171056426988756,-0.17720405365199,-0.182958158245346,-0.18828147636321,-0.193169425436794,-0.197627511650806,-0.201730777206771,-0.205381782774818,-0.208687853848954,-0.211550386203602,-0.214098490475574,-0.216400814926414,-0.218322278106544,-0.219916411961159,-0.221193907942231,-0.222199606521157,-0.222978001180392,-0.223487215445018,-0.223762481920522,-0.223827816399337,-0.223693999339419,-0.223385397417213,-0.222903241624214,-0.222265608647017,-0.221478872803659,-0.220557601146653,-0.219510301396034,-0.21835104486616,-0.217082532212895,-0.215710145743088,-0.214268628529515,-0.212730318679153,-0.211115756899011,-0.209441943347996,-0.207700971870261,-0.205918427091386
0.188942879118025,0.190438197776869,0.191901224221131,0.193312886494904,0.194640105771846,0.195916588897852,0.197106981513219,0.198200469030722,0.199195741551654,0.200072349715727,0.200807887017406,0.2013989428692,0.201802283219354,0.202029851207831,0.202014510955118,0.201795171608622,0.201188392590191,0.20049111878741,0.199410020651494,0.198016502303936,0.196299085845133,0.194228355160718,0.191777585701629,0.188969051565343,0.185740873698055,0.18209671741245,0.178008350512294,0.173508941812675,0.16853433452174,0.16309413153603,0.15719615233175,0.150901772461196,0.144113071302093,0.136880639898394,0.129231275082311,0.121167354077119,0.112698054810245,0.103852513474173,0.0946408277556644,0.0851191875873393,0.0752990438524922,0.0652138333156647,0.0548907889548525,0.0443614749742298,0.0337029717392642,0.0229036836074681,0.0120481919766268,0.00111115485885341,-0.00978206208282632,-0.0206720910022884,-0.0314607921621289,-0.0421617674768508,-0.0526597752163224,-0.0630428662985108,-0.0731511726185347,-0.0830592411947725,-0.0927099921193612,-0.102058476039271,-0.111100297504713,-0.119793338096987,-0.12812578756153,-0.13611280509997,-0.143729980659927,-0.150961405004276,-0.157778983062495,-0.164201531952868,-0.170200111813024,-0.175806648611113,-0.181026195512871,-0.185843836053664,-0.19028744793625,-0.194284448818568,-0.197962614160754,-0.201282047205238,-0.204247767622619,-0.206858172340912,-0.209134748719406,-0.211097195137562,-0.21278751162679,-0.214193714532033,-0.215302155920073,-0.216177313605787,-0.216817783358802,-0.21722816729773,-0.217429772581864,-0.217445427356847,-0.217279936161107,-0.216939323190389,-0.216454615761068,-0.215811718385302,-0.215042232415221,-0.21414716022858,-0.213128108998873,-0.212008828724889,-0.210787673662768,-0.209488007727723,-0.208092023621904,-0.206622580878629,-0.205090893576415,-0.203491145357227,-0.201845721684953
0.184845020646073,0.186192540143032,0.187501248547893,0.188749755915904,0.189925476806455,0.191034318041613,0.192062370037105,0.192992061536054,0.19381173567302,0.194524066342809,0.195092054548374,0.195520365288002,0.195773030377906,0.195836075924205,0.195670995858445,0.19518567831151,0.194633594133037,0.193822361715268,0.192569945035103,0.191074735491517,0.189257883107811,0.187121436875479,0.184616700734534,0.181757743509592,0.178524832460666,0.174882088164559,0.170813784780622,0.166361267026792,0.161470845244384,0.156144024430241,0.150407545309846,0.144262195990065,0.13769514861533,0.130704855762887,0.123311613479816,0.115519400046352,0.107381556637245,0.0989006567385436,0.0900821057490333,0.0809600318850329,0.0715503714522857,0.0619310456635974,0.0520726709843643,0.0420462797900648,0.0318504367451586,0.021570895899317,0.0112074368663001,0.000804952231240905,-0.00960389969438228,-0.0199635848443422,-0.0302636885831325,-0.0404665553038947,-0.0505192323925869,-0.0603878042460747,-0.0700851887955202,-0.0795705828879077,-0.0888057489180952,-0.0977569131666799,-0.106418974352341,-0.11478660105003,-0.12281986705645,-0.130507120164186,-0.137859514512104,-0.144850254623071,-0.151463617984032,-0.157711572179412,-0.163584701661061,-0.169063563785707,-0.17417283643404,-0.178913359984648,-0.183260960034218,-0.18726275189682,-0.190924760495737,-0.194223204731416,-0.197188683216975,-0.199833940842912,-0.202178500476418,-0.204213980972266,-0.205961836471414,-0.207439130576506,-0.208664758928103,-0.209656573712939,-0.210397911655951,-0.210935445598846,-0.211265325196477,-0.211397189663697,-0.211374912072066,-0.211159343005409,-0.210817544615067,-0.21030457683841,-0.209681427001467,-0.208915333882048,-0.20804090582277,-0.207062651845184,-0.205973877981455,-0.204808065362288,-0.203549375633487,-0.202216321438024,-0.200818806785503,-0.199351385861972,-0.197835853671416
0.180811350122779,0.182015619520751,0.183172161405377,0.18427219310535,0.185304523990084,0.186254376499312,0.187122887837284,0.187902693171875,0.18857123220589,0.189120753735028,0.189536536779707,0.18980489943459,0.18991959489082,0.189839120010829,0.189536932404868,0.189049664042565,0.188296032678681,0.187276180657321,0.185980803472681,0.184431746105718,0.182558101774466,0.180326265205223,0.177795239897381,0.174878625552456,0.171646386387353,0.168035026357318,0.164008981484171,0.159614821300245,0.154786544321832,0.149584338072397,0.144009705322103,0.138008990548039,0.131628595271728,0.1248792801293,0.11775799035494,0.110264349194569,0.102420990137345,0.09425091254996,0.085806340909668,0.0770727850706513,0.0680820205940493,0.0588537204167343,0.0494374294670684,0.0398668166246266,0.0301451094898988,0.0203258255192908,0.0104336661855797,0.000524549846430901,-0.00941606464134734,-0.0193047393780799,-0.0291413100778129,-0.0388698231524512,-0.0484930320349731,-0.0579465020112102,-0.0672027397299505,-0.0762897168400444,-0.0851707373901862,-0.0934230984020869,-0.102084806024278,-0.110090038571288,-0.117828154317105,-0.125237021682872,-0.132330762014732,-0.139097095898039,-0.145503142749631,-0.151577015156015,-0.157292266747042,-0.162648749311065,-0.167655646343087,-0.17231147640202,-0.176611607429288,-0.180576209026679,-0.18419683772265,-0.187490217327769,-0.190479425762865,-0.193142556564141,-0.195519398184956,-0.197616555882658,-0.199431874223561,-0.200988154059501,-0.202309584310743,-0.203388874769723,-0.204235723577633,-0.204866725851985,-0.205314381467218,-0.205564728486387,-0.205653331348244,-0.205572410382113,-0.205343573032152,-0.204964134985111,-0.204464963919812,-0.203827701655748,-0.203086786070762,-0.202234148627509,-0.20127534295901,-0.200233872454773,-0.199103204644971,-0.197899579680356,-0.196627711540262,-0.195277302879449,-0.193885314365768
0.176864001833387,0.17793120885785,0.178944104381541,0.179903339665363,0.18079176187354,0.181590019621646,0.182310359091871,0.182937044658946,0.183463470135458,0.183868482045846,0.184143173163272,0.18426368343024,0.184240099674964,0.184033296797128,0.183613186932025,0.183003246973054,0.182148663049314,0.181014907285792,0.179620365200555,0.177824308102444,0.175968956652515,0.173829576023161,0.171241959668131,0.168353486047777,0.165099762649464,0.161512095883816,0.157523877297376,0.153198175062769,0.148481146348671,0.143399147569442,0.13795578643268,0.13214160202156,0.125962134073158,0.119414236903765,0.112519167913647,0.105307113646698,0.0977760403958989,0.0899319534510132,0.0818081343642065,0.0734181830628675,0.0648251794909546,0.0560008812355058,0.0470003538037932,0.0378226786809747,0.0285572423319514,0.0191691360488081,0.00972651815029983,0.000245252650757147,-0.00922097774461989,-0.0186869960589767,-0.0280683225202885,-0.0373892401191481,-0.0465702570362214,-0.0556331398375956,-0.0644918765623574,-0.0732123342149931,-0.0816452135623346,-0.0898410113304926,-0.0979385077532108,-0.105649396203455,-0.113141828965454,-0.120287186796608,-0.127125868413122,-0.133671320094278,-0.139876073967806,-0.145762159404399,-0.151343736271124,-0.156565198104737,-0.161458731166537,-0.166028523379958,-0.170243396147298,-0.174148802965637,-0.177762408238232,-0.181077216488225,-0.184046375562265,-0.186748893951092,-0.18917251480673,-0.19128713509334,-0.193184610963535,-0.194814789979558,-0.196200956960884,-0.197346375860274,-0.198285917839802,-0.199015467154799,-0.199560531872613,-0.19992205257105,-0.200117856754512,-0.20014795301609,-0.2000334973626,-0.199773649809137,-0.199386815702982,-0.198874022240445,-0.198254869341194,-0.197520107376952,-0.196684986366618,-0.195766837526405,-0.194759529986923,-0.193670962393947,-0.192515630114523,-0.191292455880174,-0.190003372470252
0.172975261638935,0.173909131080505,0.174794054086743,0.175622657551638,0.176370932214713,0.17703757911094,0.177624181951283,0.178110805664788,0.17849902909769,0.178770274650513,0.178911443677854,0.178909805978425,0.178751978342312,0.17841694037477,0.177902465348863,0.177166172265482,0.176214890490951,0.175018873206319,0.173561809500208,0.171835753827434,0.169829912242822,0.167565165130722,0.164980999421666,0.162103573089704,0.15889044001041,0.15532059201718,0.151391675143313,0.147113184879347,0.142506814332489,0.137549019025393,0.132221929644394,0.126581642099876,0.120594106095458,0.114275943893724,0.107625053087368,0.100663849898837,0.0934006295860921,0.0858687143866322,0.0780715609612835,0.0700375276713318,0.0617701849412636,0.0533244511883363,0.0447112951307907,0.0359472184252294,0.0270574185599204,0.0180990541468214,0.0090744419168858,7.27408832010864e-06,-0.00905137351724356,-0.0180850231851446,-0.0270756949416955,-0.0359716648247532,-0.0447786332389432,-0.0534424094429968,-0.061964024944008,-0.0702850357294918,-0.0784391984375156,-0.0863496628477488,-0.0940282596678383,-0.101488440366896,-0.108684181787851,-0.115604394477728,-0.122212140115262,-0.12855100140962,-0.134572134399214,-0.14028114262921,-0.145703015314835,-0.150836181103288,-0.155564673043083,-0.160048665177474,-0.164181326612677,-0.168072244868832,-0.171558316972934,-0.174920982357628,-0.177921279571779,-0.180624580911285,-0.183065004504265,-0.185235866204741,-0.187174003473691,-0.188844035791718,-0.1902935652286,-0.191533240767963,-0.192541533137332,-0.193357636634389,-0.194003048374385,-0.194453822078553,-0.194755744554765,-0.194884512109701,-0.194882839101264,-0.19472602836568,-0.194454202708574,-0.194054973850329,-0.19354157556286,-0.192927212851642,-0.192209301972669,-0.191409310536887,-0.19051152029092,-0.18953559917198,-0.188495969532035,-0.187382466195119,-0.186213886608192
0.169145442938229,0.169957699149748,0.170720577864625,0.171416644701369,0.172041504522476,0.172585184379976,0.173047019435278,0.173410394885622,0.173666802408583,0.173815435370199,0.173828113346024,0.173716399261428,0.173444060384995,0.172998856921278,0.172380603835018,0.171556961514606,0.170512065919338,0.169247168439644,0.167735014409144,0.165959659492859,0.163938799029034,0.161637018740991,0.158999621929308,0.156141573709011,0.152925569355694,0.149419477120349,0.145549056916183,0.141356274532118,0.136837417872875,0.132005700550691,0.126831458530085,0.121356932241861,0.115538905568279,0.109412335819204,0.102998484452854,0.0962937302903335,0.0893113264251102,0.0820628777156522,0.0745597307765879,0.0668522081204145,0.0589356248441728,0.0508376051683554,0.0425667965927661,0.0341944868332865,0.0256881112666889,0.0171075079606193,0.00846642138823284,-0.00019047121195776,-0.00887719370969044,-0.0175156906972813,-0.0261234969358217,-0.0346521684714686,-0.0430767399745795,-0.051391895270295,-0.0595528316589762,-0.0675636531350741,-0.0753795565747427,-0.0829993548219953,-0.090403676763851,-0.097574496248612,-0.104495528098169,-0.111186696830991,-0.117585143611425,-0.123710704060034,-0.129549766717205,-0.135103685469616,-0.140374000198234,-0.145277970766107,-0.150026463249524,-0.154407797869457,-0.158515731541161,-0.162308878810941,-0.165818271456981,-0.169065539727615,-0.172076882037317,-0.174758630384301,-0.177223126528502,-0.179429072654805,-0.181381170769706,-0.18311867425793,-0.18461871155991,-0.185903579698027,-0.187001464658235,-0.187892353325265,-0.188615677736061,-0.189163028345929,-0.189549398228022,-0.189784172575236,-0.18987670888984,-0.189827415033669,-0.189664091025116,-0.189363819892978,-0.188961481910509,-0.188453034734413,-0.187846175752463,-0.187150029455205,-0.186361229071766,-0.185496417325543,-0.184559455511241,-0.183553961422729,-0.18248773620828
0.165386111928039,0.166086205359061,0.166725082152868,0.167306761470394,0.167815325024292,0.168233874307988,0.168569776219966,0.168820803753326,0.168966723747034,0.168996931109554,0.168899511809794,0.168673818371522,0.168298590374768,0.167761042802297,0.167044672134232,0.166144824105105,0.165028605809028,0.163692713660356,0.162130947935755,0.160321160794373,0.158265047911819,0.155944084756579,0.153304116054122,0.150445313256027,0.147238460360974,0.143949419695515,0.140052781503403,0.135980674408353,0.13143671900771,0.126767727461936,0.121734246663959,0.116404446196126,0.110781866978854,0.104858350985114,0.0986554762537346,0.0921815889736329,0.085447847251941,0.078479793982156,0.0712890714084009,0.0638662459600533,0.0562630646307451,0.0485003196223323,0.0405888312435782,0.0325353150884131,0.0244040278904083,0.0161819265410567,0.00790929211613503,-0.000394827080847926,-0.00868760298607134,-0.0169891903792845,-0.0252151871271141,-0.0334011778435807,-0.0414836271571331,-0.0494539288624353,-0.0572991405553671,-0.0649779588058596,-0.0725061356717702,-0.0798249902729727,-0.0869530185690387,-0.0938844526486781,-0.100398145039723,-0.106897375158893,-0.113181315533387,-0.119138050555794,-0.12480668752269,-0.130190381735528,-0.13532399180247,-0.140178476334275,-0.144748205068075,-0.149020322675843,-0.153061651254385,-0.156752289136776,-0.160267670789053,-0.163495811522056,-0.16644503535896,-0.169154615053545,-0.17162032558228,-0.173868385711375,-0.175840370128912,-0.177597940255649,-0.179158566264956,-0.180493888811936,-0.181649850474907,-0.182621679805644,-0.183412869403908,-0.184043742545224,-0.184513420264347,-0.184840004989431,-0.185020069736783,-0.185071052541093,-0.184998701269746,-0.18479827921697,-0.184499152289297,-0.184093280785652,-0.183579632913757,-0.182982898118995,-0.182299571855638,-0.181538090521254,-0.180701982401984,-0.179796783683036,-0.178827637241971
0.161701205163265,0.162288058009483,0.162819828782227,0.163292194156451,0.163679828258526,0.163989200517853,0.164213757901044,0.164349672262745,0.164389606819167,0.16431274008132,0.164121185708163,0.163790382275889,0.163320607893254,0.162697467584158,0.161897504021405,0.16092274691868,0.159749180594631,0.158357648185935,0.156748144478048,0.154912845615361,0.152832086209516,0.150492000286438,0.147886001608966,0.145020108770606,0.141819474629203,0.13844944085673,0.134725053109941,0.130827247035531,0.126396440326065,0.121804809528309,0.116915445225475,0.11173093212766,0.106266916939088,0.10054425166215,0.0945518802923348,0.0883123726438025,0.0818284037072933,0.0751157339282884,0.0681774291099286,0.0610651221195544,0.0537650570333016,0.0463004109732972,0.0387113155380875,0.0310014258191864,0.0231919982959065,0.015311953364283,0.00738793325140668,-0.000573100626386191,-0.00853401430829092,-0.0164694235584305,-0.0243846817552354,-0.0322085200657624,-0.0399809530157281,-0.0476333399068735,-0.0551647822939096,-0.0625593022467224,-0.0697772923511441,-0.0768519781329743,-0.0837171131508229,-0.0903829946926201,-0.0968624754068478,-0.103083196798172,-0.109065109207474,-0.11480205000201,-0.120228481125985,-0.12555768166105,-0.130530105709672,-0.13525116765091,-0.139712962550223,-0.1438995951139,-0.147848243195531,-0.151517155102918,-0.154909828438918,-0.158153105858146,-0.161083666379284,-0.163797537407892,-0.166297636220103,-0.168504112616258,-0.170509877460185,-0.172305579203541,-0.173899457542855,-0.175291899421316,-0.176503479724252,-0.177530975044777,-0.178395915607885,-0.179091229210953,-0.179640882849238,-0.180039279902202,-0.180305090997527,-0.180441395265129,-0.180455018498452,-0.180349320943769,-0.180146925994619,-0.17982986542872,-0.179412279824148,-0.178911692126364,-0.178324047639814,-0.177660319813093,-0.176924096120184,-0.176113334104587,-0.175254028586969
