0.0240597361500379,0.0230794612821358,0.0220432296916891,0.0209475645634527,0.0197901606599645,0.018578946811165,0.0173164318863243,0.0159968422170932,0.0146286601813841,0.0132096698791707,0.011739594283667,0.0102076631614898,0.008594773595294,0.00692753828267356,0.00516870694847119,0.00327699869032936,0.00137137001115344,-0.000590441723519344,-0.00266113632032726,-0.00479285055688515,-0.00700557790689313,-0.00924944802814233,-0.0115263917544761,-0.0138528104022664,-0.0162252210799205,-0.0186375631961178,-0.0210939916464233,-0.0235772097715309,-0.0260897430515848,-0.0286255810739598,-0.0311762804162461,-0.033737318866472,-0.0363053835473029,-0.0388738578857458,-0.0414487998517038,-0.0439905088322801,-0.0464885667903723,-0.0489726544025231,-0.0514190112284522,-0.0538196025416847,-0.0561547761122139,-0.0584303197526802,-0.0606333697375209,-0.0627592095614301,-0.0648127138669044,-0.066771813886114,-0.0686483450410411,-0.0704316784815344,-0.0721130277090109,-0.0737065254215308,-0.0751948744814302,-0.0765844391155113,-0.0778746518443325,-0.0790622739555791,-0.0801544968383136,-0.0811445267121321,-0.0820409067235086,-0.0828464160100618,-0.0835547142837552,-0.084178824382919,-0.0847235916589998,-0.0851848240858888,-0.0855769246468541,-0.0859037328981553,-0.0861669123242169,-0.0863733013176938,-0.0865378662367949,-0.0866555053862111,-0.0867293049434182,-0.0868028349075432,-0.0868113681519221,-0.08681500271142,-0.0866989285186896,-0.0865392209366814,-0.086353596307931,-0.0861538545835516,-0.0859570079528377,-0.0857507806027719,-0.0855575281633049,-0.0853645258675621,-0.0851729974330099,-0.0849881131186514,-0.0847969112017177,-0.0845908652611059,-0.0843584101290384,-0.0840951076138683,-0.0837942734290006,-0.0834502219172051,-0.0830489516598312,-0.0825883698774222,-0.082066460252367,-0.0814787072734337,-0.0808293032614839,-0.0801321925178513,-0.0793674104510011,-0.078467192597136,-0.0775361598890119,-0.0764999770384836,-0.0753859484418419,-0.0742272830042125,-0.0730160460414064
0.0259035145719588,0.0249177576319361,0.0238716800266284,0.0227631561397829,0.0215913191518814,0.0203656157475086,0.0190829982025543,0.0177409333357502,0.0163443715740557,0.0149025232419756,0.0133939679080418,0.0118113412206909,0.0101434092561445,0.00838818709441625,0.00654360447086921,0.00462205490030406,0.00264160273374827,0.000590104529399994,-0.00152382462589356,-0.00371791123465243,-0.00597530779386352,-0.00829235762530824,-0.010664171866184,-0.0130894545855716,-0.0155635925025914,-0.0180880915204392,-0.0206516911064451,-0.0232536900338796,-0.0258885942837905,-0.0285433205405105,-0.0312202445962637,-0.0339097922402449,-0.0366003640763376,-0.0392889990572246,-0.0419142879323954,-0.0445879454579462,-0.0473098422295713,-0.04995066339006,-0.0525301697518073,-0.0550563169849945,-0.0575082537606927,-0.0598989318010927,-0.0622133273017295,-0.0644426768240796,-0.0665925831793367,-0.0686434093574463,-0.0706054631808624,-0.0724657403324575,-0.0742243474743804,-0.0758775675090545,-0.0774229848044461,-0.0788649850312965,-0.0801919523423886,-0.0814175864326829,-0.0825344807056076,-0.0835404659681405,-0.0844532729846839,-0.0852615742928586,-0.0859707889281067,-0.0865888503600765,-0.0871220830088099,-0.0875634237877692,-0.0879340521496338,-0.0882357618448986,-0.0884715917278913,-0.0886627730509186,-0.0888053554070657,-0.0888959732841481,-0.0889261877622607,-0.0890002675690686,-0.0889849438054299,-0.0888579141878219,-0.0887160339828068,-0.0885223720307062,-0.0883162836176,-0.0881044773846587,-0.0878989551705057,-0.0876947262221388,-0.0874987207707329,-0.0873093007162972,-0.0871313317547019,-0.0869579908687643,-0.0867782315876212,-0.0865823266893754,-0.0863612246299412,-0.0861108538273577,-0.0858147618792412,-0.0854710328350908,-0.0850679731137746,-0.0845970790188751,-0.0840606150435624,-0.0834576056065863,-0.0828001251999932,-0.0820681314354977,-0.081262574158145,-0.0803179553209854,-0.0793288718553806,-0.0782557939503025,-0.0771228962111692,-0.0758982143993737,-0.0746413940756184
0.0278020582955858,0.0268129400670635,0.025760979542034,0.0246434297786168,0.0234591824020348,0.0222172180615385,0.0209135994145588,0.0195525987491407,0.0181304409654162,0.0166541358586915,0.0151002945486769,0.013470192486865,0.0117327541691997,0.00990771565714054,0.00800537327527131,0.00602782422387319,0.00398051189874877,0.00186116285900275,-0.000319970506683701,-0.00256537149892967,-0.00488590316695326,-0.00727872402117538,-0.0097372154333294,-0.0122618120182541,-0.0148462204706233,-0.017480860151048,-0.0201663304471308,-0.0228963464393012,-0.0256550868061275,-0.0284428853379585,-0.0312566603909543,-0.0340805653097444,-0.0369040911343888,-0.0397194565016535,-0.0425302917156838,-0.0453538890959188,-0.0481796481832391,-0.0509458775608748,-0.053659689948105,-0.0563127099679962,-0.0588963138918417,-0.0614087050896816,-0.0638407987988149,-0.0661896489770857,-0.0684404059154235,-0.0705957634291435,-0.0726487155162367,-0.0745860089858572,-0.0764280473510878,-0.0781439995843832,-0.0797500310412948,-0.0812432224377786,-0.0826103133428141,-0.0838717795820643,-0.0850136027405325,-0.0860434298361572,-0.0869631948039156,-0.0877696083810562,-0.0884806854865914,-0.0890898534631607,-0.0895998502460545,-0.0900309644803792,-0.0903739100685338,-0.0906429531525336,-0.0908512579620299,-0.0910050702031981,-0.0911079578995186,-0.0911562652325627,-0.0911571588901441,-0.0911271872065606,-0.0910658239223477,-0.0909244829149699,-0.0907380227379534,-0.090534309301223,-0.0903194091482582,-0.0901029282451415,-0.0898829292000165,-0.0896797865117848,-0.0894928499063349,-0.0893200118114633,-0.0891481274554319,-0.0889901982309582,-0.088823263488989,-0.0886454708770802,-0.088439039461013,-0.0882017021702485,-0.0879184121646113,-0.0875773664397398,-0.0871702904581478,-0.08669429794954,-0.0861459136439482,-0.0855234677368683,-0.0848274340267199,-0.0840587324860329,-0.0831920297503035,-0.0822611055934488,-0.0812476173841402,-0.080130537157905,-0.0789349782067498,-0.0776615112432121,-0.0763449369282712
0.0297748151761141,0.0287840855536392,0.0277283103083154,0.0266036405184219,0.0254099978281016,0.0241514485235441,0.0228233488546838,0.0214391313385543,0.0199885943319369,0.0184788737315765,0.0168823337884075,0.0151951969160527,0.0134024769356332,0.0115308906683512,0.00957072482737579,0.00753712060585413,0.00543244756470059,0.00324414782924456,0.000990890985760385,-0.00133873714699595,-0.00374425510279222,-0.00622439514412054,-0.00878088608419638,-0.011406529971018,-0.0140945564742819,-0.0168451470744396,-0.0196503724257059,-0.022501261983779,-0.0253962840698832,-0.0283240798622336,-0.0312736043659421,-0.0342408895046911,-0.0372182312917487,-0.0401954763975146,-0.0431723402719604,-0.0461408859136535,-0.0490892955692483,-0.0519948937415239,-0.0548456862777599,-0.057633969048739,-0.0603485732970539,-0.0629986934152333,-0.0655462821341452,-0.0680171915113008,-0.070381282136805,-0.0726396726304637,-0.0747905900465936,-0.0768193603796109,-0.0787349426064256,-0.0805233189165694,-0.0821940503455246,-0.083733589748753,-0.0851533886406665,-0.0864435271478391,-0.0876064093123535,-0.0886594557088321,-0.0895821194318167,-0.0903949071127336,-0.0910985940135016,-0.0916915220544915,-0.0921869384013713,-0.0925836033730295,-0.0928939705558144,-0.093131474973102,-0.0932955334065115,-0.0934006705776123,-0.0934476579624927,-0.0934453819471169,-0.0934086347006283,-0.0933114259849274,-0.0931816761446816,-0.0930087336014709,-0.0928035562464652,-0.092581659806909,-0.0923503900537303,-0.0921222522766732,-0.0919067475182432,-0.0917034724307541,-0.0915168230041778,-0.0913514151882449,-0.0911989509273827,-0.0910546882064569,-0.0909067076753835,-0.0907473368017817,-0.0905629801825519,-0.0903442226034778,-0.0900742644912106,-0.0897408379059613,-0.0893338591988826,-0.0888499183884361,-0.0882940424624248,-0.087656725394976,-0.0869362263151047,-0.0861541823271069,-0.0852353798522039,-0.0842903661492426,-0.0832068737369792,-0.0820358285412421,-0.0807948692974708,-0.0794749851624964,-0.0780973879862298
0.0318241259847148,0.0308336748295193,0.0297752475172244,0.0286466353738949,0.0274472615064207,0.0261771883668448,0.0248281504348654,0.0234247064415832,0.0219421979661759,0.0204008098672431,0.018764216607229,0.0170230767999362,0.0151855927359864,0.0132552093318583,0.0112456860923413,0.00915193174486669,0.00697986175212975,0.00471815327378646,0.0023838222646016,-2.75300345236635e-05,-0.00252320163689398,-0.00510326859661213,-0.0077669079835536,-0.0105017666011761,-0.0133100881862477,-0.0161846870198168,-0.0191154508297952,-0.0220988239300386,-0.0251324716921376,-0.0282000784806338,-0.0312943830693991,-0.0344149735380927,-0.0375508724269395,-0.0406873955731883,-0.0438184201975579,-0.0469421360373295,-0.0500408504095241,-0.0530847361287467,-0.0560813872186408,-0.0590133318150026,-0.0618746841683392,-0.0646586386055514,-0.0673517411897037,-0.0699452645688631,-0.0724259667686589,-0.0748039399656406,-0.0770496494745311,-0.0791794565275994,-0.0811761530025041,-0.0830372487616056,-0.0847755445655054,-0.0863622745903587,-0.0878277692950845,-0.0891523137329236,-0.0903414104196206,-0.0914037760274002,-0.092331490335325,-0.0931443556670038,-0.0938318096845245,-0.0944051696280518,-0.0948729362702691,-0.0952384171184186,-0.0955085734335755,-0.0956984827138995,-0.0958140264682252,-0.0958610787533709,-0.0958522817927558,-0.0957893444584594,-0.0956788497918747,-0.0955306450449638,-0.0953481433317233,-0.095134034023925,-0.0948970182284333,-0.0946512828775463,-0.0944028564520945,-0.0941602171811972,-0.0939331428433282,-0.0937311106564147,-0.093558643443229,-0.0934018291027702,-0.0932644859424809,-0.0931397071294165,-0.0930146063895201,-0.0928817883178804,-0.0927243312903764,-0.0925255713290994,-0.0922687087595281,-0.0919441680656762,-0.0915448329944699,-0.0910615363935652,-0.0905024414717398,-0.0898643456196751,-0.0891320197184127,-0.0883541886821431,-0.087433481210867,-0.0863066930958111,-0.0851978369080603,-0.0839945540095974,-0.0826938580357641,-0.0813222154617515,-0.0798823751920475
0.0339434044938544,0.0329574352835775,0.0319006012342216,0.030768588396663,0.0295647931888717,0.0282875149147968,0.0269286323384474,0.0254988479004737,0.0239855341962516,0.0224318025827298,0.0207558393687517,0.0189668527147738,0.0170784189794216,0.0150991725939789,0.0130265984162592,0.0108666631105453,0.00862052170989333,0.00628632475105663,0.00386224312474443,0.00136048423911276,-0.00123666464517715,-0.00391888565063012,-0.00669051342086599,-0.00954618454603265,-0.0124771497376859,-0.0154775768441521,-0.0185457556541597,-0.0216724566985956,-0.0248474659088353,-0.0280662746330669,-0.0313187980798775,-0.0345960414892236,-0.0378897108243768,-0.0411900844349426,-0.0444786764662757,-0.0477546821854081,-0.0510168903111703,-0.054234978147799,-0.0573856023533801,-0.0604683800129684,-0.0634825405594432,-0.0664126915620112,-0.0692541423846173,-0.0719894350414913,-0.0745937550713539,-0.0770884345020791,-0.079445751750468,-0.0816694916326891,-0.0837535440498575,-0.085695001346376,-0.0874920803897453,-0.0891413189680696,-0.0906475488057284,-0.0920000937266459,-0.0932190175637179,-0.0942868168276653,-0.0952189454076003,-0.096020700741194,-0.0966859846601628,-0.0972392404341638,-0.097669742096061,-0.0979890989064613,-0.0982191026603455,-0.0983541969852665,-0.0984088593125927,-0.098394256408562,-0.0983147303759356,-0.0981839931360469,-0.098010958402648,-0.0977954431679515,-0.0975545760360168,-0.0972900076910038,-0.0970131095280381,-0.0967335862858533,-0.0964628408320016,-0.0962133597662097,-0.0959779437863829,-0.0957761758279626,-0.0956046794910175,-0.0954631071037925,-0.0953456328620057,-0.0952456442463627,-0.0951534279865366,-0.0950515751178218,-0.0949281406716059,-0.0947562881565513,-0.0945174513697422,-0.0942052781800354,-0.0938247797809776,-0.093347643249809,-0.0927962048856384,-0.0921520129266476,-0.0914364388743821,-0.0906139907995272,-0.089716788528899,-0.0884984414365335,-0.0873232994394367,-0.0860302519351421,-0.0846661089642022,-0.0832173956643157,-0.0817002653409498
0.0361318773530401,0.0351540131309999,0.034102087302464,0.0329725052109787,0.0317679917000694,0.0304898179467622,0.0291189574552443,0.0276659782527793,0.0262115616784602,0.0245667324426525,0.0228351294722251,0.0210052920866985,0.0190728555600538,0.0170394345633428,0.0149018527920522,0.0126726335878252,0.0103579964177413,0.00794401160372603,0.00543712015450005,0.00283722718985974,0.000140909256539048,-0.00265235285213798,-0.0055437695304814,-0.00852102266484664,-0.0115838021366572,-0.0147259092733894,-0.0179406444804901,-0.0212137572383479,-0.024543844435421,-0.0279232954106696,-0.0313406197647275,-0.0347819084648604,-0.0382382035258614,-0.0417032227900039,-0.0451555009130685,-0.0485908996838224,-0.0519979222263719,-0.0554251246420751,-0.0587487815788683,-0.0620161552213219,-0.0652004367045944,-0.0682864045118948,-0.0712744921078983,-0.0741378294280175,-0.0768864795009175,-0.0794918397416694,-0.0819672666079503,-0.0843053743711393,-0.0864731984544271,-0.0884976021359067,-0.0903610201585498,-0.0920625863861614,-0.0936126781844956,-0.0949938462896773,-0.0962309076120543,-0.0973082291753703,-0.0982391754158768,-0.0990252837181025,-0.0996707575701989,-0.100188325863714,-0.100575641004024,-0.100852762291654,-0.101018591042401,-0.10108939994118,-0.101077091020951,-0.100992229795363,-0.100842981384543,-0.100635230852425,-0.100388867455382,-0.100105632463005,-0.099794870391325,-0.0994749979890112,-0.0991475634963161,-0.0988336750512293,-0.0985327238519599,-0.0982545053285726,-0.0980184752756953,-0.0978144942252428,-0.0976519292772943,-0.0975270424696086,-0.0974400507356472,-0.0973761362253272,-0.0973228192177571,-0.0972591549579193,-0.0971749357554544,-0.0970329567045103,-0.0968299081461087,-0.0965533776362844,-0.0961909732588163,-0.0957456661805915,-0.0952170131265831,-0.0945610643651453,-0.0938292177563616,-0.0930196653675646,-0.0919651792863198,-0.0907832900250185,-0.0894590731373827,-0.0881042608620474,-0.0866784287817696,-0.0851888304752292,-0.0835521569766887
0.0383877605294465,0.0374204769066054,0.0363768167073295,0.0352532270843762,0.0340539533309061,0.0327766548664123,0.031406089080437,0.0299448453029456,0.0285310007528422,0.0267907940988084,0.0250136991805276,0.0231453972865381,0.0211614471851977,0.0190704511253682,0.0168774807903086,0.0145855844454881,0.01220136393805,0.00970847176288966,0.00711274976380117,0.00441462132614558,0.00161003006025525,-0.00129922385317769,-0.00430678332116151,-0.00741261193471161,-0.0106126855483379,-0.0138971431918342,-0.0172568501760947,-0.0206886843843408,-0.024184335622715,-0.0277362562644496,-0.0313278193503742,-0.0349471702206082,-0.0385854702206798,-0.042227302787864,-0.0458594108928946,-0.0494506749303542,-0.052991393279656,-0.0565026061876586,-0.0601712175022978,-0.0636482884107759,-0.0670041986758191,-0.0702718139657534,-0.0734089466532943,-0.0764320183089361,-0.0793119396361125,-0.0820545851515189,-0.0846400764406956,-0.0870723141647216,-0.0893341361802683,-0.0914354653079478,-0.0933613795347029,-0.095129890975941,-0.0967171930043239,-0.0981333778644737,-0.0993853059773444,-0.100461406072762,-0.101389424096893,-0.102151454632456,-0.10276863753157,-0.103246104973681,-0.103585780696768,-0.103807053380157,-0.103909996940537,-0.103914031641886,-0.10382822671784,-0.1036623948183,-0.103427358997754,-0.103147457850713,-0.102814186304631,-0.1024539183568,-0.102072192180502,-0.101687114637451,-0.101308196318234,-0.100942415506479,-0.100605036998155,-0.100308185733007,-0.100059760103406,-0.0998502809764284,-0.0997134811005232,-0.0996078746336895,-0.099551839169371,-0.0995295349183585,-0.099527207609115,-0.0995167798876843,-0.0994793040905273,-0.0993878173569679,-0.0992310895716376,-0.0990051862447961,-0.0986884232901174,-0.0982840244053671,-0.0977729513968955,-0.0971295159099329,-0.0963686570920048,-0.0954468667942168,-0.0943584494941069,-0.0932447598551469,-0.0918604685763609,-0.0903918551392316,-0.0889516173697213,-0.0873466865608971,-0.085650910011947
0.0407295802208588,0.0397731038035253,0.0387380388013574,0.0376214909211064,0.036429243995886,0.0351523465106665,0.0337782951233086,0.032331410428302,0.0307914633947794,0.0289876583484364,0.0274018415429022,0.0254198190975009,0.0233638810471524,0.0212134821861399,0.0189645998754784,0.0166113793760668,0.0141512757572158,0.0115802848073822,0.00889303182881108,0.00609128542819803,0.00317619663666274,0.000154309898640447,-0.00297848373250707,-0.00621904258299711,-0.00956020184057052,-0.0129923300278473,-0.016511381249575,-0.0201102042012615,-0.0237785323838812,-0.0275037760491525,-0.0312761751371636,-0.0350857742384764,-0.0389184489797458,-0.0427590073205655,-0.0465899580642479,-0.0503909696187217,-0.0541660568428216,-0.0579040543511202,-0.0615438025777463,-0.0653064110255056,-0.068881205989774,-0.0723278313789241,-0.0756366150760289,-0.0788178471793434,-0.0818490511966199,-0.0847221540920106,-0.0874341885082421,-0.0899704123513724,-0.09233771561232,-0.0945187525989046,-0.0965231450144008,-0.0983377005700432,-0.0999720394819827,-0.101416242936542,-0.102684770944275,-0.103769796120546,-0.104685821799017,-0.10542533800442,-0.106008901935818,-0.106436350894261,-0.106720045762896,-0.106873365931023,-0.106903961329064,-0.106827697209848,-0.10665510955139,-0.106401439616217,-0.106083417104791,-0.105704822025133,-0.105286336757463,-0.104840348832279,-0.104381231478465,-0.103922410534306,-0.103479677352773,-0.103060950682149,-0.102686408052148,-0.102362160362973,-0.102100663311775,-0.101898495041271,-0.101770602195921,-0.101696819985741,-0.101685435451034,-0.101717636297456,-0.101779505727974,-0.101836013444121,-0.101856216799326,-0.101839102501041,-0.101752226906902,-0.101582877191506,-0.101329150070792,-0.100967283937273,-0.100479363592034,-0.0998594002891376,-0.0990314358592712,-0.098001425825559,-0.096856448614014,-0.0957693125509857,-0.0944797300602506,-0.0929549385174986,-0.0914214644883139,-0.0898083592192944,-0.0881075386866416
0.0431601907000628,0.0422187736692262,0.0411955486688222,0.0400902924405603,0.0389072973637903,0.0376288797816258,0.0362500205689733,0.0347777640092419,0.0333014913905487,0.031558967708249,0.0297430348850747,0.0277568952654023,0.0256805433923549,0.0234885962657271,0.0211914233451423,0.0187799770295735,0.0162557507100966,0.0136040759967311,0.010814723243573,0.00790467508519442,0.00487673400297307,0.00172750620557492,-0.00153933517353746,-0.00492039162715284,-0.00840931131625847,-0.0120016071923199,-0.0156900180710458,-0.0194667563825425,-0.0233173948781922,-0.0272313171873247,-0.0312004429662299,-0.03521348577772,-0.0392526548683408,-0.0433058288018272,-0.047355892046028,-0.0513895705555615,-0.0553888626560207,-0.0593312535761749,-0.0632536945269086,-0.06708422700595,-0.0708468478891916,-0.0744713170472792,-0.0779737633759038,-0.0813185419364076,-0.0845139921893614,-0.0875303128074966,-0.090377059718719,-0.0930316466663963,-0.0955030306282333,-0.097772588959061,-0.09984796264649,-0.101722366751126,-0.103396113522836,-0.104871566051489,-0.106151294232301,-0.10723694394677,-0.108132143500251,-0.108843701485579,-0.109386780204116,-0.109761850126473,-0.109984394254705,-0.110065510642119,-0.110012328826747,-0.109848446114056,-0.109584924864118,-0.109227932528098,-0.108807105041363,-0.108323441574967,-0.10779807518745,-0.107257703375866,-0.106709184549605,-0.106166790736066,-0.105644655072229,-0.105171975277678,-0.104754287770749,-0.104400373406995,-0.104125629593595,-0.10393037528963,-0.103821327065266,-0.103785716990752,-0.103831697439375,-0.103934611162473,-0.104072131124451,-0.104212818165062,-0.104320011789464,-0.104384952231501,-0.104383635630186,-0.104309231808258,-0.104139301836813,-0.103818420543418,-0.103265698498096,-0.102640561337106,-0.101837629211828,-0.100884287552946,-0.0997673819538149,-0.0986431527831203,-0.0972926617606751,-0.095758956741003,-0.0940969147988425,-0.0922538144767677,-0.0902641642079065
0.0456747988236108,0.0447494467945523,0.0437408006317269,0.042650783579195,0.0414792184279135,0.0402120905785403,0.0388451589521405,0.0373880221342119,0.0358275185347995,0.0340771856871861,0.0321865998233092,0.030211666427651,0.0281105932037112,0.0258817181601752,0.0235380127185955,0.0210800952374571,0.0184962598913607,0.0157646770437427,0.0128756609240763,0.00985160277318013,0.00670570807046803,0.00342820374004712,2.78915619168197e-05,-0.00349719691753594,-0.00714380007488052,-0.010904500844196,-0.0147731128820697,-0.0187346311946175,-0.0227801335797655,-0.0268996369700813,-0.0310802214171528,-0.0353084997789905,-0.039572733230411,-0.043854772800005,-0.0481381859829003,-0.052411106255253,-0.0566476863413282,-0.0608269501659672,-0.0649143163711352,-0.0689728060562667,-0.0728988643516734,-0.0767457333789582,-0.080455437877064,-0.0839814352630696,-0.0873323392014933,-0.0905051927702366,-0.0934792960408323,-0.0962621334347682,-0.0988364759293526,-0.101209215201277,-0.10336079468667,-0.10530377251566,-0.107016418433659,-0.108518932477693,-0.109802307317294,-0.11088015790858,-0.111759470660571,-0.112431652375691,-0.112925477310128,-0.113235892137551,-0.113385315807615,-0.113381857244101,-0.113237847615409,-0.112971426424782,-0.112594056487006,-0.112127452664291,-0.111586271138126,-0.110992414565162,-0.110363675780787,-0.109703226874097,-0.109055975930588,-0.108419263477851,-0.107815354884039,-0.107269005739614,-0.106797585471464,-0.106416698710647,-0.106128428960678,-0.105936286062744,-0.105850114908569,-0.105865136939621,-0.105986088111411,-0.106175988491439,-0.106412851746042,-0.106655933752702,-0.106897229117147,-0.107057940570227,-0.10716361129267,-0.107093498052335,-0.107002255688239,-0.10679091928015,-0.106433506800774,-0.105748679148958,-0.105171296055531,-0.10427269102146,-0.103156164352004,-0.101814608986946,-0.100265975687915,-0.0984885025372502,-0.0965314572111946,-0.0944160299690085,-0.092154476761429
0.0482682947871692,0.0473625118440328,0.0463730981984154,0.0453046882149304,0.0441464551830793,0.0428952409520613,0.0415420490059218,0.0400786652782063,0.0384733409565505,0.0367128986085567,0.034820857795132,0.0328242944771815,0.0306962007116341,0.0284274667127489,0.0260373847728913,0.0235195584507568,0.0208720009502281,0.0180406087347487,0.0150493677802562,0.0119202205836531,0.00865722080135741,0.00525278572317057,0.00171272306938065,-0.00196528417564749,-0.00577515918610213,-0.00971109128768346,-0.0137599135701365,-0.0179155305097073,-0.022168109995204,-0.026504349760673,-0.0309107163888524,-0.0353720601880965,-0.0398732533858766,-0.0443967225104721,-0.0489301313791117,-0.0534415342286325,-0.0579334438838465,-0.0623533866985442,-0.0667056120512314,-0.0710230263890589,-0.0751504532740774,-0.079165974033114,-0.0830591035266816,-0.0867884216243647,-0.0903069123326721,-0.0936417500875849,-0.0967570258935464,-0.0996755737415858,-0.102360900618974,-0.104829254493004,-0.107059653454611,-0.10905927219075,-0.110819614308178,-0.112353213603376,-0.113653984655527,-0.1147270283002,-0.115572778965273,-0.116204111427659,-0.116637016051175,-0.116870124486125,-0.116934367900756,-0.116836340791416,-0.116577575112765,-0.116198418486771,-0.115696070731915,-0.115113099165542,-0.114444308431974,-0.11372179186492,-0.112966711854232,-0.112189074194427,-0.111412410967159,-0.110669064331771,-0.109973206057321,-0.109348215812868,-0.108815702848321,-0.108400985780489,-0.108090707014317,-0.107910620473708,-0.107860544905721,-0.107939306225624,-0.108137124914809,-0.108437547525187,-0.108793474296608,-0.109188496113718,-0.109538523679331,-0.109819791933538,-0.110158507903144,-0.110384135039656,-0.110355225782895,-0.110227396333113,-0.110092034361194,-0.109564312098002,-0.108752607900098,-0.107667104751118,-0.10632212303831,-0.10472190157957,-0.102897274446703,-0.100868013908795,-0.0986563318128342,-0.0962867655824564,-0.0937856842227446
0.0509398891496699,0.0500634943260994,0.0491009195965589,0.048053102784627,0.0469125221470878,0.0456719397174174,0.044345682822145,0.0428657852001044,0.0412425095925401,0.0394778238930675,0.0375946257778712,0.0355843553404433,0.0334322514897358,0.0311341359068046,0.0286835812107135,0.0261833701560197,0.0234172915048212,0.0204370754696526,0.0173546067859757,0.0141143237539701,0.0107367428323293,0.0072000957442653,0.00351366078282461,-0.000323196708519693,-0.00430436102488687,-0.00841978854390516,-0.0126628120937089,-0.0170254432918293,-0.0214939856003874,-0.0260570964481822,-0.0307002073644545,-0.0354070824963651,-0.0401621984358732,-0.0449474992058133,-0.0497300319661956,-0.0545009281198396,-0.0592386448432383,-0.0639303227228179,-0.0685537581086392,-0.0730825741805378,-0.077483583641877,-0.0817738584206363,-0.0858956840968293,-0.0897889124597378,-0.0934802454273445,-0.0969769455331882,-0.100249035578855,-0.103300325380611,-0.106110169701596,-0.108676436227193,-0.110995561434387,-0.113056347458283,-0.114867659458567,-0.116420822681639,-0.117721999962084,-0.118777271110881,-0.119590425827453,-0.120177013814784,-0.120543140027993,-0.120682139438585,-0.120653629616146,-0.120436252924848,-0.12005937710008,-0.11954323959033,-0.118903474432816,-0.118166876783077,-0.117357392743548,-0.11648789266588,-0.115586023431042,-0.114665245314014,-0.113763407069857,-0.112901750777573,-0.112099627047105,-0.111377411373008,-0.110789800051792,-0.110346441178535,-0.110022027010455,-0.109851972213781,-0.109853756203464,-0.110008448511823,-0.110287880357092,-0.110775544020417,-0.111367439108086,-0.111983090931031,-0.11256417211154,-0.113249071140904,-0.113683890768604,-0.11409848259838,-0.114200999981264,-0.114035390085958,-0.113629739408135,-0.112918263754318,-0.111909431763621,-0.110616320516409,-0.109056115234495,-0.107246029066442,-0.105207149468216,-0.102968128762659,-0.10054974302636,-0.0979776786288888,-0.0952840880417034
0.0537100294386904,0.0528731659715586,0.051944597656324,0.050914233042831,0.0497832842427325,0.0486248665387391,0.0472682683044874,0.045775455843636,0.044148168939745,0.0423897634346937,0.0405075626715241,0.0384821846200986,0.0363097778610038,0.0339877804548122,0.0314753098539967,0.0288570614921496,0.0260345350069675,0.0229784468411914,0.0197993966085952,0.0164569024787153,0.0129598662729936,0.00928765964190253,0.00545073355297105,0.00145010928290053,-0.00270556236548352,-0.00701041583418605,-0.0114571470510191,-0.0160357038962818,-0.0207342586356755,-0.0255396731029691,-0.0304359698714434,-0.0354050221758042,-0.0404266390562712,-0.0454758227138277,-0.0505370246240702,-0.0555732789707691,-0.0605771459075197,-0.0655339313609491,-0.0704170455405822,-0.0752317613895596,-0.0799194027710517,-0.084581800999832,-0.0889655291481546,-0.092968016161003,-0.0968621690987841,-0.100525598284736,-0.103962231314209,-0.107160933666603,-0.110107448498056,-0.112786994346062,-0.115207327590995,-0.117333350089403,-0.119199572561102,-0.120772006522816,-0.122077747800197,-0.123114891520257,-0.123872855767282,-0.124398090422133,-0.124679732456069,-0.124726434989089,-0.124573922860447,-0.124220932487436,-0.123713884762615,-0.123032482157723,-0.122235815312889,-0.121332251457825,-0.120335072897897,-0.119310835949266,-0.118229547129603,-0.117144140765466,-0.116074772748119,-0.115073158925432,-0.114158604741519,-0.113326173344253,-0.11264935776983,-0.11216746387441,-0.111883103358638,-0.111756930833963,-0.111829119389344,-0.112210343060763,-0.112794248108439,-0.113579310122728,-0.114464565527639,-0.115373592654827,-0.116156479909432,-0.116844376012762,-0.117331605078752,-0.117602875040408,-0.117632309813477,-0.117354596642243,-0.116758505098874,-0.115892351451667,-0.114735196325781,-0.113293534691709,-0.111576412100983,-0.109609383965106,-0.107406470912522,-0.104996835749519,-0.102406269350202,-0.099665690404676,-0.09681406003392
0.0565893956548478,0.0557995932089766,0.054916451660689,0.0539159651522504,0.0527771216745825,0.0518106561640164,0.0503691253991574,0.0488321438574742,0.0471995623288466,0.0454445865775732,0.0435535172690606,0.0415109248092337,0.039312061295304,0.0369178962050922,0.0343688954804839,0.0317014553039896,0.0287984750763354,0.0256811183416395,0.022402579421082,0.0189546335993079,0.0153338539152947,0.0115271163029415,0.00754014819629867,0.00337613976813209,-0.000961384225873159,-0.0054640873178143,-0.0101224699880285,-0.0149273248402426,-0.0198670836040975,-0.024925972614764,-0.030089853953354,-0.0353353335673569,-0.040632396698151,-0.0459641198881056,-0.0513102560784807,-0.0566417614631056,-0.0619363361846785,-0.0671786815856504,-0.0723593556489248,-0.0774502402534623,-0.0824066641602885,-0.0873358438844216,-0.0919692612981655,-0.0963539812293271,-0.100487140846343,-0.104364363032599,-0.107981892433121,-0.111338026400705,-0.114423344943079,-0.117219029148974,-0.119727201844252,-0.121930211354067,-0.123840032578295,-0.125439512037274,-0.126750477812166,-0.127732654900599,-0.128456121525657,-0.128904498923354,-0.1290696377882,-0.129011986902689,-0.128712052195179,-0.128224124691689,-0.127537213175274,-0.126678011750299,-0.125699783893365,-0.124580840205198,-0.123404151928417,-0.122185765496152,-0.120901086619747,-0.119623173490623,-0.118355026052368,-0.117177546280086,-0.116110477684695,-0.115197577401291,-0.114428737033232,-0.11397106736045,-0.113767056372078,-0.113719422745336,-0.1143217148061,-0.115063046243175,-0.115889953602836,-0.116973128755921,-0.117904875932952,-0.118726661438451,-0.119456734966587,-0.120029304915543,-0.120425718622185,-0.120614988353989,-0.120579161620155,-0.120251600072406,-0.119608854668044,-0.118675320774354,-0.117442368085877,-0.115910078973703,-0.114094016039263,-0.112009240784663,-0.109674559931941,-0.107130535271174,-0.104383523416464,-0.101493052277804,-0.0984940321505489
0.0595815417312352,0.0588465278273499,0.0580115517580842,0.0570450881718019,0.0560120665500484,0.0548854783466088,0.0535314383766811,0.052026626753837,0.0504032092014777,0.0486521335424468,0.0467509650002738,0.0446909960082345,0.0424617696561446,0.0400263622396007,0.0374187653012954,0.0346932556033833,0.0317733262776483,0.0285638394458861,0.0251843394946393,0.0216316262067588,0.0178823000283388,0.0139338407804219,0.00979661532903193,0.00546194323398551,0.000936659183582186,-0.00377204481459635,-0.00865375524586241,-0.0136973923046304,-0.0188897862894575,-0.0242171516995234,-0.0296559602918081,-0.0351836313457462,-0.040774537996307,-0.0464176467422082,-0.052058036809646,-0.0576950560677821,-0.0633203638489288,-0.0688797213009112,-0.0743718467606458,-0.0797567125781013,-0.0850076489461369,-0.0901357650113054,-0.0951560003736725,-0.0999993709555479,-0.104357528414429,-0.108495091045127,-0.112297437548662,-0.115823393402134,-0.119061909832519,-0.121985798509269,-0.124604382987141,-0.12686176068058,-0.128827519727458,-0.130438318838615,-0.131722233803842,-0.13267166195747,-0.13333995394018,-0.133677659449953,-0.133752348044969,-0.133540424810512,-0.13310333863895,-0.132435942119434,-0.131542406805346,-0.130489046586835,-0.129285382005654,-0.127931142550915,-0.126534703567626,-0.12509762838028,-0.123591895844908,-0.122076533685765,-0.12061427038679,-0.119149253074807,-0.117972989544487,-0.117101481208543,-0.116475243468807,-0.116284726385303,-0.1164002398049,-0.116748750748594,-0.117416530196753,-0.118151812849001,-0.118957984096836,-0.119788762202985,-0.120604097340586,-0.121378455242014,-0.122061866384722,-0.122620662387075,-0.12303966832803,-0.123248505391814,-0.123258323073464,-0.122974213930392,-0.1223734831429,-0.121457791906647,-0.120216328855856,-0.118650213945424,-0.116775396620605,-0.1146026755204,-0.112159250782873,-0.109494126076312,-0.106606057352412,-0.103581434262779,-0.100430114774695
0.0626879026066076,0.0620119376124697,0.0612024387295673,0.0602900541879445,0.0592879396812213,0.058158176099091,0.0568543171055142,0.0553737138113787,0.0537697296650249,0.052022920229964,0.0501162573758489,0.0480414074175747,0.04578743178498,0.0433468910429268,0.0406211715175732,0.0377972821202112,0.0349353970049401,0.031629306090119,0.0281550028546446,0.0244926799736235,0.0206198047186273,0.0165297631161428,0.0122295931801528,0.00771705510053434,0.00299598587629589,-0.00192597611594225,-0.00704177326858062,-0.0123380294370815,-0.0178000071770508,-0.0234074263767662,-0.0291335603155959,-0.0349612381412682,-0.0408587758211074,-0.0467943488856261,-0.0527749077608079,-0.0587609331396822,-0.0647104895969229,-0.0706322306394055,-0.0764649167890945,-0.082187428757611,-0.0877585833268797,-0.0932417499651655,-0.0985031911547232,-0.103858704205785,-0.10846183015757,-0.112854205909847,-0.116892919199521,-0.120615875065543,-0.1240234135927,-0.127086347537683,-0.129807974052517,-0.132164275470178,-0.134160118165922,-0.135798821365612,-0.137052138440527,-0.137982713135561,-0.138546344944198,-0.138790824335611,-0.138711608435984,-0.138326476867742,-0.13771701708996,-0.136858097131081,-0.135767440758069,-0.134477997940988,-0.133041554169802,-0.131394813766457,-0.129747268049333,-0.127979462777004,-0.126307389446647,-0.124491273231682,-0.122793690629446,-0.121347005779766,-0.120472680742135,-0.11982400191503,-0.119539146393013,-0.11938789069857,-0.119403318457254,-0.119572605135343,-0.119976622923086,-0.120509535934636,-0.121135397954835,-0.121807512263887,-0.122539747503951,-0.123328955239727,-0.124095930386407,-0.124790764973658,-0.125355892006085,-0.125723305924832,-0.125882925090583,-0.125754246168576,-0.125274194590037,-0.124450499483924,-0.123259149932989,-0.121704799820623,-0.119802438441493,-0.117571347130733,-0.11503967791551,-0.112237733396169,-0.109216771826805,-0.106039997295183,-0.102720850720216
0.0658964193926208,0.0652423772828833,0.0644855569898101,0.0636170372298106,0.06265832635994,0.0615663567776239,0.0602974529719386,0.05886698207407,0.057291324406054,0.0555560142570512,0.0536517089802158,0.0515691753794028,0.0492864696960071,0.0468267548826212,0.0440805973586784,0.0411750247027983,0.0382599136035601,0.0348962553378879,0.0313409221818191,0.0275734350292249,0.0235781723635853,0.0193458392537037,0.0148827134016351,0.0101871802110312,0.00526238080631489,0.000113999319533651,-0.00524675615189733,-0.0108070654707589,-0.0165492932659359,-0.0224438564852947,-0.0284763915869053,-0.0345994536341648,-0.0408274512553025,-0.0470929642180598,-0.0534186761730226,-0.0597853968610092,-0.0661007649058433,-0.0724302064898988,-0.0786083804217298,-0.0847396601002897,-0.0907109900068517,-0.0965594772710598,-0.102235732758987,-0.107670429718921,-0.112837320997693,-0.117513542792119,-0.121821807660294,-0.12576546501831,-0.129361496434367,-0.132598699023985,-0.135442887630567,-0.13787685217783,-0.139938110544171,-0.141568880964007,-0.142809121862814,-0.143649137339838,-0.144107532679593,-0.14423879443102,-0.144004504989353,-0.143459824793321,-0.142600723230411,-0.141487158213483,-0.140157725058114,-0.138707355253369,-0.136851259257909,-0.134945059555763,-0.133089833492742,-0.131161937965928,-0.129406287807729,-0.127305662891657,-0.1260297892504,-0.124832154742386,-0.123907208092792,-0.123011347537587,-0.122170655548895,-0.121631564223955,-0.121246361867193,-0.121134964446687,-0.121262856241809,-0.121611778690284,-0.122186908897604,-0.122917595678288,-0.123779284375959,-0.12474909684322,-0.125760393499569,-0.126735312265505,-0.127595916095581,-0.12826327841934,-0.1286962461003,-0.128828844582051,-0.128567156845872,-0.12790852362681,-0.126826321950718,-0.125322475826649,-0.123421472557464,-0.121132448328054,-0.118496596618285,-0.11554850726008,-0.112379869715264,-0.109013016876996,-0.105501309664033
0.0691778624456384,0.0685787131710072,0.0678577849150461,0.0670472349427368,0.0661606613803144,0.0651094754038579,0.0638933024948696,0.0625128518480668,0.0609687076359948,0.0592536346302631,0.0573596060580156,0.0552774386732985,0.0529914726379641,0.0504854358316015,0.0477848032825965,0.0449947649855572,0.0417645232636922,0.0383812481115349,0.0347477182882339,0.0308824842394725,0.0267644759346817,0.022389219830125,0.0177609582949298,0.0128784095270052,0.00774356109220968,0.00236434022037447,-0.00324987282088342,-0.00908297094947056,-0.0151102345990272,-0.0213122036007764,-0.0276243044158694,-0.0340926136220961,-0.0406629328312004,-0.0472956217531276,-0.0540143613233034,-0.0607728317230913,-0.067511861431611,-0.0742402297006228,-0.0808849863979971,-0.0874235293110172,-0.0938471695700981,-0.100101117043462,-0.106144669011852,-0.112010902985512,-0.117506959171069,-0.122530979832694,-0.12707631718781,-0.131294215329163,-0.135097591538323,-0.138517173611987,-0.141485466747773,-0.144046255850852,-0.146141810683395,-0.147786853427751,-0.148987145763693,-0.149736793771297,-0.150101731185422,-0.1500678983979,-0.14962470876878,-0.148878908872463,-0.14774489174653,-0.146444620414021,-0.14492643171309,-0.143223675484479,-0.14119935130662,-0.139196175818313,-0.137384128630713,-0.135302595791948,-0.133534951667308,-0.131706181809446,-0.129888884580806,-0.128149721739016,-0.126500555196686,-0.124934263825164,-0.123561456212494,-0.122533858002201,-0.121795550936907,-0.121425326267749,-0.121417967015907,-0.121740853993771,-0.122393481871154,-0.123331642186079,-0.1244938421214,-0.125826142181898,-0.12725690854217,-0.128676461681242,-0.129987136926389,-0.131119974890132,-0.131948693513579,-0.13242851714341,-0.13247078032063,-0.132032846799337,-0.131108185356157,-0.129687269856495,-0.127783844465566,-0.125431227874451,-0.122680645935417,-0.119561755433728,-0.116187595717601,-0.112583510608872,-0.108831179135802
0.0725561024892649,0.0720323714628503,0.0713724051504363,0.0706495019615883,0.0698853761561591,0.0688208639152493,0.0676505928199266,0.0663122775871134,0.0648016377702406,0.0631129285291623,0.0612375418971543,0.0591648612999624,0.0568754646445994,0.0543665650748429,0.0516692355763607,0.0487707940480339,0.045553034297627,0.0420814325041114,0.0383777111854522,0.0344136831002605,0.0301751173452895,0.0256577719464157,0.0208628059813533,0.0157894903317737,0.0104400464894315,0.00482492725769489,-0.0010454757558807,-0.00715505694473337,-0.013481292914169,-0.019972447555027,-0.0266287391138273,-0.0334513093695978,-0.040385980464211,-0.0474295612415224,-0.0546012010461014,-0.0617734519601,-0.068983673008763,-0.0761526693654586,-0.0832139766483791,-0.0902714907912764,-0.0971062037617578,-0.103874711885196,-0.110332802699601,-0.116552863090691,-0.122475981959232,-0.12783634841784,-0.132785660723298,-0.137277729815314,-0.141291063937931,-0.144871108516785,-0.147963010239626,-0.150658819429904,-0.152804213322904,-0.154472063067588,-0.155604408652836,-0.156259545892287,-0.156484432519854,-0.156233415664517,-0.15549152002252,-0.154600380411414,-0.153325240036346,-0.15172589466965,-0.150344667953189,-0.148913201210669,-0.14676296922085,-0.144618450900455,-0.142566513683134,-0.140229120595401,-0.137833080241591,-0.135319214462659,-0.132736291794362,-0.130200415622815,-0.127788940766556,-0.125600750576438,-0.123708476862348,-0.122271693265313,-0.121302495635711,-0.120751942327526,-0.120694133663901,-0.121127872361163,-0.122004750637052,-0.123304853042016,-0.124926527151194,-0.126781477620133,-0.12878840210167,-0.130808323759003,-0.132727239631663,-0.134433708253203,-0.135803087345693,-0.136749454678201,-0.137167083598295,-0.13700882889077,-0.136260813359641,-0.134915313525563,-0.132988879640076,-0.130511107466904,-0.127568677378402,-0.124237169384272,-0.120584579001497,-0.116688535256055,-0.112629100821814
0.0761069283956914,0.0756438311901758,0.0750694857328984,0.0744483783348004,0.0736958487937595,0.072714692595024,0.0715750787578313,0.0702732271707539,0.0687994579960003,0.0671428182424088,0.0652925353964926,0.0632384366443796,0.0609501511929173,0.058431626123772,0.05572261650053,0.0527883796399223,0.0495575367610067,0.0460273917626646,0.0422448726311196,0.0381847407811129,0.0338294013574765,0.0291730408498618,0.0242115725844922,0.0189438212151126,0.0133802138561848,0.00752862321849221,0.00139852116357444,-0.00499780525019276,-0.0116208345509324,-0.0184364470015215,-0.0254427412379198,-0.0326451355218865,-0.0399786552394048,-0.0474570279990584,-0.0550661960986267,-0.0627636700887745,-0.0704626014465916,-0.0781597231059827,-0.08575399696262,-0.0932991115534529,-0.100699963486764,-0.107891095171462,-0.1148367088588,-0.121505031489415,-0.127775983649842,-0.133614121823736,-0.138957657759841,-0.143681091740457,-0.147940879411805,-0.151706343770534,-0.154971651469655,-0.157768187474754,-0.159984611430972,-0.161741602452106,-0.16266877986535,-0.163125690958355,-0.163201398674189,-0.163057932580521,-0.162124742027661,-0.161082012335875,-0.159952807924897,-0.158712695797466,-0.157203966928535,-0.15529117331577,-0.153091670829375,-0.150485903228905,-0.147728038487049,-0.144625642663779,-0.141526386852875,-0.138243659507132,-0.134753030878812,-0.13137614042848,-0.128228971918459,-0.125417767486375,-0.123018177509086,-0.121190957927032,-0.119976885999183,-0.119309797244118,-0.119285745171768,-0.119911000923858,-0.121120670716834,-0.122906658326243,-0.125119499324212,-0.127668480054334,-0.130398266010344,-0.133181088532426,-0.135854631278445,-0.138237015578776,-0.14031421387123,-0.141808274578096,-0.142671527412873,-0.142814776889417,-0.142224970067365,-0.140918408635132,-0.138922913453782,-0.136297511397594,-0.133134090359035,-0.129511417914135,-0.125525265485264,-0.121274818019789,-0.116850674274322
0.0797252493142549,0.0793969034662777,0.0789027426489434,0.0783562460294212,0.0776457698327654,0.0767369891363136,0.0756473588954676,0.0743950802615881,0.0729674993799588,0.0713512293897045,0.0695344259918198,0.0675058839930614,0.065234380213983,0.0627408797478405,0.0600130705934919,0.0570671579848284,0.0537883013299008,0.0502188243065489,0.0463731663573845,0.0422254133747529,0.0377564560878834,0.0329631236299806,0.0278379846893835,0.022381870969803,0.0166070747513581,0.0105175705036417,0.00410765272513449,-0.00258278871718389,-0.00949254105339203,-0.0166506790838885,-0.0240511592878015,-0.0316523235526795,-0.0394344173622979,-0.0473857725494665,-0.0555030361488375,-0.0637296124843489,-0.0719519120733617,-0.0802019605674255,-0.0884117936428423,-0.0965015155541967,-0.104462788326199,-0.112187174772507,-0.119629050899595,-0.126738416896098,-0.133496105329054,-0.139830633168648,-0.145888180123469,-0.150554871820025,-0.155089647759543,-0.159127998593195,-0.162568301385896,-0.165366916973134,-0.167564993036622,-0.169702461192115,-0.170429826135648,-0.170613847302918,-0.171024520623374,-0.170670166618047,-0.1697094699845,-0.169169000054061,-0.167966523602275,-0.166587992858722,-0.164676202217559,-0.162274609649172,-0.159490690889676,-0.156275925142704,-0.152667631584662,-0.148638584881452,-0.144676388304053,-0.140522961706665,-0.13608697748154,-0.131820701097426,-0.127894678291728,-0.124408775648973,-0.121450955347023,-0.119188360208014,-0.117722636653021,-0.116958191793691,-0.117017397330546,-0.117908792972614,-0.119572070889176,-0.121966480780527,-0.12494200943759,-0.128348984956604,-0.131996404368981,-0.135733499397152,-0.139348161001587,-0.142672388354523,-0.14543453098089,-0.14758054153486,-0.148933634731796,-0.149429780596604,-0.149044962356936,-0.14778068772114,-0.14570076529593,-0.142868337392999,-0.139408121915561,-0.13539715839649,-0.13098504177338,-0.126285057958553,-0.121410963043401
0.0835807662889206,0.0832511260919961,0.0828641840023684,0.0823785057790763,0.0817287078303797,0.0808883688003141,0.0798688462606339,0.0786808144904344,0.0773121002770391,0.075747766238365,0.0739751618086585,0.0719822618931226,0.0697423886751141,0.0672680793617507,0.0645488590595535,0.0615845594484865,0.0582815752437328,0.0546831048036275,0.0507846673180708,0.0465601303970319,0.0419869994071012,0.0370601198463275,0.0317811404860996,0.0261526497058173,0.0201595661834595,0.0138144397633163,0.00715582760356386,0.000158090747680898,-0.00708193115429339,-0.0146127107186204,-0.02239718382014,-0.0304558989598883,-0.0387428552558834,-0.0472083129970635,-0.0558867744966105,-0.0646940310295482,-0.0735338182306622,-0.0823680588545246,-0.0911959618196264,-0.0998527780793844,-0.108422441203149,-0.116773075981963,-0.124806209532352,-0.132421885035572,-0.139636507402686,-0.146483730868896,-0.152438119038758,-0.158032723956718,-0.162736943996668,-0.167295139808317,-0.170832859273713,-0.1732923790281,-0.176020572757088,-0.177807917851883,-0.178971669320555,-0.179555125723074,-0.180082534841702,-0.179733086000305,-0.178923470189096,-0.178170705551409,-0.176738802739016,-0.174785096108937,-0.172455663923766,-0.169480096662623,-0.166045111769432,-0.162049795900451,-0.157484495688458,-0.152560748676289,-0.147570563809784,-0.142364124083995,-0.136939321902259,-0.131704301412335,-0.126887845389381,-0.122625266718238,-0.119039308248946,-0.116264016572082,-0.114472753847637,-0.113621986387374,-0.113789058921311,-0.115007539398367,-0.117245709360738,-0.120389735247974,-0.124298446734776,-0.128771956914156,-0.133563967847891,-0.138497222766424,-0.143253905168529,-0.147616455425287,-0.151305844638188,-0.154186928161906,-0.156096191832674,-0.156969291256227,-0.156762753583948,-0.155498527009095,-0.153248759300249,-0.150104436031108,-0.146215987271568,-0.141716270737698,-0.136763109315882,-0.131516082036384,-0.126114911015452
0.0875445424776,0.0872354401469987,0.0869674720473455,0.0865505398721708,0.0859636640064277,0.0852010301334749,0.084263659711107,0.0831500918540878,0.0818478864323144,0.0803470539768267,0.0786320155703254,0.0766874858765924,0.0744817953139262,0.0720311064710321,0.0693483954717628,0.0663796646242178,0.0630618754134019,0.0594529676769632,0.0555145503552358,0.0512227436150958,0.0465558627018395,0.0415114934791174,0.0360859997500455,0.0302807161267905,0.0240887620581954,0.0174758179789067,0.0105515257005361,0.00327804843005863,-0.00433369309754977,-0.0122759057183395,-0.0204937376432988,-0.029060282579247,-0.0378390027753516,-0.0468937834342034,-0.0562115135505558,-0.0656357047375378,-0.0751408311553753,-0.0846039919772991,-0.0940988483461813,-0.103438925462923,-0.112616684858063,-0.121562828595699,-0.130189828673458,-0.138427271511195,-0.146206621602589,-0.153504521200353,-0.160260217849666,-0.166187063071789,-0.17055827057294,-0.175322553064755,-0.1796489042212,-0.18282739369591,-0.185185479480972,-0.187305371013581,-0.188809475411463,-0.189743169915477,-0.189949122750733,-0.189670674295025,-0.188777388345427,-0.187789426762335,-0.186124399731321,-0.183680070538743,-0.180788911048054,-0.177227891411946,-0.173045701228709,-0.168123050768825,-0.162526660608632,-0.156637655418306,-0.150401149847206,-0.143985157743155,-0.137447148225254,-0.131093751945473,-0.125234380149298,-0.120050052062247,-0.115684661601225,-0.11229592851057,-0.110084953759392,-0.109105968647891,-0.109399207356686,-0.110997885416809,-0.113933247583316,-0.117990890596855,-0.123028906995888,-0.128811196992371,-0.135013079714305,-0.141337112188891,-0.147487612216422,-0.153130146771752,-0.157990253859965,-0.16169910933252,-0.164227882198369,-0.16546413328614,-0.16544470544243,-0.164127935677642,-0.161624363753128,-0.158067058032646,-0.15365191322864,-0.148549848611196,-0.142957609384999,-0.137068418155268,-0.131072298847807
0.0914070906569868,0.0914082719458643,0.0912032708598051,0.0908457427607996,0.0903385432590154,0.0896665812680942,0.088823225654475,0.0877979750574325,0.0865778317405168,0.085149276516249,0.0835006522418569,0.0816188982784376,0.0794828002715939,0.0770812254572378,0.0744098383371459,0.0714506578689632,0.0681458568870774,0.0645541481860366,0.0605891620532345,0.0562477204471517,0.0515017687951335,0.0463523584030155,0.0407876157734381,0.0348163382662009,0.0283902584169043,0.0215757463961354,0.014316910947987,0.006754798706025,-0.00124510138183334,-0.00957350801844235,-0.0183066304773714,-0.0273725749906763,-0.0367443868903424,-0.0464576241113818,-0.0564026730475815,-0.0665237494816018,-0.0767387563607223,-0.0869423293160046,-0.0971048713793277,-0.107209657282052,-0.117079340309449,-0.126821164108289,-0.136206210203572,-0.145007141636961,-0.153122823402376,-0.161091699636533,-0.168741760519892,-0.17495006810298,-0.179914205971864,-0.184670420275023,-0.189024814082345,-0.192626240578534,-0.19565367184332,-0.198156734952383,-0.199899063081717,-0.201115557603455,-0.201279345977218,-0.200881930579981,-0.199835737852859,-0.19840752843214,-0.196444634028288,-0.193460909386307,-0.189834497878553,-0.185606117818732,-0.180449885675553,-0.174499032670347,-0.167814914201983,-0.160677389228574,-0.153044620504465,-0.145272097730564,-0.137403328254512,-0.129750101072278,-0.122669097633852,-0.116360946716655,-0.111033462678989,-0.106898963454574,-0.104146647911902,-0.102955719965084,-0.103386142779789,-0.10544824537004,-0.109200123722119,-0.114334235785135,-0.120780914806728,-0.128140824431384,-0.136017797656442,-0.144124430928338,-0.152011717766854,-0.159243501334671,-0.165478630062292,-0.170345976455496,-0.173689373238312,-0.175394829325067,-0.175409355101436,-0.173966922163766,-0.171105093115363,-0.167022672781625,-0.161939390437488,-0.156110999150542,-0.149763097006169,-0.143140812673432,-0.136452011728526
0.0956407296417876,0.0957311128012408,0.0955538666261294,0.0952764715298491,0.094862280992964,0.0942946978050594,0.0935560644266119,0.0926317940815422,0.0915074388805573,0.0901684154012704,0.0886010918738693,0.0867908801299244,0.084708335911985,0.0823613680062941,0.0797383753577993,0.0768051143354286,0.0735537235246648,0.0699890051129079,0.0660361118705828,0.0616631477831551,0.0568545693919461,0.0516116646575396,0.0459276714541408,0.0397748372291003,0.0331470485536718,0.0260653293874725,0.0185978048414799,0.010687010243616,0.00226928029673713,-0.00649908013235371,-0.0157695775850252,-0.0254032735568496,-0.0354922438330985,-0.0458595399374356,-0.0565705454446011,-0.0674029445122995,-0.0783125523422347,-0.0893135136112456,-0.100268874381026,-0.11115666295296,-0.121917890206534,-0.132283527623814,-0.142799955266922,-0.152426981635428,-0.160841639910838,-0.168869457519812,-0.176682166885191,-0.183747580683808,-0.1898456107632,-0.195335744892991,-0.200288836182973,-0.2043116691663,-0.207736726361422,-0.210452319071272,-0.212357323129017,-0.213769956887824,-0.213869658827689,-0.213224924095021,-0.211963610529817,-0.210020307402447,-0.207613515199562,-0.204007842312499,-0.199541534935417,-0.194402107442729,-0.18827383846821,-0.18120592447882,-0.173296040455275,-0.1647145002598,-0.155558314645089,-0.146259330821588,-0.136854431553744,-0.127682211209905,-0.119125993280348,-0.111451891499016,-0.104902242539717,-0.0998008492757473,-0.096380937029222,-0.0948800126563693,-0.0954076383178101,-0.0980162974858227,-0.102667627893412,-0.109244807929875,-0.117333874771701,-0.126630946470789,-0.136642474354319,-0.146944702143455,-0.15696406143461,-0.166173568185519,-0.174074596088984,-0.180325353913369,-0.1846575166969,-0.186959060054181,-0.187182865300116,-0.1853800710583,-0.182056636897096,-0.177311758842615,-0.171410970410458,-0.164670428231067,-0.157415511386397,-0.14989862771592,-0.142364070206031
0.0999051851408648,0.100080163842259,0.100035699824989,0.0998505579616683,0.0995449091892563,0.0990880152088722,0.0984635203774234,0.0976542527789997,0.0966444600246756,0.0954102690582473,0.0939397415421847,0.0922158809743977,0.0902116026257723,0.087922873099298,0.0853786541961851,0.0824868520658341,0.0793155390428995,0.0758366857769341,0.0718914826818355,0.0675043389167312,0.0626520385802935,0.0573329563839715,0.0515532571311215,0.0452319950010595,0.0384133726645492,0.0311111802681477,0.0233693624419067,0.0150801865896685,0.00627762251596322,-0.00304224776574736,-0.0128524486604958,-0.0231669343072976,-0.0338898517951287,-0.0450311502217233,-0.0564457936239079,-0.0681475286048824,-0.0799512560092698,-0.0917209035669149,-0.103465749552269,-0.115194258806578,-0.126794399241932,-0.138098995535909,-0.148653100096369,-0.158567995590249,-0.168591842426306,-0.177456138890408,-0.185934011347177,-0.193978981302202,-0.200994053963916,-0.20730178300762,-0.213049444229118,-0.217588124323896,-0.22133380753834,-0.224224968722742,-0.22619067925083,-0.227508609360207,-0.22762922623077,-0.226696317339864,-0.225089353085843,-0.222542257062332,-0.219565597957316,-0.215263486407337,-0.209877558740405,-0.20372885876717,-0.196548040290166,-0.188276128053962,-0.178978912582763,-0.168804876045261,-0.158018183480469,-0.146978411228474,-0.135822898782608,-0.124865516487718,-0.114501832416634,-0.105110287928329,-0.0970336627006033,-0.0906868047203498,-0.0864173615981351,-0.0844728198356044,-0.0850355654162755,-0.0882091015644391,-0.0939521188720895,-0.102209722150806,-0.112266156537107,-0.12402046635182,-0.136700354104533,-0.149740016063008,-0.162451615719856,-0.174179487687884,-0.18426652312003,-0.192236867960302,-0.19782049996184,-0.200849654568942,-0.201269627739644,-0.199327315518843,-0.195200267958716,-0.1894819101137,-0.182516197476043,-0.174614257296473,-0.166150584724879,-0.157451525885934,-0.148804931598108
0.104241886681444,0.104530918231952,0.104615126115261,0.104564400549378,0.10438036408232,0.104057204379687,0.103560310019197,0.102875354996804,0.10198976878172,0.100882643085269,0.0995300891665459,0.097915233758768,0.096011457330345,0.0938183591125269,0.0913505666413705,0.0886792430351265,0.0855226561483343,0.0820609529669468,0.0781827852313091,0.0737974018709156,0.0689226870432524,0.0635668565042942,0.0576957985648863,0.0512352721947671,0.0442331156072657,0.0367286412867386,0.0287118084619138,0.0200257887138281,0.0107699037787709,0.000873672141213178,-0.00961198192661586,-0.0205985000906308,-0.0320465242474089,-0.0439224752342805,-0.056136735345126,-0.0686274078130059,-0.0813645406792886,-0.094001989620723,-0.106781552214709,-0.119084197852628,-0.131394194329923,-0.143451982606074,-0.155136070164846,-0.16664450849584,-0.177630092822481,-0.187746607633734,-0.197196300502386,-0.206181963836422,-0.214030252375953,-0.221055127183653,-0.227343215956829,-0.232468035861556,-0.236367959566147,-0.239305756688191,-0.241256247908075,-0.242298924184686,-0.242421677462305,-0.241114233250716,-0.239021491348737,-0.235841918963255,-0.232012610581467,-0.227059587636923,-0.220755514638191,-0.213618335959216,-0.205288978973486,-0.195739589831184,-0.184877641480122,-0.173010897338113,-0.160446082080494,-0.147411748297632,-0.134114100138893,-0.120966650659293,-0.108424910939092,-0.0969425131079634,-0.0869490253459136,-0.0790316250013107,-0.073628256761441,-0.0710698519441439,-0.0716273803393055,-0.0754026954246393,-0.0824596548602243,-0.0926952143773101,-0.105391623669719,-0.120190510609162,-0.136279784320354,-0.152817510914504,-0.169050830627568,-0.184090827165509,-0.196988244385979,-0.207219435598619,-0.214325269131959,-0.218145257178696,-0.218697290841192,-0.216306203866956,-0.211240425929506,-0.203997235662235,-0.195500579159123,-0.185960599811625,-0.17582480716414,-0.165517102663574,-0.155386076107895
0.108673834131101,0.10908362539939,0.109310153361347,0.109415657125018,0.109377282147649,0.109182102532931,0.108837505975816,0.108299087931139,0.107551631179318,0.106589895587507,0.105380504735516,0.10390063241487,0.102130252414231,0.100090656827275,0.0977367962211882,0.0950844955335146,0.0921351839494157,0.088757800144463,0.0849325052050949,0.0805861232342199,0.0757283463640964,0.0703569693255477,0.0643941536319253,0.0578174119236154,0.0506650160419156,0.0429897267271981,0.0346802837361663,0.0256147037622524,0.015831321663837,0.00530585463410378,-0.00618977625585145,-0.0176097299712138,-0.0297698118164323,-0.0423893922953663,-0.0551452509731089,-0.0683684278032378,-0.0819168130259175,-0.0955921616178927,-0.109165170831277,-0.122909581110669,-0.136537273290425,-0.150100255788571,-0.163257846287435,-0.176026006897285,-0.188440020300544,-0.199866711854314,-0.21038016643443,-0.220165464683357,-0.228886140843912,-0.236514454388263,-0.243228600528436,-0.2487902743161,-0.25269000875986,-0.255553168421436,-0.257371344324781,-0.258101440909735,-0.258050354357473,-0.256285234693084,-0.253507403219837,-0.24968687273942,-0.244947692802246,-0.239337658947727,-0.232236445032415,-0.223938257358042,-0.214567505930873,-0.203595745244366,-0.19110548222445,-0.17743053866835,-0.162840369012241,-0.147509715602935,-0.131752315293297,-0.116013243915412,-0.100792658567279,-0.086700082908782,-0.0743840387659565,-0.0644665561687557,-0.0575800568986163,-0.0541596873047646,-0.0546193090035418,-0.0590887831626319,-0.0677010947691527,-0.0802920835539205,-0.0964578883912228,-0.115133824824121,-0.135627443177291,-0.156745432072293,-0.177545314768603,-0.19674431504159,-0.213253425443222,-0.226223240678206,-0.235058561197216,-0.239630598389764,-0.240007201038561,-0.236657486865666,-0.230034608656175,-0.22087040541523,-0.2100364069624,-0.198258328952128,-0.185925650603505,-0.17355910104887,-0.161578828115128
0.113190120981987,0.113743240579943,0.114143844536274,0.114405976018358,0.11453140898253,0.114495389415044,0.114297019728187,0.113911612006054,0.113320420496724,0.112526149215251,0.111482860313386,0.110170171471117,0.108550493553198,0.106677957827085,0.104494298145735,0.10189536928003,0.0991378764823963,0.0959448098403938,0.0922194556330699,0.0879238536333872,0.0831332949854756,0.0777743574734725,0.0717527539108462,0.06506791588854,0.0578251406655526,0.0499627038764579,0.0413564230423958,0.0318977680654539,0.0215748845813535,0.0105849761246411,-0.0009082659472276,-0.0132206593257437,-0.0260748958156259,-0.039950696949253,-0.0533840034623791,-0.0674030091874813,-0.0820841702213322,-0.0971877384032935,-0.112559652829006,-0.127968041589759,-0.143351198300839,-0.158505828667125,-0.173235088447837,-0.187358559002196,-0.201073017784786,-0.213737465236959,-0.225239564649575,-0.23572783657835,-0.245261224604666,-0.253343791170053,-0.260389151997848,-0.266218093740528,-0.270094472247471,-0.272819256968511,-0.274406036981736,-0.274724215244916,-0.274271693328191,-0.27207960658804,-0.268512831103095,-0.264026229059902,-0.258616217081386,-0.252215707673032,-0.244230473339564,-0.235050219352483,-0.224373699484925,-0.212124844520972,-0.198016459428511,-0.182474306088981,-0.165655744596252,-0.147757790552656,-0.129144460436294,-0.110217610414191,-0.0917127140921448,-0.0743665882964618,-0.0591125019041886,-0.0466445836857045,-0.0378006505628499,-0.0331804959252465,-0.0334424610864976,-0.0386645835940922,-0.0490892989928519,-0.0646280491047674,-0.0849713455257295,-0.108465857261074,-0.13462170741281,-0.161689172792511,-0.1882635202399,-0.212794021605201,-0.233858697669851,-0.250099994729973,-0.260879848264148,-0.266018934425407,-0.265752758913506,-0.260676469400666,-0.251719417229476,-0.239843416493914,-0.225871509496097,-0.211144485347488,-0.196051725869787,-0.181152832776086,-0.166893281482758
0.117825447089461,0.118521219304526,0.119102597289779,0.119542385713144,0.119847224841034,0.119988010382128,0.119966870053356,0.11976176538437,0.119342411530216,0.118717449933994,0.117848206191161,0.116706046177092,0.115286126085646,0.11359640911681,0.11158019715554,0.109261997279102,0.106573661386972,0.103616807924402,0.100008107472411,0.0958468131128288,0.0911552842972461,0.0858453870113346,0.0798114253541942,0.0730903776131863,0.0658350584798989,0.0578084130934406,0.048971158772158,0.0389125457796245,0.0282155562359416,0.0169361259407825,0.00471355370864284,-0.00798091815400499,-0.021521357451085,-0.0360128986270102,-0.0511642829004005,-0.0669558084184362,-0.0833054062370354,-0.100101122914278,-0.11719722134913,-0.134375756555292,-0.151447171707726,-0.168204702957244,-0.184498498994099,-0.199992209834636,-0.214966996792391,-0.228829230218481,-0.24129538515279,-0.252537594296039,-0.262780509191067,-0.271301574370348,-0.278615023240564,-0.284514853160688,-0.288568297499139,-0.291076348198668,-0.292359920108053,-0.29231239658177,-0.291205856620764,-0.288661275351389,-0.284279086095134,-0.278936952621206,-0.273312503418314,-0.265916614338399,-0.257180896848116,-0.247225874186769,-0.235314367676732,-0.221768712908469,-0.206032708076846,-0.188520555865646,-0.169286637024604,-0.148513589322342,-0.126480191054781,-0.103734702894808,-0.0812420907824112,-0.0598484959240781,-0.0408632431610316,-0.0250828422442387,-0.0136650020044761,-0.00744208452294794,-0.00707663550083394,-0.0131309658576102,-0.0257530828015893,-0.0447701931858021,-0.0700360162677469,-0.099894646708393,-0.133075110963969,-0.167746140862364,-0.201760813333487,-0.233202675626699,-0.259836653459253,-0.280098639899937,-0.293043446287938,-0.298383044317248,-0.296572744732771,-0.28882452891744,-0.276434905384584,-0.260759739871727,-0.242845516342834,-0.224300220926336,-0.205765531362095,-0.187816051212685,-0.170829103620266
0.122532332595774,0.123417278086769,0.124183566236373,0.124821719256351,0.125314073768553,0.125655457835187,0.125818790201872,0.125798353763537,0.125574218426137,0.125141295647598,0.124452298583957,0.123540751029212,0.122321023355344,0.120873436895285,0.119118680809337,0.116985754514414,0.114586204844373,0.111793152668704,0.10834202181665,0.104349692261234,0.0998425034467417,0.094641858061593,0.0885937700613984,0.0819511443991046,0.074761391531903,0.0663576668289481,0.0574168750123217,0.0472906873005363,0.0365164112660642,0.0251340474701941,0.0122717366123622,-0.00168590334995867,-0.0166247156115939,-0.0325187445441157,-0.0492612152126264,-0.0667409549572101,-0.0848839941990325,-0.103490694926487,-0.122378821125502,-0.14144847884934,-0.160290652464735,-0.178778742211264,-0.196690732252191,-0.213682304638124,-0.229843999255945,-0.245054459312818,-0.258592753834894,-0.270660494947196,-0.28148469736533,-0.290627399741958,-0.298203355518,-0.304071521195167,-0.308294605895765,-0.310513967324711,-0.311402482538796,-0.310941231054379,-0.309293688173099,-0.306014990061586,-0.300925247447387,-0.294729085350451,-0.288613451265491,-0.280531301040763,-0.271253354848455,-0.260499686228759,-0.24760669580023,-0.232835692007411,-0.215584556142099,-0.196108324556824,-0.174350781971468,-0.15028136247952,-0.124231807936242,-0.0969181099221245,-0.0695667449683569,-0.0431387402182884,-0.0193577622718194,0.000703241269883402,0.015464836570538,0.0240248599311387,0.0254149579280655,0.0187355227882048,0.00375512374881773,-0.0194428896586554,-0.0506363141753195,-0.0884308568077672,-0.130302275511211,-0.174845550748482,-0.218584996057868,-0.259042304492028,-0.292888234392571,-0.31800341017159,-0.33326577564778,-0.338047423666472,-0.333504206785707,-0.321499326853367,-0.304157898914463,-0.283311474427121,-0.260671704154903,-0.237185375377416,-0.214575425505753,-0.192908473724733,-0.172779414832556
0.127348115432763,0.128411593737045,0.129369674878193,0.130209234031117,0.130915073030459,0.131474597990695,0.13185838507429,0.132047686181271,0.132017377953047,0.131810306886454,0.131326515182638,0.130615935038177,0.129670055916487,0.128504835304079,0.127063870013044,0.125201367329943,0.122986242593372,0.120502853845171,0.117280536817332,0.113408500249231,0.109320313179697,0.104220624321529,0.0983475393499264,0.0918754032492656,0.0847821058562728,0.0766293111696058,0.0677284113133889,0.057446025515594,0.0460463166387489,0.033443838132488,0.0195921772695752,0.00452913668405848,-0.0117153754199819,-0.0290711777922926,-0.0474192040945684,-0.0666383509608182,-0.0866177167407941,-0.107169883620415,-0.127963581088652,-0.148965319149501,-0.169702622521606,-0.190022450847907,-0.209666357286737,-0.228329587213529,-0.245859844189864,-0.262392738141209,-0.277148170868511,-0.290107865123985,-0.30149138915911,-0.311319351847384,-0.319103408839568,-0.325044365541909,-0.329362471484071,-0.331308486341443,-0.331759909316577,-0.330867332919996,-0.328503914903153,-0.324210235632848,-0.318398832429401,-0.311500019768127,-0.304373829809196,-0.296102510730732,-0.286379781630077,-0.275020511507108,-0.261362333448405,-0.245696139049601,-0.227255169269685,-0.205989261731312,-0.181598819982921,-0.153837328572969,-0.123216022599306,-0.0903489132568011,-0.0567975817184589,-0.0241986149865401,0.00580656851253617,0.0313513679647391,0.0507796301769699,0.0625186248730055,0.0654635261937452,0.058447638231185,0.0411236682538885,0.01311296829743,-0.0250898071218864,-0.0724114821126629,-0.125498967731786,-0.182807844923411,-0.23936143562547,-0.291609776566477,-0.335058920122308,-0.366546631066378,-0.383824741664316,-0.386926529853413,-0.377698268098871,-0.359306354088996,-0.33485826550515,-0.307241218717423,-0.278223005668531,-0.249403941896075,-0.221808932966927,-0.196029631519839,-0.172331881440926
0.132242835739822,0.133495689660838,0.134657000745726,0.135710011538842,0.136637850851831,0.137421992431015,0.138030598169374,0.138476794507065,0.138692563193113,0.138710293026427,0.138455480554682,0.137957333097817,0.137269294353768,0.136434123538111,0.135376884079657,0.13376446878544,0.131856488565431,0.129533154952603,0.126990128373171,0.12379305767575,0.119943559463077,0.115118878941719,0.109758290170133,0.103754909233719,0.0965905897766469,0.0882407394161476,0.0787158662005158,0.0678870971092936,0.0557761698621174,0.0423147760193289,0.0274440655444021,0.0111839900786303,-0.00640717027613423,-0.0252570124193133,-0.0452810632198397,-0.0663331342479397,-0.0882668062880939,-0.110819439383314,-0.133727403518448,-0.156749688114386,-0.179601236534205,-0.20192679398478,-0.223493401939787,-0.243958380219482,-0.263035628690573,-0.280966249297701,-0.297044592806051,-0.311002167909455,-0.32308142836919,-0.333517764165631,-0.341505623699666,-0.347548195107219,-0.351827717233572,-0.353680075951415,-0.353656692537443,-0.352159479167298,-0.348934043486337,-0.343537508150777,-0.336831244952955,-0.329078676304776,-0.321033918853069,-0.312636771282784,-0.302544268516719,-0.290863306329193,-0.276914607020832,-0.260735350006622,-0.241814429449682,-0.219117148602698,-0.192184872293629,-0.160454335482048,-0.124430709231048,-0.084880143266773,-0.0435147412908014,-0.00297256091219378,0.0350603342686882,0.0677904742024777,0.0935498480916567,0.109795589465772,0.115125396852318,0.108397237902656,0.0886510643372656,0.0552090013614883,0.00906046208325152,-0.0496961992054935,-0.1170313873401,-0.190920864209296,-0.264586008261642,-0.332840958290364,-0.389492489344791,-0.429006541445062,-0.448191517123142,-0.447341028795132,-0.430276856791714,-0.402240221371786,-0.368053378948359,-0.331486505800982,-0.295032687629183,-0.260043606634735,-0.226984549665295,-0.196805993520509,-0.169184073173008
0.1372297572126,0.13868883059643,0.140067087113936,0.141346914223769,0.142507682107766,0.143526881075381,0.144402455009714,0.145090347195803,0.145580930244379,0.145843138461646,0.145860400030217,0.145573961480385,0.144947669650396,0.144727382531863,0.144048100660947,0.142916134263422,0.141435521116953,0.140053828620483,0.137741517417152,0.135180107899132,0.131744790622466,0.127410535372466,0.122183946619896,0.11601699883604,0.108698539606399,0.100149031105467,0.0902845641090103,0.0789819409658014,0.066207040451633,0.0519346790182942,0.0360730954943621,0.0186510741065355,-0.000318833076464141,-0.0207277987229295,-0.0425129912450671,-0.0654976586799615,-0.0894908576962204,-0.114231576747413,-0.139423559182647,-0.16472543688142,-0.189904694295382,-0.214453228644441,-0.238115625481581,-0.260601785878048,-0.281471596512014,-0.300815510572428,-0.318387393391287,-0.333537746905405,-0.346426808911099,-0.357389432165111,-0.365841866703521,-0.372015316362116,-0.376076887398155,-0.377856192264167,-0.377230427489241,-0.374975768906629,-0.370516310477089,-0.364080071779847,-0.356277801467548,-0.347535506972697,-0.338481088731049,-0.32997478705095,-0.319703256344106,-0.308047483976965,-0.294561808508295,-0.278772804036578,-0.260206136123483,-0.236810501177655,-0.207747455215747,-0.171618999850515,-0.129173987211626,-0.0813664806302106,-0.0302490964560042,0.0206469855670587,0.0690849591101874,0.111452184195738,0.145462043778173,0.167849081854921,0.17689838948395,0.171062045421744,0.148980055274284,0.110531400646409,0.054985554954332,-0.0167265775717884,-0.102811482384001,-0.197382427355029,-0.294794394173238,-0.385474270735767,-0.460787308484038,-0.511408718726301,-0.531652465075631,-0.52336793481316,-0.492900619431024,-0.451009682889206,-0.405275510710589,-0.359317771177465,-0.314492267380519,-0.2717880277908,-0.231671705657272,-0.194481566372963,-0.161181500408983
0.142275064479718,0.143958635754951,0.145570662770344,0.147094666667752,0.148502615053227,0.149784199597321,0.150929382176404,0.151903083065988,0.152676538987328,0.153226327796504,0.153545490933888,0.153522673529746,0.153295497225986,0.153483397275302,0.153281558181867,0.152957035069193,0.152084875687602,0.151264255624974,0.149588243356541,0.14725928833981,0.144127594465886,0.140017780873334,0.134952304223675,0.128856856804044,0.121530518024547,0.112835949951136,0.102718268973408,0.0910459992948474,0.0777007355271216,0.0626802948516041,0.0459001778174166,0.0273131861841966,0.00695275394584116,-0.0151063965124321,-0.0387495275889199,-0.0637981012649655,-0.0900449763910209,-0.117175903099833,-0.144909131520099,-0.172781739801476,-0.200497904940093,-0.227563117160686,-0.253615493518737,-0.278361213333172,-0.301316279688567,-0.322258500260937,-0.341423198109383,-0.357953983808247,-0.371812397920823,-0.383292284071228,-0.392371891169474,-0.398655765867845,-0.402563565750419,-0.404193504390878,-0.402906865793444,-0.399606105209312,-0.393896828432061,-0.386084472922029,-0.376892041008768,-0.366845497310423,-0.356447438689573,-0.347732644912657,-0.3373645996782,-0.326215601220286,-0.31418423348898,-0.300289597990308,-0.283416336804282,-0.260683441782456,-0.230089402622565,-0.189500637317208,-0.139267169942562,-0.0811967253039023,-0.0176415321268309,0.0471537246435606,0.108962570245854,0.164110891489386,0.208535212365523,0.239388182552933,0.253880670446534,0.250123570320651,0.226652121078263,0.182790212354421,0.117730663169358,0.0308467589192164,-0.0773196798053498,-0.198696426758279,-0.329421964481443,-0.453441413893381,-0.555924778837205,-0.62144162686074,-0.646818408116179,-0.656604760574347,-0.633570359831396,-0.563815491470035,-0.47414020398101,-0.38858142356952,-0.315365776500266,-0.254044081828449,-0.203111161422771,-0.160002289405417,-0.123574909086598
0.147371573948509,0.149291239173716,0.151154097251039,0.152932893871467,0.154613735243822,0.156180847112006,0.157620130874932,0.158914336509968,0.159979003629037,0.160855940276656,0.161523768175972,0.161926284661471,0.162406364955381,0.162837903508164,0.163359429024845,0.163569947265701,0.163462428377116,0.162875145262641,0.161615251861466,0.159661236962359,0.156871767871251,0.153147572909304,0.148388117158018,0.14246760913611,0.135255136381147,0.12656308293372,0.116358708664532,0.104403955561091,0.0906113175083177,0.0749236177330793,0.0572582471733354,0.0375459733734773,0.0157858945100456,-0.00796307451572053,-0.0335574844951413,-0.0608092925624701,-0.0895926766663423,-0.119433188862616,-0.1499420756388,-0.180775935224747,-0.211462293366018,-0.241348401876174,-0.27017873753182,-0.297444020160557,-0.322809216083689,-0.345762126504701,-0.366617475761873,-0.384664805444038,-0.39966227051871,-0.411845285093915,-0.421496963577472,-0.427864368862386,-0.431601071723908,-0.433020630297042,-0.431130346040715,-0.426599762407487,-0.41924726284152,-0.409716443846295,-0.398661085025961,-0.386704087148044,-0.374520474489203,-0.364834593033737,-0.354500920399817,-0.344550376882297,-0.335499385281619,-0.325479612326051,-0.312790083022032,-0.29292193535296,-0.262107821249374,-0.217272890187782,-0.157677073519563,-0.0865797911200554,-0.00682278334066534,0.0763555671569469,0.155993641437843,0.22766748184522,0.285710168297559,0.327531546661194,0.34930404163914,0.349093782834161,0.325227747076593,0.276848620515702,0.202026089500119,0.0990125960557163,-0.0335355064576178,-0.18973001583857,-0.366098232638661,-0.539658895858672,-0.705613712414841,-0.971520969355418,-1.08816058203437,-0.9788691314536,-0.78394687630378,-0.590227418848042,-0.43048088515347,-0.311591062365039,-0.22560981699534,-0.163844289972241,-0.117352716669877,-0.0797755313179622,-0.0483843769542544
0.152532229434183,0.154692094135638,0.156806261210261,0.158859398505255,0.160834384344534,0.16271993307805,0.164475667419773,0.166092754177736,0.167548392268327,0.168806983698092,0.169871566071328,0.170743973475759,0.171678691193864,0.172852969546389,0.173840055992004,0.17461106916137,0.175010224997037,0.174889019880264,0.174147991496445,0.172697275227089,0.170404623758203,0.167134082739779,0.162768840842827,0.15719985426358,0.150233711664673,0.141734506457406,0.131508740238472,0.119426343086501,0.105334014305278,0.0890760400833616,0.0705677302164675,0.0497106178270175,0.0265191658466754,0.00100192285531046,-0.0267372179984969,-0.0564979652646799,-0.088007029632773,-0.120887195687464,-0.15466618382423,-0.188862383919244,-0.222889703293759,-0.256186371995752,-0.288214187729061,-0.31834554786851,-0.346394761202171,-0.371677154943021,-0.39434491639672,-0.414122753847497,-0.430342932004984,-0.443322289703858,-0.453464861600128,-0.460085755042924,-0.463688618342206,-0.46459928808148,-0.462117479323009,-0.456067135396425,-0.446984992982665,-0.435319704231794,-0.42166337677853,-0.406856326231474,-0.392027204684961,-0.37960964556197,-0.369474501740836,-0.36178448554061,-0.357674874760867,-0.354566267031796,-0.349655085493444,-0.336673168995043,-0.308049997805047,-0.259254272472104,-0.188654565443428,-0.100488398763821,0.00130231854204936,0.108579259887905,0.211535690811491,0.305024506511331,0.380932561108906,0.436057751841177,0.467132637140785,0.472212234910417,0.449854250439053,0.397914684115634,0.315349317490793,0.197511922839561,0.0405373347049856,-0.158433921039508,-0.388230035269326,-0.844721347147339,-1.481024547991,-1.63766100877801,-1.44791136947967,-1.11386751904862,-0.766404082565826,-0.482517941333601,-0.284893367430851,-0.156407542317339,-0.0781462538766783,-0.0290422269490685,0.00369178906989319,0.0286830137747251,0.0501797520858627
0.157726403799416,0.16014861412485,0.162540524850513,0.164892738497314,0.167167307277566,0.169364192228227,0.171459424428727,0.173441262954567,0.175306082928647,0.177009627895551,0.1785664402078,0.179906063385881,0.181384212885731,0.183125394345014,0.184626617623921,0.185871336628174,0.186874412249443,0.187376097057136,0.187255508467746,0.186443147751246,0.184767108646968,0.182098482500412,0.178296191458723,0.173191927103252,0.166640270108708,0.158449888689927,0.148414026273301,0.136335298184454,0.122068169999812,0.105398592757887,0.0861525383599184,0.0641755410867841,0.0395094612082819,0.0121288547981182,-0.0179095431834588,-0.0504196982305857,-0.0849928648321485,-0.121425320746076,-0.158993439837864,-0.197096382571441,-0.235052045662095,-0.272185625728081,-0.307888941112577,-0.341467780644512,-0.372452144009228,-0.400420277094757,-0.425073247886833,-0.446615631446108,-0.464228650589028,-0.4781229141263,-0.488601668716206,-0.495699048231568,-0.499180508597625,-0.499512836498112,-0.496270839702238,-0.488707434920415,-0.477686088310245,-0.463255775882624,-0.446043182170634,-0.427062802804972,-0.407753417170699,-0.390990273430309,-0.380199381638422,-0.37528991355667,-0.378443037975299,-0.387003900647853,-0.395637369728607,-0.395834969933967,-0.373689055535864,-0.322493698603182,-0.238860142341084,-0.127052995239709,0.00495371536561032,0.144504979147471,0.27965319121761,0.400410135961872,0.498665685630255,0.569518284992822,0.611360524170237,0.623411353623245,0.604143668103251,0.552097054372093,0.465151730450565,0.337236326754363,0.161022173913438,-0.0587367564689063,-0.74185863792106,-1.79543993522326,-2.1538375134593,-2.05315040723896,-1.68724053534338,-1.19574303960034,-0.710200777672993,-0.338000494129164,-0.10193696959968,0.0293758632428221,0.094016998171406,0.12381363447172,0.138462322470468,0.148948142765233,0.160071586823668
0.162927897572788,0.165615072089773,0.168296908473261,0.170937265646813,0.173540314022929,0.176078345570874,0.178551910158692,0.180933853738656,0.183249125039964,0.185453469699919,0.187529812646337,0.189525336390824,0.191572732562524,0.193292845996235,0.19568032643354,0.197541696534873,0.19918695661004,0.200402070911388,0.201007460534858,0.200956773161427,0.199993944483808,0.198033011939056,0.194928939569947,0.190487737533408,0.184520213918122,0.176849994928383,0.167222900559203,0.155392116993512,0.141104265469057,0.124189546607132,0.104296163416943,0.0814245950755416,0.0552504784402795,0.0259170707358891,-0.0066622033238848,-0.0421643088552471,-0.0803550757600096,-0.120771604698073,-0.1627287915028,-0.205365850864526,-0.247969932317835,-0.289669773840075,-0.329546400570783,-0.367056099554497,-0.401455960909109,-0.432408249364689,-0.459355906842049,-0.482683424265442,-0.501760837289319,-0.51655641688168,-0.527475293501126,-0.534940326414159,-0.538255305874638,-0.537996096710258,-0.53374358519594,-0.52485998390605,-0.511978530285525,-0.494263826246961,-0.472444538879772,-0.447440569915548,-0.420884432412399,-0.396825515027392,-0.383517754507009,-0.380582289471831,-0.393882142212764,-0.420573958628492,-0.452370603658923,-0.475203796688508,-0.46753137350045,-0.41784379223111,-0.318934154570226,-0.173513097785408,-0.000372645599809394,0.185415754795318,0.364435907423962,0.519434271056541,0.644036635737264,0.732866855842109,0.786828277759211,0.806288544082595,0.791865177184732,0.743083951592821,0.657191906408723,0.527759356067635,0.370693849514053,-0.125595538774074,-1.5967752794969,-2.36598644993068,-2.52010891839705,-2.35984636129468,-1.95564940910736,-1.36243498191819,-0.737368362013343,-0.244837359649198,0.0543677140135955,0.200614321008539,0.256660574253005,0.269764578789563,0.268529425333958,0.2670769861292,0.270522553903128
0.16812309294795,0.171104473252507,0.17406093171658,0.177012148624678,0.17994564180869,0.182846067291615,0.185719399952823,0.18851654652695,0.191290330754654,0.194018572037975,0.196668596428201,0.199227430178883,0.201660363128132,0.20405951796582,0.207027283779555,0.209616391480048,0.211969942445535,0.214004191893274,0.215456948505459,0.216228684831544,0.216139417220264,0.215044930355834,0.212794891640505,0.209217544729905,0.20406315627574,0.197103801423073,0.188108360867129,0.176757009992557,0.162740092391627,0.145746788528395,0.125536907790578,0.101757397295478,0.07419041974131,0.04281918540719,0.0076600561579725,-0.0312786930219938,-0.0735169010422124,-0.118557606354851,-0.165637881469996,-0.213696455535135,-0.261701364875579,-0.308710428290559,-0.353704281606036,-0.395647416957437,-0.433960754595548,-0.468135402174082,-0.497613135827635,-0.522699701810693,-0.543244369040631,-0.558954980453518,-0.57031895269132,-0.577950843589485,-0.58110981214654,-0.580475630051098,-0.575391411504446,-0.565842773143969,-0.55094674595381,-0.529965991569726,-0.502349284977588,-0.468404702570909,-0.430368121141262,-0.393892208301822,-0.372848277609243,-0.369980340599721,-0.395985151020021,-0.44957246771729,-0.519229143782862,-0.579959540386808,-0.602670411258463,-0.562508584865576,-0.443087091176801,-0.251089665931844,-0.0156539010114442,0.23713878252964,0.473883768598826,0.670514595832338,0.82487236257318,0.932479994279683,0.997695331600553,1.02415183573478,1.01503258477412,0.972474410237916,0.894160684494605,0.783492923778975,0.661220760231848,-0.652479481481639,-2.02127057431873,-2.57142743696592,-2.71341411454873,-2.61350378823383,-2.26422518536243,-1.66175712971443,-0.921874215350167,-0.281173420122269,0.117738634292084,0.304163598406572,0.370398647581506,0.381462075988098,0.374339591624601,0.368559463506262,0.37092695957434
0.173277631847531,0.176558068577775,0.179831047373538,0.183104273131446,0.186393417791374,0.189652935286033,0.192914427901371,0.196173027673171,0.199439605491338,0.202685580602993,0.205920976491931,0.209022788840351,0.212062288726889,0.214986601905469,0.218438674670032,0.222017459784498,0.22515917661828,0.228130229334574,0.230551152720894,0.232284865536433,0.233196895635457,0.233149885120806,0.23195733169357,0.22941178877718,0.225321699399839,0.219371973108644,0.211259364139083,0.200701525891667,0.187279268872105,0.170582102851763,0.15019502153824,0.125802880717533,0.0970270085413465,0.0636312615957496,0.0255373660607885,-0.0171291752684837,-0.0639767244708107,-0.114342213890277,-0.1674641228104,-0.222021834456278,-0.276594549402173,-0.329881923302354,-0.38065973738796,-0.427962935412707,-0.470663094145022,-0.508272993370692,-0.540485120932479,-0.567228786899894,-0.589034577917559,-0.605681937205246,-0.617373743649866,-0.624738108196974,-0.628321737573087,-0.627695584857488,-0.622462624076266,-0.612229730759271,-0.595912674291587,-0.571670866602353,-0.538102170140416,-0.492641022022815,-0.437547253612917,-0.380615661725686,-0.339015893024588,-0.331019459927212,-0.370278743632997,-0.463633054164669,-0.589485377730706,-0.717527796686013,-0.798580413142053,-0.784412236677512,-0.640452678592663,-0.377063047709568,-0.0400718313136346,0.309841454631311,0.620290928026152,0.868927076189408,1.05147308013668,1.17465243358519,1.24708335482447,1.27740364085654,1.27302403294638,1.23747200124706,1.17386562070782,1.11224736658397,0.757990515235326,-0.957778504813897,-2.08403220216946,-2.57412663153706,-2.78273287849835,-2.78444330647611,-2.54584091782765,-2.01148938535712,-1.25395403382637,-0.488252298061399,0.027725005090404,0.288596276885859,0.396178023590167,0.430217080160314,0.436376539170077,0.439407082758158,0.450485470159089
0.17840503937372,0.181959282896912,0.185546551356557,0.189145674769915,0.192778469546074,0.196428914070904,0.200155827163374,0.203885465425298,0.207648129094962,0.211480331604284,0.215234994830343,0.218946272098533,0.222574783078171,0.226243876706014,0.230235897202397,0.234607219870547,0.238763540452198,0.242708169139551,0.246163926139766,0.248990282171725,0.251064131763336,0.252228782519288,0.252319810156906,0.251101703206301,0.248322818284268,0.243721541851903,0.236904960312598,0.227454900617798,0.214978896309177,0.198972980817731,0.17887393470187,0.154172305577228,0.124432002845239,0.0891545226840149,0.0480792814640185,0.00131116675153166,-0.050762212685376,-0.107535831214297,-0.167886683472716,-0.230079990810682,-0.292628325350354,-0.35354181488517,-0.411200536429261,-0.464454733193172,-0.512129547003954,-0.553725156063942,-0.588733822047932,-0.617323823468524,-0.639983161769955,-0.657057237315396,-0.668943739905332,-0.676160465769741,-0.679460715345107,-0.678900985636362,-0.674302149527382,-0.664823716174317,-0.648783892116009,-0.623416803914354,-0.584564279266417,-0.526885761317083,-0.447965159997152,-0.355321041197086,-0.272828957494091,-0.242340393303335,-0.291501504109026,-0.436991548813389,-0.649275904184562,-0.887963962814952,-1.08154097697683,-1.13173081181237,-0.96136978001594,-0.579274694288621,-0.0759643188081715,0.416236283548992,0.827412309328993,1.13291546538466,1.33738007292962,1.46599458049969,1.53699392567634,1.56453388725718,1.56243113497841,1.53321435373892,1.48933155906014,1.47912496350983,0.685308535678946,-0.992939574491883,-1.9753462711944,-2.46554645051253,-2.74463732498611,-2.85205146498786,-2.74767426047696,-2.325025096708,-1.63262837431531,-0.843583656897709,-0.223518184792806,0.135074190971822,0.313609633062058,0.397463490548161,0.439199224760213,0.46838180037247,0.500335406444203
0.183438923718539,0.187310636749509,0.191229503719988,0.195174924649345,0.199171270856841,0.203236123136896,0.207372419790088,0.211578122239497,0.215892128976081,0.22023532854111,0.224597355735261,0.228928403045825,0.233224443410454,0.23758144480806,0.242099198091768,0.247581409932799,0.252705759558825,0.25770527796657,0.26227816568199,0.266326470121894,0.269700333543725,0.272279782538072,0.273831411896664,0.274186837120405,0.27304337614407,0.270053919674649,0.264929899278863,0.257138716167507,0.246181387370955,0.231443907484789,0.212206816625877,0.187759833346151,0.15736857343554,0.120415963906729,0.0763579051550898,0.0250526001657275,-0.0331414569189901,-0.0973709960820419,-0.166229699816965,-0.237828237345673,-0.31007146545461,-0.380325852276406,-0.44642034835201,-0.506643639696946,-0.559980388336895,-0.605590258278773,-0.643440935248475,-0.673610190094662,-0.696734843306447,-0.713433750917039,-0.724626354650622,-0.731206226672318,-0.734182164455123,-0.734128931630301,-0.730832536995156,-0.723796209094293,-0.711037554782505,-0.688834680678965,-0.64971127807123,-0.583069489139713,-0.474792256424544,-0.323135709919617,-0.158579767876142,-0.0668661666808432,-0.113158837198872,-0.323742936499195,-0.660771141782419,-1.07524482100272,-1.47871044445216,-1.71067475623009,-1.55505617274418,-0.908998909713584,-0.0909498761528477,0.62099473502817,1.14684393654591,1.4904453404294,1.69468130584583,1.80994266452651,1.86534780129812,1.88237334369656,1.87516866674832,1.85067017672225,1.82880935521267,1.82995558591382,0.641541282993222,-0.894373190779832,-1.79442669915418,-2.29821194935329,-2.62437250705292,-2.80671633237392,-2.8272528079144,-2.57404968765204,-2.00176452004761,-1.27250639016496,-0.595868972872695,-0.135192524065881,0.131189844476714,0.283814641545138,0.379918589760872,0.451696095536541,0.516837036521899
0.188448706538514,0.19263673341435,0.196843179567593,0.20113423376859,0.205494024614295,0.209971163816599,0.214570404808827,0.21928017257175,0.224088325376965,0.228990750648203,0.233949297021536,0.238868921772026,0.243937269985509,0.248983327746142,0.25421633714534,0.260850592164133,0.266837196526413,0.273004578834284,0.278761419158612,0.284139886196092,0.28898860038065,0.293140208737125,0.296391443563019,0.298580254953982,0.299428336363543,0.298573452806263,0.295591476897523,0.290017315698038,0.28118913710379,0.268353275161392,0.250696291852697,0.227208800464737,0.196847737833658,0.158676612978997,0.111886273759714,0.0558676906216956,-0.00927565898208636,-0.0824601982012318,-0.16197487333099,-0.245671503540401,-0.329620445705777,-0.411308659678391,-0.487340675225605,-0.55584702772502,-0.615596520661605,-0.66548700253145,-0.705812715003498,-0.736757951159021,-0.75947717303737,-0.774936038512924,-0.784469420410526,-0.78968042279756,-0.792100476396135,-0.792402070746107,-0.790910442321288,-0.78809175977507,-0.782542028744837,-0.770389716323423,-0.742644448303329,-0.681816533146213,-0.552782909777165,-0.31062078612979,0.0218853411089227,0.264737051884564,0.246452370303435,-0.0457333978221184,-0.543499098025516,-1.22058548153593,-2.24623633114238,-2.71578246350672,-2.29841273509884,-1.28728631172251,-0.0964580553683128,0.901943398037045,1.57669648618675,1.94647991707419,2.12565922771825,2.20121125393569,2.22367274618179,2.22001335193399,2.2020377402377,2.17915318338043,2.17993533276861,2.11104372439364,0.655715348427032,-0.743570452545333,-1.59995462878305,-2.11571529054294,-2.45817791860678,-2.67740229468299,-2.76827493724564,-2.68921400411069,-2.33062115087326,-1.73273875618146,-1.06098597139373,-0.503310469725526,-0.133527913487391,0.107001224065431,0.268958229810685,0.393262091340845,0.500970423942697
0.193315220811469,0.197880462590203,0.202382509606215,0.207011911639764,0.211747219717811,0.216650688336672,0.221660701500446,0.226849445074964,0.232217371566583,0.23768883816296,0.243178371703521,0.248824711635085,0.254612006805769,0.26041790696093,0.266510389449871,0.273352877781375,0.28112038048473,0.288402459539988,0.295424013174062,0.302255163721374,0.308725177725116,0.314658110136723,0.319893882945211,0.324218637413785,0.327383067905757,0.329039116965815,0.328765021279451,0.325988903576082,0.320026403122327,0.310055262460308,0.294902548424852,0.273492115792506,0.244310429287859,0.205802733847843,0.156580651733052,0.09570410995933,0.0227898962216706,-0.061291400570253,-0.154146561397088,-0.252675435034876,-0.351719508278128,-0.447609228235499,-0.536130618623107,-0.614284896936918,-0.680790637172192,-0.735012118593553,-0.777145648713351,-0.807981360031431,-0.829076745308994,-0.841907166978522,-0.848485366975414,-0.851153490379741,-0.851894120117675,-0.851916598644948,-0.85214901811223,-0.854803142713855,-0.860122922873294,-0.866028087771968,-0.86714206169958,-0.847029775376189,-0.749447563138144,-0.413846850645534,0.300244614296728,0.904172426468891,0.93465694201699,0.492714147748168,-0.211503600500184,-1.45876734611614,-3.23093435005215,-3.80641036476953,-3.08184297311788,-1.74815555121385,-0.210726392316082,1.08344051547076,1.94211942779797,2.39342803730039,2.57013511318108,2.60533480530857,2.5879398295516,2.55905547400705,2.52923378751637,2.50730125486394,2.5299836645756,2.3149291403971,0.694748167523211,-0.605675846524624,-1.42611617512123,-1.95527681620255,-2.29384540964942,-2.51420272105213,-2.6294503623802,-2.63395035024415,-2.49000857830375,-2.13889289003765,-1.59016225821424,-0.991924144711253,-0.49592454687239,-0.138600185915514,0.112594835657203,0.300822015054278,0.457359293427074
0.198143168415836,0.202936586003141,0.207802655299786,0.212779402011223,0.217880730218893,0.223191428923429,0.228670019644575,0.23435543740125,0.240208868908312,0.246205436343301,0.252349075128264,0.258670384657895,0.265141776488807,0.271883580571619,0.278867548086455,0.286637092986504,0.295379035224576,0.30349761856412,0.31213318861319,0.320598013579043,0.328839316670375,0.336719842744198,0.34414035883543,0.350887402397843,0.356712872230234,0.361308745290748,0.364289489915241,0.365063214152837,0.362848324430904,0.356730655753226,0.345526572770396,0.327506670509717,0.300980931668566,0.263608607205952,0.213083594597188,0.147658038328361,0.066236266840786,-0.0308562229609378,-0.140932204281723,-0.25868670017258,-0.377791075981761,-0.491502555892384,-0.595065358263351,-0.684824470579212,-0.758561306510609,-0.816606329255088,-0.859518803554954,-0.888758143592674,-0.906242602420226,-0.914308152035203,-0.915915293707305,-0.914792261986385,-0.912314747414353,-0.910067937328602,-0.910489481200546,-0.916460528055353,-0.930670163924805,-0.959699115694895,-1.00331956861164,-1.05399773065307,-1.13407160585738,-1.06557747454847,0.653022486247516,2.20871278930544,2.13785356203786,1.29109050555249,0.429515455982876,-1.70942855889115,-4.14948817075786,-4.87947514328088,-3.90924175562098,-2.34312600390105,-0.532268721395366,1.07300939925445,2.14771892565196,2.71572687166339,2.93665275728848,2.96447453091469,2.92170866021656,2.8726949734255,2.83739840515815,2.82272725533772,2.87032137701367,2.42317333924535,0.740948178486212,-0.489232789852248,-1.29647302001975,-1.83355517454307,-2.16691784688076,-2.37294177556135,-2.47875344189747,-2.50399543919225,-2.44662134396453,-2.29021966562859,-2.00024842492672,-1.55409579996531,-1.0105251080359,-0.510111424727403,-0.123913195739609,0.16250574496291,0.386640303349263
0.202746411246078,0.207869475483754,0.213082456310133,0.218393838773819,0.22388062103147,0.229596003519594,0.235513830340281,0.241657057860237,0.248009200710191,0.254521155515814,0.261304175652037,0.268330776427943,0.275539857900038,0.283190512185571,0.290994881698738,0.299730605404318,0.308765287706461,0.318699191571922,0.328891685216703,0.339008028728702,0.3490992261431,0.35908398915927,0.368866724210029,0.378261327524522,0.387112764192695,0.395073039841547,0.401889621550311,0.406847420828198,0.409370532614731,0.40842249974652,0.402501901488989,0.390034871992008,0.36835298197523,0.334401182544171,0.284981861527758,0.216055415045058,0.12517633906329,0.0121882019136504,-0.119774538414131,-0.263411508918684,-0.408986251098782,-0.546413430909217,-0.668255363343576,-0.770805834450841,-0.852562814966295,-0.913691770400615,-0.955471145516348,-0.980524521318032,-0.991534412327094,-0.992006554888802,-0.985408969628149,-0.976842816486027,-0.967556332888596,-0.959219508640846,-0.960016000614687,-0.969824429613702,-0.996397753617523,-1.04029740414392,-1.07217862249298,0,0,-0.651073624704817,-0.452081680280379,2.71163192724334,3.24008620224804,2.28339128724908,0.726719320933292,-2.06824921414205,-4.65020129788872,-5.64239249875336,-4.73866554938924,-3.06588874011815,-1.12636627661557,0.776176321108932,2.1179990962328,2.85281070851647,3.15165793251203,3.21850579687099,3.1832918482685,3.13473987008215,3.10581677179713,3.1126027337004,3.18401645706639,2.45862073073866,0.772804156757097,-0.41212058832328,-1.20992650983812,-1.75122844666295,-2.08314693978406,-2.27523574740444,-2.36460196179706,-2.38064152725685,-2.3371414670116,-2.24292465878544,-2.0993520762626,-1.88579291628304,-1.55659100084353,-1.07142714227364,-0.534952069921707,-0.0825102440198255,0.26077012008477
0.207203310792221,0.212744706530261,0.218199270606779,0.223824564716514,0.229648200364407,0.23579129717151,0.24213289190849,0.248728640083282,0.255572538317438,0.262650577181855,0.270015273448776,0.277726079898384,0.285739279871598,0.294132634171315,0.303039285305759,0.312173466834583,0.322454455401566,0.333493492791517,0.345371210718828,0.35718553417149,0.369215961569609,0.381437996846908,0.393730291065712,0.406025344073238,0.418150196843928,0.429911262132636,0.441074615401672,0.451078605377298,0.459380236263623,0.464906046456277,0.466288208564364,0.461459880041951,0.447707222743439,0.420895426283176,0.375904963445786,0.306387622122258,0.207171653478183,0.0750121042882725,-0.0864476799197193,-0.266345389469618,-0.448705082628634,-0.617184461474928,-0.761546344905008,-0.878202012766836,-0.967001333732864,-1.02950899933477,-1.06729538849851,-1.08244452212945,-1.08057507959712,-1.06850509782809,-1.05112253041823,-1.03738258528676,-1.02620528569444,-1.00759987611877,-0.64030333864308,0,0,0,0.20836687252225,0.451388025933437,0.269890802684098,-0.19367660222356,0.000835122214826581,1.7757270259864,2.59925473974325,1.90672379123642,0.164400121650766,-2.47532365009905,-4.63502313115919,-5.952100554325,-5.46027450780691,-3.81099823296451,-1.87141816743703,0.165499744315425,1.78384645227142,2.73957527259868,3.17210954769119,3.32316332383259,3.34177564313794,3.32261615273322,3.32031444919045,3.37014117225207,3.45162253555007,2.45895304651966,0.770629721296403,-0.377393944193871,-1.16629569924973,-1.70593200136376,-2.03612899705692,-2.21347533166744,-2.29084764459505,-2.29503529453204,-2.24803842508494,-2.16133914363259,-2.04736534988732,-1.91435693969311,-1.75426777304983,-1.53125030451507,-1.14010083135947,-0.561270508134198,-0.013467785146721
0.211647986867953,0.217307613091391,0.223116168155459,0.22908484747627,0.235236427451105,0.241728927635881,0.248506466161031,0.255533775109713,0.262847177185289,0.270465846701412,0.278441060003155,0.286796431171132,0.295515551842199,0.304758913585691,0.314478203715393,0.324642355623387,0.335962997893394,0.348179341123262,0.361296939610621,0.37496257873775,0.389009113286422,0.403527459748558,0.418416761890647,0.433740385638622,0.449340289792431,0.465202068849853,0.48113276211836,0.496856359279401,0.511826365500087,0.525233501664447,0.535923954943667,0.541678513025721,0.539858462535203,0.525549569046564,0.491580270671393,0.427858774491178,0.323381008930497,0.168505871411016,-0.0353502097780935,-0.269774541332814,-0.503876150402312,-0.713048860520058,-0.88332577105518,-1.01368736216598,-1.1062633885269,-1.16262293910798,-1.19129982675505,-1.19594807230923,-1.18272149419977,-1.1524138448621,0,0,0,0,0,0,0.290109074165333,0.864062379702732,0.693887286492349,0.575040868865819,0.595410665541953,0.591033324719974,0.697465801580688,1.16416317054681,1.39305537888637,0.773975018240133,-0.85612912080715,-2.7498667263317,-4.4244573702069,-5.69316275085057,-5.88861499404356,-4.46813597098466,-2.5988010270958,-0.619625906103921,1.15935259311521,2.35071977614968,2.98397420617979,3.26976791350747,3.37639087501164,3.42247854652617,3.4710862584269,3.58727392329842,3.66005568179785,2.4010482418923,0.736153639285575,-0.387547361798455,-1.16469779316189,-1.69428616210316,-2.01346986769976,-2.17666944167956,-2.23989473936011,-2.2349651174861,-2.18321402332603,-2.09817304355209,-1.98957211525254,-1.86664118036573,-1.73784155138128,-1.6065041491621,-1.45294101040513,-1.18277242528755,-0.580963487334069
0.215738397188595,0.221653487788466,0.227737116666894,0.234038604866932,0.240370525022681,0.247472343800592,0.254577826252357,0.261991249211215,0.269780113335307,0.277933418722048,0.286452232000229,0.295454316402183,0.304913840119897,0.314894480774931,0.325477584067701,0.336648420120608,0.348789736043663,0.362387386493017,0.376759838080483,0.392031882055304,0.40813053051325,0.424927503916749,0.442490062502769,0.460901518129306,0.480129196610921,0.500252753847712,0.521253341253757,0.543148383009634,0.565505873682971,0.588119729556971,0.609956330124448,0.629441281387627,0.644130023756664,0.648778252063458,0.635323251869475,0.590244441981575,0.49073176771384,0.314396474363207,0.0488984328698387,-0.27301271741809,-0.588050744477308,-0.8476904572276,-1.04510412996334,-1.17873341190766,-1.26917234317634,-1.32350485765898,0,0,0,0,0,0,0,0,0.768725998877605,0.972372314093309,0.898724689780691,0.804383699291979,0.716237256392421,0.687961385686655,0.777273273949414,0.847518436316251,0.803685204898027,0.752323920582645,0.490094550799833,-0.300289316823066,-1.54468831535498,-2.89519532056313,-4.2227204239718,-5.26930767527306,-5.73417322174215,-4.9406347533821,-3.22867030187692,-1.36903828615653,0.391606370375829,1.76189079605786,2.61370810776687,3.06624343959391,3.29326250842175,3.42736521856699,3.55202148145941,3.74739633357331,3.82368863597314,2.29895895252691,0.65516772381759,-0.443694762419269,-1.19594889333476,-1.70588427380894,-2.00762550383755,-2.1537422375384,-2.20098363254414,-2.18536635029914,-2.12843473487849,-2.04364563395743,-1.93983468209346,-1.82388472866793,-1.69998259136511,-1.57489069789875,-1.45588761029187,-1.33281672063582,-1.1455635904941
0.219616894794241,0.225722002239367,0.232104962094021,0.238705637311804,0.24563583455273,0.252829645419672,0.26033472287433,0.268135380924099,0.276341579039103,0.285001264674782,0.294083500520053,0.303669046804117,0.313781328713958,0.32453051593447,0.335917009628439,0.347950440272219,0.360952003851734,0.374175315876445,0.391294017636087,0.408294160217417,0.426312136159717,0.44534719858816,0.465505895340058,0.486952853352558,0.509781612261972,0.534213671460576,0.560430291247131,0.58863598167039,0.618916099634663,0.651406757071404,0.685755385203799,0.721730914238809,0.757260656380587,0.789666045780878,0.811011309855335,0.804775058286776,0.738393575218466,0.552419040492047,0.192251226987666,-0.286798113046872,-0.729081668544975,-1.04818869135594,-1.25872551735992,-1.17936893914504,0,0,0,0,0,0,0,0,0.688784312306364,0.855318526531777,0.880309157413707,0.854970226322163,0.809185879795128,0.751090959207502,0.704656219702437,0.701767986821174,0.745290816656119,0.733738477325682,0.564125763141416,0.273432696626709,-0.213288215746875,-0.956610640294846,-1.87376959126869,-2.94554227318713,-4.03864375445056,-4.95055678422157,-5.29936874123301,-4.9125805091435,-3.68474099531633,-1.99728332532766,-0.341340925708115,1.09206600162295,2.11489369445948,2.73468946061842,3.10493126455572,3.3423060646566,3.5619358230103,3.83700976909662,3.86488579070291,2.19821069760392,0.550870606660982,-0.533808564685053,-1.25342460569579,-1.7367912965186,-2.01271858554844,-2.13806723236905,-2.16496199161538,-2.13608800214347,-2.07225768495015,-1.98674309983519,-1.88707922571728,-1.77811337393148,-1.66274810915378,-1.54345612886239,-1.42468097795537,-1.3110616934065,-1.19806422088769
0.223258053303938,0.229582238440548,0.236226673402909,0.24309949590512,0.25026343330519,0.257837870831748,0.265726830548317,0.273848514893712,0.282478524312877,0.29160776266622,0.301179753862697,0.311315818678795,0.322090410466224,0.333472322317463,0.345685137572419,0.358663985492962,0.372537317363276,0.387789554861735,0.405204038734525,0.423439713113903,0.443229457615632,0.464344067453943,0.486954070595413,0.511259852535416,0.537557398578489,0.56616466520223,0.597422109663468,0.63181448029522,0.66998308039344,0.712414255880242,0.760074695750237,0.813242149708069,0.873102788692053,0.939817375779255,1.01048806315637,1.07672796724466,1.10231496088308,0.982991262803525,0.473321789135942,-0.363808077739094,-1.00342940429288,0,0,0,0,0,0,0,0,0,0.58306780956014,0.66411863815692,0.700708005580262,0.732020493120982,0.73226522350875,0.715653375113878,0.686339399501644,0.643776220990562,0.591973442096323,0.539731780567006,0.48799558021245,0.391894299665877,0.176516589851126,-0.168966057930069,-0.656156312976014,-1.28834059567235,-2.06424256179942,-2.95488344736822,-3.89801593599506,-4.71121112153233,-4.98327642840547,-4.45938752721943,-3.6959925217648,-2.48462813978185,-0.958198268683215,0.460358040425794,1.56950033671697,2.33207671185396,2.83512059510819,3.18062529057753,3.49839117457209,3.8425088679991,3.82348444292522,2.08709311438267,0.444578345641508,-0.626741880952389,-1.32866590148134,-1.78368280928389,-2.02702245313207,-2.11968115649471,-2.1218493408725,-2.07739858472993,-2.00703579617593,-1.92146662918207,-1.82577376900751,-1.72355996355893,-1.61720367049199,-1.50734538417402,-1.39557445400327,-1.28370480893867,-1.17200440670063
0.226650775013313,0.233164639459841,0.240029971917757,0.2471736707951,0.254580068683377,0.262371842164286,0.270532384320611,0.279090482968926,0.288173297960722,0.297721004093358,0.30778920047419,0.318425122573085,0.329732315449482,0.341789485542903,0.354652340513638,0.368346116568207,0.382970891081678,0.399353115869094,0.417136163358291,0.437266556229212,0.458791443009898,0.481676817332937,0.506486951128237,0.53343439134512,0.562779689389927,0.595068315830125,0.631023596490594,0.671072764993266,0.71635557102425,0.768174359871221,0.828167204550163,0.898224088105018,0.982019648120109,1.08392276533779,1.21174260024236,1.37349951658272,1.58423755816023,1.83442815681684,1.34253474086666,0,0,0,0,0,0,0,0,0.441143993307851,0.499347395795985,0.519453294473295,0.52625542663405,0.525280666788979,0.529275144231146,0.529721366358745,0.521373766568469,0.513770664558415,0.481110600572193,0.416668699611993,0.33165007428007,0.235927813106407,0.131057976226688,-0.000898510494639613,-0.199968230467165,-0.51944223981336,-0.955917696597237,-1.52447713806447,-2.21046313975495,-2.98530193126962,-3.80958328101701,-4.53566535917463,-4.62489125739113,-3.98942323030177,-3.23804723554699,-2.62306201650926,-1.48256650650032,-0.0981773542915995,1.06248479551836,1.91838447591558,2.51722564858903,2.95960842371519,3.36372155351029,3.75678085098073,3.6693228121861,1.96421440014245,0.349135219478129,-0.717241805488912,-1.41622636752513,-1.83618123594272,-2.03197162075304,-2.08144125069075,-2.05709027363717,-1.9997944003903,-1.92622606234976,-1.84293473353061,-1.75304329284212,-1.65848801681688,-1.56094968182014,-1.46051209090359,-1.35764788299094,-1.25213560960901,-1.14415380957672
0.229740200315657,0.236445290988201,0.243516095411523,0.250895405833544,0.258545941752782,0.266535119219604,0.275054344981027,0.284114559705033,0.293364766684539,0.303298652764107,0.313811561798783,0.324869193436915,0.336693682298899,0.349268794328581,0.362760288590832,0.377163311892535,0.392660950852042,0.409544915407948,0.427688227242126,0.449376406784385,0.472393609045785,0.497006176350617,0.523708980486132,0.552880741242156,0.584942555342764,0.620424991781053,0.660116797440708,0.704996751080985,0.756311135126474,0.81574351149096,0.885750728183711,0.969239036163884,1.07242032853838,1.20337520261631,1.37688920360328,1.6226141034113,2.00921754820508,2.77159554895569,5.73305312773383,0,0,0,0,0.232296203498317,0.298829297113706,0.364478557703059,0.419985856396004,0.442608100173896,0.43854809176987,0.417155942926354,0.365468868417128,0.320118326800677,0.287359614988445,0.263149444554615,0.244762268781096,0.210574699567125,0.154285318277521,0.0781485317474852,-0.0140579799758096,-0.120950446071359,-0.242225133281548,-0.385893366726562,-0.571023602478554,-0.843289360905232,-1.23985827597462,-1.74835180902253,-2.36026859246649,-3.04522843494589,-3.77781279980462,-4.29363764789209,-4.06228498511476,-3.43317055726767,-2.85654217574967,-2.32319521055357,-1.77807879981265,-0.644471484064997,0.58867126122575,1.51419510878766,2.18091079977209,2.69851174469547,3.16021366487359,3.55476789112606,3.39804597895684,1.839445172574,0.274138326627732,-0.812576677037237,-1.50357689836863,-1.86020368107705,-1.98793898581844,-1.99561282623844,-1.95550252664291,-1.89543489287566,-1.82517834650211,-1.7485522650292,-1.66703672814751,-1.58160933212877,-1.49301899014805,-1.40140052035544,-1.30627074910138,-1.20906082173718,-1.1103518063685
0.232554758515571,0.239425324014309,0.246638618432249,0.254220395635277,0.262099584588221,0.270322133504705,0.279022846733057,0.288171883694839,0.298000834842646,0.308546703368606,0.319269221162887,0.330666699761286,0.342870638396446,0.355929406485673,0.369940475422073,0.384917122413551,0.401120611072288,0.41841579463893,0.438173470465818,0.45983721284029,0.483886910119122,0.509907545597277,0.538232858854303,0.569224455807329,0.603339264639396,0.641312052893408,0.683974773862613,0.732357099973923,0.787976248315666,0.852810890338713,0.929362893737132,1.0218012553837,1.1360817356557,1.28226532037758,1.4755033882924,1.74606300961225,2.1505421589278,2.78925377495312,3.56115878484027,3.58102014014506,0.908684294835672,0.243727191920162,0.2228271255162,0.278136989707852,0.316175939672549,0.353950761317143,0.38119840708266,0.372605926206733,0.330875110409627,0.254082720675745,0.158218808814409,0.0704460350285899,-0.00494423941496195,-0.0616821013110623,-0.10057559885974,-0.144433505240273,-0.197850312936322,-0.270311553487319,-0.365904307435027,-0.478907749391383,-0.609322684184028,-0.75957128987934,-0.94284200200718,-1.19724233484337,-1.55024223720739,-1.99889756356899,-2.53667805456002,-3.14141336005656,-3.6598076118642,-3.71766704768143,-3.35986524103581,-2.94652574728031,-2.51978912229804,-2.0660708193841,-1.61840595529101,-1.08049775165414,0.0841244711751671,1.11625063964196,1.84984762486262,2.4118350545459,2.88834428853264,3.22350910330176,2.95679186948596,1.64117313853134,0.17527700148541,-0.902045475826043,-1.51606071792413,-1.77922635892917,-1.85222013220763,-1.84749490207737,-1.81261924981542,-1.76271988958688,-1.70393811039711,-1.63788716977401,-1.56687209487968,-1.49152937993276,-1.41234240799287,-1.32978484318559,-1.24433724362495,-1.15700490696353,-1.06939797396199
0.235074366929813,0.242054652114706,0.249415355824812,0.257171199017773,0.265219759191385,0.273676728140591,0.282581532208913,0.292019899023936,0.302076680986285,0.312261565620897,0.323802855085099,0.335686305204438,0.348263741257732,0.361688140015005,0.376075249145697,0.391566579979704,0.408229755507176,0.425991864310229,0.446034415782229,0.468594234196354,0.493110576126976,0.520346092563185,0.549841212008001,0.582116091391498,0.617697563517357,0.657375796054128,0.7018669568301,0.752370689362475,0.810372128264912,0.877912207583339,0.957397265238962,1.05282896278769,1.16990782746591,1.31573353333434,1.5019422731261,1.74461222812548,2.06410473093697,2.43880905437971,2.7685622441326,2.84164755692379,2.67840168863131,2.29948148857559,1.48495363607184,0.844331404771457,0.580478206883295,0.431674090568489,0.339647005636495,0.261729555575488,0.166505016858481,0.0512926778257755,-0.0686899988398535,-0.184460803142092,-0.278374316249355,-0.345038178672294,-0.393609659807108,-0.432280667334274,-0.490090250004328,-0.565394098067701,-0.663411138671809,-0.784072294284617,-0.925518389664094,-1.09111316687177,-1.29050752899209,-1.54333329389457,-1.86687324016456,-2.26282846173356,-2.67686475149995,-2.98745011637942,-3.10609615673916,-3.02805591255885,-2.83097750184421,-2.5508635128315,-2.21193659794557,-1.83460755836527,-1.44267611967538,-1.06395139184293,-0.438183545360859,0.678146325404982,1.52177268165342,2.11334595701003,2.55847821232219,2.76954316073216,2.3844569578197,1.26333235684415,-0.00433407324414762,-0.903017827841608,-1.36843822016514,-1.56847237502058,-1.63768366301358,-1.65172931261675,-1.63864714455232,-1.60815024953706,-1.56493522579137,-1.51310745333504,-1.4544941561721,-1.39090320644896,-1.32291851867631,-1.25120535995313,-1.17635412212503,-1.09951415105299,-1.02176501582188
0.237268762864211,0.244379409542685,0.251842093828524,0.259728140598546,0.267967504912767,0.276563757448954,0.285606336243889,0.295229397335408,0.305448465210167,0.316362806175275,0.327791583657225,0.33996005689353,0.352812692919452,0.366484900999962,0.381213412013394,0.397024829505663,0.414011673008951,0.432483220017039,0.452656162231822,0.474138962125465,0.500526552418771,0.528290153578985,0.558351695142625,0.591318885653156,0.627718630989941,0.668203254360945,0.713603268273433,0.764868312671473,0.823411985167502,0.891059620529268,0.970052624315247,1.0632004237541,1.1745472553457,1.30909664300359,1.47259455780947,1.66875914060346,1.89437916197219,2.1250439573257,2.29155249512989,2.33294548268961,2.2402753907462,2.05761342466107,1.84695427562203,1.6219489213093,1.32891708595869,0.996002443426888,0.688799335258357,0.429220910240093,0.216054083651231,0.0275185140705541,-0.138920600204783,-0.282979831155054,-0.397674635575098,-0.485595678048182,-0.551820586162847,-0.612764712223778,-0.683226861165646,-0.771064129546224,-0.878747895229833,-1.00923271389098,-1.15888505593163,-1.32823963391308,-1.51598299058575,-1.72724379830496,-1.95328747405016,-2.1806965058398,-2.38161543750818,-2.53165865155771,-2.59746353927662,-2.55984517713941,-2.42341238350223,-2.20666494647585,-1.93492141858459,-1.62929972469477,-1.29820076773131,-0.942803587822277,-0.578395950375991,0.148289339012268,1.13686655477844,1.79217840299461,2.16569832614871,2.19145095057488,1.70578747397878,0.792649884678831,-0.122399157041839,-0.755159064388883,-1.11235942367545,-1.29973628952035,-1.39155352667817,-1.43474227027436,-1.44709156036032,-1.43995799724891,-1.41515885943664,-1.38061216260686,-1.33720415856602,-1.2869711854816,-1.23094795949334,-1.17000739057068,-1.10485163588792,-1.03688040974752,-0.967979289006851
0.239128111792686,0.246315326529958,0.25388921712218,0.261890521270836,0.27025151373518,0.278983155531051,0.288147353568519,0.297919957140788,0.308269188643384,0.319289993485335,0.331154123063544,0.343176867124713,0.356467215947151,0.370368392554787,0.385255645474269,0.401304194219801,0.418437149567252,0.437128142656507,0.457362172058684,0.48004268319539,0.50525782398298,0.533370524975128,0.563771049052149,0.597014191442253,0.633581029577836,0.674065787162939,0.719159655874171,0.769834034399003,0.827170395618505,0.892725810481833,0.968063162474575,1.0552546628963,1.15635098753017,1.27396483314324,1.40964435860008,1.55971755795311,1.7181574811285,1.8599435393416,1.9558392863094,1.97589844876466,1.91591949722855,1.79085999552508,1.62448060700959,1.42950684915862,1.21481435802418,0.98955615153047,0.764799743059167,0.545820848858573,0.334712300845602,0.133632382648082,-0.0508139759965685,-0.20989481498945,-0.342451332020307,-0.449317030310945,-0.538744863095798,-0.62048360708024,-0.704610149050087,-0.797844726881104,-0.903717288530703,-1.02199026371918,-1.15262046837334,-1.29423282363353,-1.44747278093266,-1.61156229357654,-1.78318948224038,-1.94993141059761,-2.09450906797273,-2.19522904205975,-2.23267244277617,-2.1961934401349,-2.08774335863852,-1.91779436866648,-1.70177612188341,-1.44833240413206,-1.16346308341765,-0.85049996439819,-0.520956303084158,-0.183437023125831,0.539247679254979,1.30830025132515,1.63804123834068,1.55784313521101,1.12405506229134,0.498698786544643,-0.102090331415247,-0.544174753736804,-0.844150487759547,-1.03128092527072,-1.14877752347993,-1.21800305677081,-1.2551365685408,-1.27168624095819,-1.26892982882127,-1.25181152792704,-1.22260827992302,-1.18409193475976,-1.13830068391723,-1.08666225854229,-1.03067562341395,-0.971966208570972,-0.912286298640887
0.24066609114985,0.247929520888182,0.25558370040041,0.263624387721724,0.2720941551541,0.280934004174336,0.290189402552599,0.300011808048753,0.310457177043624,0.321570899774228,0.333350304258644,0.34597263668576,0.359183627465655,0.373179257696013,0.388182265264902,0.40433402860609,0.421570445394724,0.440274242381889,0.4603798215723,0.48288810075336,0.506839391748268,0.535785118724788,0.566107155119176,0.599095425240203,0.635221341249716,0.674952060581693,0.718941792680408,0.767985386597928,0.8228631265131,0.884531951313201,0.954157460296552,1.03291228871468,1.12172431298524,1.22080671483794,1.32926046141954,1.44250829925644,1.5521208604612,1.64369632808432,1.69987621712404,1.70667894290152,1.65914523694349,1.56387471589551,1.43224294354535,1.27318014917689,1.09532884361084,0.906089280713566,0.714488136859458,0.5238327465463,0.338534643310476,0.162505782141292,-0.000251098285171124,-0.146298463419482,-0.273987028916453,-0.384831215178608,-0.483168229284049,-0.57517788248442,-0.666924311275789,-0.762976026225487,-0.866054513921452,-0.977472763772484,-1.0970779268403,-1.22382733817499,-1.35686739411281,-1.49374277305814,-1.62850905965554,-1.75253097033653,-1.85387248382307,-1.91949351151272,-1.93892473379969,-1.90399090958961,-1.81646170793916,-1.68014031303298,-1.50159214717576,-1.2894467111457,-1.04821260064053,-0.784339358934575,-0.498087201210648,-0.191705516026951,0.0929722153016741,0.554315430577589,0.966532044410214,1.00622532708607,0.754079615625125,0.367292309713147,-0.0287666830391992,-0.360682493358172,-0.615606478467879,-0.80173787653377,-0.936798172850998,-1.02788525069968,-1.08772236982614,-1.12222029900706,-1.13630778576298,-1.13067693792363,-1.11228670943592,-1.08398656923099,-1.04746848519427,-1.00492869530236,-0.957522575372843,-0.908236610852863,-0.857137654249638
0.24185906725934,0.249209553727278,0.256876118545473,0.264972421301209,0.273503128468486,0.282406373244075,0.291735784967081,0.301594985671241,0.312065381587534,0.323197671149489,0.33503953348027,0.347600936092844,0.361111967804698,0.375144702338778,0.390092777279688,0.406168477229079,0.423398708662248,0.442061182630348,0.462018941652185,0.483912706084479,0.508023403985646,0.535662501674432,0.56547895903968,0.597746099079538,0.632922169945954,0.671353283850486,0.713541740012394,0.760015624279735,0.811381219104552,0.868180905224286,0.931012506487569,1.00042887618858,1.07648899168661,1.15786207958874,1.24305825515298,1.3276005827512,1.40463212328185,1.46366759701677,1.49606189820687,1.49289463928375,1.45125584177067,1.37382899179,1.26626664058048,1.1350606562029,0.986451271501621,0.826669321885856,0.661626342819548,0.496568235380705,0.333986412123451,0.177879644183577,0.0312811493644756,-0.103290885022819,-0.225277773665013,-0.335634766471627,-0.436936838246902,-0.532876312747936,-0.627237841381619,-0.722960168686794,-0.822148223273424,-0.926088254610786,-1.03452939925381,-1.14653160679601,-1.26055466668677,-1.37377944663946,-1.48065759304794,-1.57499823708207,-1.64828007181846,-1.69199196933843,-1.70068008924131,-1.66810995208581,-1.59377775011641,-1.48113484012176,-1.33368152384723,-1.15676264012162,-0.955284233674778,-0.73539069836735,-0.499221986285709,-0.256069858143243,-0.00680273152229745,0.205621264078806,0.383599713255438,0.478178485215567,0.416169933373469,0.222262624822268,-0.0242831222424178,-0.270693173685119,-0.482458090308178,-0.657066764604078,-0.79133638224755,-0.887303631587341,-0.953678459331773,-0.994703818282537,-1.01719045584487,-1.01942734350086,-1.00978269261367,-0.990590595753319,-0.962101671418878,-0.929168975407021,-0.890545881252782,-0.84878925387121,-0.804106877026301
0.242724945028071,0.250103994241261,0.257794030089011,0.265899976441001,0.274432196053318,0.28336481532751,0.292719801238994,0.302568589163128,0.313023640487001,0.32413634516162,0.33596432552104,0.3485105496233,0.361806187866328,0.375825457069554,0.39104520959245,0.406795105787295,0.423870263987653,0.442154778038761,0.461853075425573,0.483279367839947,0.506750833335145,0.533061956702857,0.562086655727372,0.593356111741472,0.62714917806602,0.663814300168184,0.703595434261621,0.746898937366603,0.794101895082341,0.845505014248278,0.901242794394768,0.961195033542045,1.02501849286554,1.09100594961604,1.15724203527815,1.21983468997834,1.27339993172894,1.31150952129614,1.32822536402788,1.31844546255645,1.27957909149165,1.21379797217676,1.12380104639665,1.01357708416442,0.887536244717602,0.75140710925338,0.609103674990283,0.465280704424472,0.322187795432053,0.183211808233478,0.0507550551224622,-0.0733514491505889,-0.188735237367668,-0.295840735789406,-0.396203022148474,-0.492029696828752,-0.585602441760131,-0.67890849186961,-0.773458632788912,-0.869866574089726,-0.967978679393392,-1.0668290895421,-1.16473735734502,-1.25888584122132,-1.34503454176503,-1.41818995558079,-1.47224330170748,-1.50213145604262,-1.50334000231982,-1.4732212050941,-1.40997333060812,-1.31573496136689,-1.19370843813028,-1.04752322175217,-0.880922131957622,-0.700278234935348,-0.509725203161249,-0.31637904704782,-0.13179625864176,0.026834970369576,0.139432264246566,0.182261024787352,0.146318088462155,0.0400625433393934,-0.111659512668837,-0.28191761974936,-0.441430589999052,-0.581936093954022,-0.695283610968567,-0.783560327265295,-0.84656545680609,-0.888243581577048,-0.91286998763954,-0.921797594137317,-0.917832846597456,-0.90486912959936,-0.884842968538175,-0.856973502233858,-0.825783070021414,-0.790741629138663,-0.755821599807297
0.243243195690226,0.250640369566547,0.258317272921908,0.266416825909333,0.274932369892437,0.283875834822879,0.293216912792261,0.303005903077202,0.313386240012987,0.324405995318155,0.33612749339429,0.348594259736938,0.361749912000517,0.375690155108487,0.390576166201225,0.406244997625253,0.422978013603555,0.44084108723665,0.460107898159713,0.480901746060279,0.503351008243545,0.526796410332266,0.555945398925985,0.586116015460924,0.618258669490743,0.652759875147298,0.689859334644013,0.72967556108667,0.772400235102236,0.818222696281088,0.866904371113942,0.917902074877728,0.97069591692432,1.02369685737535,1.07465161011563,1.12059637841882,1.15753433248351,1.18119417968204,1.18747072925044,1.17304724078864,1.13632841036786,1.07861561635481,1.00130519682778,0.907003437655747,0.79933771215347,0.68181506699141,0.55817782676073,0.432197103715897,0.305939841881188,0.181633799183566,0.0615620055370771,-0.0528745225113043,-0.161091092060731,-0.263251940491112,-0.360254456361275,-0.453409914074711,-0.544130116536049,-0.633632739685559,-0.722729076577481,-0.811753305240552,-0.900397225161145,-0.987677548789737,-1.07214272574204,-1.15123531106884,-1.22193383532264,-1.27952650498944,-1.32048222818582,-1.34144224465745,-1.33899457957569,-1.31132588581709,-1.257509219352,-1.17901134261971,-1.07800588786152,-0.957984925217763,-0.821971611534188,-0.674537301783747,-0.522734863812595,-0.372486277428699,-0.232146339351753,-0.115771406765962,-0.0358841062679545,-0.00443524086484574,-0.0252822965982937,-0.0938059794974923,-0.195755828108125,-0.313134649458848,-0.431170676930103,-0.538088183426681,-0.630531792473286,-0.704379615203221,-0.759423667169726,-0.798985915780832,-0.824377315327786,-0.836848040713343,-0.836957068386776,-0.827058644384725,-0.812190082230369,-0.794256217163398,-0.772143123255683,-0.746583569556448,-0.718234557579812
0.243443111997704,0.250811108014831,0.258483923030662,0.266512507245121,0.274986879319546,0.283890367302914,0.293191381881799,0.302910410988557,0.313181876019255,0.32408063643441,0.335664642790953,0.347981731441102,0.360926086985526,0.37459576120605,0.389087295823065,0.404461891114836,0.420841470709737,0.438240246016218,0.456949978849016,0.477041156006737,0.498609092235312,0.521971390367253,0.547737959445408,0.576562423399898,0.606661489283514,0.638746572684536,0.672896335743639,0.709118885128209,0.747478251547026,0.787744726108986,0.82975354348989,0.872716727495384,0.915885488506055,0.957839772064027,0.996890365944647,1.03013950632822,1.05496795958257,1.06856644511672,1.06766376613889,1.05032358666066,1.01538609368468,0.963486779778196,0.895645441056005,0.813817784322864,0.720355998272468,0.618291692493985,0.510242207762132,0.399127063253399,0.286817930993544,0.175375396588197,0.0664089525869941,-0.0387108835115667,-0.139538584165053,-0.235936193307684,-0.328308813386205,-0.41738357972341,-0.503949656775959,-0.588645564584492,-0.671906779732614,-0.753782326776456,-0.833847849547019,-0.911297930428909,-0.984558798121874,-1.05161499820652,-1.11041656992337,-1.15715214013126,-1.18931240841433,-1.20432473521318,-1.20020392108346,-1.17562679494175,-1.13020665252434,-1.06506819255164,-0.981846091412955,-0.883295212553308,-0.773365683750931,-0.654620296183102,-0.534047992042567,-0.416566413592203,-0.309988650512087,-0.22213676435022,-0.163126795138686,-0.138027131404918,-0.149271857193203,-0.193114389629757,-0.262393253871018,-0.344737545324768,-0.430794362907774,-0.511147961648123,-0.581571945316378,-0.643735700517975,-0.691073042548438,-0.727016016328659,-0.747725758383474,-0.760352725068495,-0.763427722966919,-0.764178596791192,-0.755210059803619,-0.74459627817578,-0.727612376228914,-0.706441490155666,-0.682243886120895
0.243317066728559,0.250640688078436,0.258294645670504,0.266256658127067,0.274643477705596,0.283453219265806,0.292659381922604,0.302284674897539,0.312379426284079,0.323101235247034,0.334488473532681,0.346594043224914,0.359288886495027,0.372601078726539,0.386759419499281,0.401694301572947,0.417470021463222,0.434338420304525,0.452363552124151,0.471586182643956,0.491705349632424,0.514527128998256,0.538616424929031,0.565184151621764,0.593135739081093,0.6226290674413,0.653681916963543,0.686226210809991,0.720187144490562,0.755219206160467,0.79106963954797,0.826989008386548,0.862016048102968,0.894971431847431,0.924371293265309,0.948054410290367,0.96402349175494,0.970141428390465,0.964261077197563,0.945037131657369,0.911775848027667,0.864438088273339,0.804135255090692,0.732080141475781,0.650164213906856,0.560017431583906,0.465385834050432,0.366815503832265,0.266666845109258,0.166291390871026,0.0673286126917326,-0.0290911466758786,-0.122559539928639,-0.212785893340119,-0.299844110391564,-0.383982034520665,-0.465580413170154,-0.54499757047494,-0.622356152438784,-0.697541099575107,-0.770020688701375,-0.838952180130717,-0.903053811376105,-0.960696812573953,-1.01035386897891,-1.04916390885303,-1.07514951644608,-1.08665146560742,-1.08215222005841,-1.0609639271015,-1.02311455761615,-0.969399857186159,-0.901245178209927,-0.821045191133106,-0.732141771193589,-0.637339454007304,-0.54178040414041,-0.450275432581222,-0.368034970068244,-0.300660105667028,-0.255894052142952,-0.235035147241078,-0.239268860003938,-0.267355567104035,-0.316303847624144,-0.372562612437608,-0.434822202930142,-0.494674771312591,-0.550528890800466,-0.597378317018407,-0.634430165559761,-0.666913725126935,-0.68938491218127,-0.704476630026889,-0.711510973433398,-0.714012602669682,-0.708283186035249,-0.698492986942077,-0.685740692378123,-0.668293588481722,-0.647495458937031
0.242884924492704,0.250129994190275,0.257706961683969,0.265603672491502,0.273884635541431,0.282577984927812,0.291662876566181,0.301136781119487,0.31106501780237,0.321554651938317,0.332669044637997,0.344466999011414,0.356848997631076,0.369774224911981,0.383567013754907,0.397975021241416,0.413172090017563,0.429378364727055,0.446548276006293,0.464736733474554,0.484004772168261,0.504442916380731,0.527123116974178,0.552047600900992,0.577905621631817,0.60481741109465,0.632783418938461,0.661784592019443,0.691589651859618,0.721814712492619,0.752067350232043,0.781717482036413,0.80988817561728,0.835509960837892,0.857202778078444,0.87353118425224,0.883020574248017,0.883725219033088,0.874367505866686,0.85402747720544,0.822120436501728,0.778646371930614,0.724439539646672,0.660381200621769,0.58794880109301,0.508715154318919,0.42408101060327,0.336077691878253,0.246309878203612,0.155888242823493,0.0659191593105633,-0.0225987059576349,-0.109035343943242,-0.192965985998404,-0.274360286249903,-0.353198570829771,-0.429573840688508,-0.503590747377516,-0.575216164388935,-0.644155271898394,-0.709846988341063,-0.771465204798364,-0.828010708944981,-0.878239992856356,-0.920657760482793,-0.953742545340651,-0.975443929187265,-0.984830544594305,-0.980940597426362,-0.963407421573157,-0.932309015971965,-0.888433544457721,-0.833068871255321,-0.768225652924282,-0.696783647959058,-0.621553919447107,-0.545760378092253,-0.474408656195868,-0.410589245400581,-0.359234150751761,-0.323287731030368,-0.305603465973914,-0.306192616655163,-0.324887719628467,-0.35581628079835,-0.39621101335106,-0.439324316102044,-0.483450647808453,-0.526034237621654,-0.5630110062613,-0.59561245162843,-0.622934686900885,-0.644240336298513,-0.658330938779557,-0.666402211163629,-0.669193730040343,-0.665377178150234,-0.657342659455919,-0.646515715292571,-0.631857136280201,-0.614008394138088
0.242155910669547,0.249321087612749,0.256804892468077,0.264595164377569,0.272721499365836,0.281257211943169,0.290197519326366,0.29950906828988,0.309217612395989,0.319451002825584,0.330252105316008,0.341700858767211,0.353701270099376,0.366313151682523,0.379528245353562,0.393386900536437,0.407968082649396,0.423403262767896,0.439698612568613,0.456797703346665,0.475032912591168,0.494139007909844,0.514834559484047,0.537479251512148,0.561223471428109,0.585606093485339,0.610683241268154,0.636328690522599,0.662283716814148,0.688198303273302,0.71352741418201,0.737786991379064,0.760200401931942,0.779779807674862,0.795385338697896,0.805974785514875,0.810424354574223,0.807229537489526,0.795505015266971,0.77450031229686,0.743845459781535,0.703785454537413,0.654672340820481,0.597294864141139,0.532566703937943,0.461707140558135,0.386171467280795,0.307287069134558,0.226403425180721,0.144557229398818,0.0626605728826204,-0.0184300410781665,-0.0980504778536909,-0.175776990340125,-0.251451338850136,-0.324875070653713,-0.396013584103257,-0.464673559593515,-0.530707996178155,-0.593868387846452,-0.653496602636453,-0.708883704597896,-0.759258109038292,-0.80350928585505,-0.840454128421272,-0.869220536156928,-0.888082790569247,-0.896422704879093,-0.893696631379817,-0.87967192700386,-0.854625468827614,-0.81919585554166,-0.774590053528723,-0.722668449457371,-0.665579253963252,-0.606000789609831,-0.546168181260155,-0.490255390484275,-0.440565582271588,-0.400520159942322,-0.372172801249481,-0.357020015183174,-0.354825647814429,-0.365742085470694,-0.385851830725596,-0.414779193406671,-0.444441012501023,-0.476686859463211,-0.508914034075309,-0.537255965378667,-0.564655724353141,-0.588564746926524,-0.605912887602685,-0.618793888073393,-0.625917796958881,-0.628168668589743,-0.625594783107104,-0.619610438977661,-0.610353477644711,-0.597805273555795,-0.582605763051607
0.241124473963449,0.248191431391103,0.255563903657353,0.263230514915597,0.271196407112889,0.279554897237427,0.288303054239405,0.29740169405221,0.30687680736751,0.316799354951155,0.32726658244283,0.338303990754011,0.349920062542159,0.362107905997718,0.374751625704622,0.388015959883068,0.401919983394958,0.416560072909112,0.431883960038356,0.447930975020903,0.464876159533553,0.482646358333608,0.501081721679684,0.522057879380709,0.543648912609458,0.565553859944788,0.587852878598036,0.610357501994804,0.632758090444631,0.654769204935396,0.675843389861872,0.695533900046991,0.713118766415593,0.727770726992011,0.738612894233591,0.744803112323629,0.745333273363106,0.739323943136785,0.72598581490691,0.704767384915168,0.675455636031106,0.638231885704222,0.593359888355739,0.541350705286494,0.483112625784167,0.419468322099958,0.351600791252753,0.280527111823839,0.207437086295421,0.133133182385072,0.0584959699550549,-0.0157531624843339,-0.0889849376589488,-0.16081375485526,-0.230926143971006,-0.299084899940063,-0.365016102317079,-0.428505153135831,-0.489277302260247,-0.547100183885155,-0.601405208295148,-0.651493490831636,-0.696690808474479,-0.73607785857675,-0.76887209196368,-0.794370396870437,-0.811354237954009,-0.81932495645969,-0.81800765633522,-0.807334333560518,-0.787679091071553,-0.759480562330555,-0.723990931135625,-0.682713142810561,-0.637474438996976,-0.590301281172562,-0.542869727297433,-0.499885746450047,-0.460818459507362,-0.428890676887431,-0.407176808785605,-0.393763474550823,-0.389489927539306,-0.394479217268982,-0.405656393970996,-0.424099995939782,-0.445998872147602,-0.470195802372923,-0.494996007164946,-0.519283268875634,-0.540341470703108,-0.559236327801481,-0.573513390408399,-0.584307676313575,-0.590705814118723,-0.592802920430943,-0.590779432139255,-0.585800981509062,-0.577563375699691,-0.566776011843731,-0.553583960334054
0.239822099760969,0.246755384355126,0.253985708533245,0.261510765075728,0.269308350344297,0.277458722217512,0.285994046083617,0.294872752014894,0.304089510002479,0.313704498210866,0.323783377181758,0.334378110080669,0.345554931994844,0.357175062243734,0.369278340589622,0.381957426176818,0.395137028296495,0.408902652534896,0.423270831865583,0.438272363970584,0.453935245923257,0.470208011975443,0.487601729648673,0.505540889502271,0.525505755691091,0.545135402589582,0.564746678035798,0.584356245670754,0.603546013653126,0.622074551851793,0.639435795845077,0.655171355759044,0.668698505560045,0.679331704931455,0.686393154555496,0.689127608854612,0.686771581089045,0.678698695315914,0.664302441641975,0.643171840806981,0.61518381530051,0.580434289528592,0.539204628667173,0.491881398899402,0.439064761673538,0.381554598069272,0.320210521031455,0.255853882419408,0.189537267943899,0.122030865231617,0.0539082141885899,-0.0140968211226007,-0.0813647215672796,-0.147697501974404,-0.212458038930958,-0.275454925787045,-0.336413525365256,-0.395026461602105,-0.450978484773287,-0.50393835625068,-0.553523673627748,-0.599062282733484,-0.639895248046308,-0.675405675549652,-0.704946145680452,-0.727922400765429,-0.743753795115186,-0.751776314730846,-0.751971792214285,-0.744373282154052,-0.729332120434486,-0.707408367033977,-0.679649232229083,-0.647419830680001,-0.611596520863476,-0.574968720742543,-0.538004603285152,-0.503912504802705,-0.473912739319348,-0.448512784980606,-0.428920018633953,-0.415883544434547,-0.410055895856969,-0.412503139144481,-0.41861754102887,-0.430217717201906,-0.44573795927207,-0.46396800142755,-0.482835401165879,-0.501938198784816,-0.520691183372575,-0.534206644090772,-0.545745444221527,-0.554617938861117,-0.559913961550479,-0.561594107929633,-0.560254713802332,-0.556107066766569,-0.548408234586023,-0.539031038062653,-0.527271975861832
0.238247831044117,0.245044779194548,0.252121081138103,0.25947668553697,0.267087215435949,0.274999367127746,0.283284685604402,0.291915539903113,0.300859373818288,0.310150942822129,0.319852958074752,0.329999916234806,0.340632759782486,0.351725798844703,0.363255025522194,0.375245035916658,0.387710924643798,0.40061756439144,0.414027920509426,0.427964495403342,0.442360318131187,0.457110674014243,0.472981633809217,0.488849236707102,0.506448715389281,0.524294992351052,0.541610389737491,0.558641728853843,0.574987213198515,0.590453521239551,0.604606692400738,0.617007888775139,0.627140949252144,0.634467395532739,0.638479936841767,0.638508819101532,0.633973724011991,0.624361078056104,0.609255643278466,0.588404062841159,0.561747622688423,0.529299025114326,0.491199542291147,0.447834635889181,0.399724655610757,0.347468897149958,0.291698043605675,0.233238406208335,0.172894774817868,0.111326339694994,0.0490810378038228,-0.013205847936226,-0.0750642890125208,-0.136142452719965,-0.195847931919882,-0.253969459866167,-0.310206796196643,-0.364293671250256,-0.415828687174567,-0.464401323644796,-0.509707486057445,-0.551276559167228,-0.588449255534106,-0.620827723206814,-0.647763360442352,-0.668873485959037,-0.683902015534116,-0.692234183315463,-0.693956481510626,-0.689147085557642,-0.678207887751491,-0.661576682593225,-0.640511320576403,-0.615065248059826,-0.587332541726151,-0.558559886991372,-0.5306741887904,-0.502481312225958,-0.477923658679675,-0.456383274052398,-0.439399169167178,-0.427648981674503,-0.421749091212789,-0.421281741202937,-0.424945319764622,-0.433007532737208,-0.444680537260981,-0.458108396904134,-0.47252634868079,-0.487005824720673,-0.500807605697349,-0.512329227973428,-0.522034408092752,-0.528987555726588,-0.533066945984878,-0.534431049851125,-0.533167855712598,-0.529330003007752,-0.522717026572471,-0.514242568612314,-0.50383422390638
0.236401698287553,0.243045804146236,0.249953027065609,0.257126217554386,0.264544018733011,0.272227629220285,0.280231695876416,0.288568245810534,0.297211812092345,0.306162527641719,0.315484811079981,0.325188319325295,0.335289481534368,0.345847445491691,0.356716139607494,0.367966354612166,0.379702196179371,0.391789425201391,0.404266137259505,0.417160314714527,0.430348247616693,0.443919887314824,0.457697067290264,0.472160336349667,0.487299184796742,0.503192356007829,0.518475373782568,0.533218220511349,0.547145440101413,0.559975908086177,0.571360844765798,0.580942252330896,0.588308367960098,0.592954997233346,0.594532078069018,0.592450604027799,0.586279437323641,0.575618777072069,0.560160114081936,0.539727444829325,0.514248460866007,0.483734687578936,0.448353413668396,0.408460481985522,0.364415778290105,0.316650450404028,0.265844907377463,0.212596365352264,0.157528570208844,0.101268107640508,0.0443465272023532,-0.0127791072312956,-0.0695660858928481,-0.125725706056984,-0.180770147577814,-0.234416963359545,-0.286311065671405,-0.336179630391805,-0.383656830154361,-0.42830350099176,-0.469898054708357,-0.507969392709426,-0.542088933145278,-0.571806523581537,-0.596715919417297,-0.616427247073821,-0.630811665828503,-0.639559893843473,-0.642644535937811,-0.640585688096792,-0.632732467528931,-0.620537146682475,-0.603045142377758,-0.585313214661357,-0.563576778229888,-0.540990851651477,-0.517417114102796,-0.494764942866532,-0.474641984142009,-0.456743066280754,-0.442884208567125,-0.432775586036478,-0.427097264566322,-0.425435786021144,-0.427818265682146,-0.433400194157106,-0.44199619537796,-0.452196002157686,-0.463007814003764,-0.474386362146739,-0.484764978586842,-0.493630214734841,-0.501327165792693,-0.506749229066575,-0.509881952052024,-0.510607749767066,-0.509089787750667,-0.505524793556305,-0.499742350634669,-0.4920289572365,-0.482576964297038
0.234316175448934,0.240786172094241,0.247500809720071,0.254473282564609,0.261680369628478,0.269123101404399,0.276848007917991,0.284883720041733,0.293206795952191,0.30180525447789,0.310676644205315,0.319941398732035,0.329371121676448,0.339418612210092,0.349711019233094,0.360317673267339,0.371276021565826,0.382549206590692,0.39409895484989,0.405899226381914,0.417947281423698,0.430269300046822,0.442851421916712,0.455498261912193,0.468194094074145,0.482235542651131,0.495502298876924,0.508174312671412,0.519964364355561,0.530544273631981,0.539620162704061,0.546869607727057,0.551956037689138,0.554495670416938,0.554101032133638,0.550393665056433,0.543004963909876,0.531622914246064,0.516023842950032,0.496083124433417,0.471736345260434,0.443085440010834,0.410186849595225,0.373385640481978,0.332813503488431,0.288983084378891,0.242495855981571,0.193820182061723,0.143482917962156,0.0919871537371811,0.0398498108798534,-0.0125935781356546,-0.0648336868051089,-0.116522147852871,-0.167285434826951,-0.216766235208882,-0.264612827483317,-0.31053019038695,-0.35428901551395,-0.395419673665401,-0.433679928194947,-0.46874054345915,-0.500199793801469,-0.527703445724877,-0.550915890744086,-0.569835333338104,-0.583793186445759,-0.592349014934121,-0.59614366342911,-0.596416409907493,-0.592019396534974,-0.58276397333842,-0.571238161985762,-0.556220752615387,-0.539429263998477,-0.521075608689792,-0.502652899504203,-0.484727642100907,-0.468167846895803,-0.453916949571234,-0.442193402235072,-0.433719386146933,-0.428323817915776,-0.42652350595687,-0.427656848214495,-0.43160501740241,-0.437661621831935,-0.445436485374178,-0.45380070456475,-0.462156356142444,-0.469726714588265,-0.476942732071505,-0.48293137077066,-0.487025022471518,-0.489249001018025,-0.489474849901832,-0.487716891819266,-0.484131368899377,-0.479130500179353,-0.472069988153245,-0.463389552990844
0.232011711163374,0.238304401054067,0.24482386787046,0.251574926988988,0.258546636612935,0.265731606850684,0.273169198114534,0.280886253834404,0.288873356239367,0.297098463873247,0.305567401450989,0.314338629029902,0.323428094539348,0.332869637063943,0.342451157316661,0.352305152232132,0.362519093736736,0.372974035173187,0.383556933256399,0.394349921415074,0.405325242745576,0.416428777407806,0.427541726374605,0.438936814635414,0.450057944975688,0.462013798389077,0.473278957208072,0.483961822186306,0.49372304734858,0.502288772830612,0.50934453260064,0.514626787077492,0.517837736140307,0.518730500666338,0.516814452264795,0.511859656230592,0.503593385504468,0.491786328389716,0.476274032775307,0.456962495631734,0.433809233795388,0.406779864150975,0.376060213392829,0.34184952791942,0.304416581552633,0.264125219738693,0.221478335271433,0.176856161963013,0.130684156823274,0.0834163913118065,0.0354721983068442,-0.0126441609200723,-0.0607015698859149,-0.108298318808591,-0.15508297388997,-0.200708987565145,-0.244842636381741,-0.287204840425891,-0.327577480412134,-0.365574732766715,-0.400866431078897,-0.433313601435246,-0.462287549064783,-0.488386248922428,-0.509325927888702,-0.527211027554055,-0.540306308098368,-0.550001335839633,-0.555525163682786,-0.557225071548313,-0.554248084334509,-0.54876987248508,-0.539871890045333,-0.528544614357734,-0.515577340270052,-0.501574823082749,-0.487083975700683,-0.472958024290301,-0.459923865970527,-0.448274300881708,-0.438737646127861,-0.431589789719333,-0.426885827384517,-0.42488965042376,-0.425249124848843,-0.427559741210122,-0.432000658187508,-0.437885461301791,-0.444354667747323,-0.450772000578067,-0.456518740200662,-0.461764745104236,-0.466165720625585,-0.46934454476876,-0.47080733469621,-0.470539369267488,-0.468681078607029,-0.46520641021831,-0.460259028207349,-0.453793322979202,-0.445811786883597
0.22949743150099,0.23560389630187,0.241918832998029,0.248445319024185,0.255177830324191,0.26210628561606,0.269236035314181,0.276614169878323,0.284254121906179,0.292117758688975,0.300170227215955,0.308436967879837,0.317037118600606,0.325895512073741,0.334901841823029,0.344100496537089,0.353533046553768,0.363134796036887,0.372852930692649,0.382685768212439,0.392617806398758,0.402573775205253,0.4124481667276,0.422154346649221,0.432047156922374,0.442115424297001,0.45177849028638,0.460687449944756,0.468680598869587,0.475468910469543,0.480784617274439,0.484355195414769,0.485987922423967,0.485373373433224,0.482260254702169,0.476389571899265,0.467534803104842,0.45551410304916,0.440202611455048,0.421523060813172,0.399428445325141,0.373973521729736,0.34530122985658,0.313542177891254,0.278917742474493,0.241840213535131,0.202602097214553,0.161547234862455,0.119094991276648,0.0756421741726669,0.0315903892449394,-0.012704806408922,-0.0569883492479275,-0.10081298321715,-0.143934713171738,-0.186031326509715,-0.226779200423235,-0.265865466970886,-0.303247291958199,-0.338241238532401,-0.371679304201352,-0.401068923080439,-0.428042127334154,-0.451969109288312,-0.472548700553283,-0.488891342287303,-0.502621636599914,-0.512348778039669,-0.519779066056219,-0.520985907185448,-0.520744544040696,-0.517167667143295,-0.511132560364574,-0.503034658964553,-0.493210208575783,-0.482484027008365,-0.471310331689773,-0.460350256821589,-0.449933488565613,-0.44077167718365,-0.43303705388049,-0.42708660936607,-0.423105650420201,-0.421062467408679,-0.420892344818051,-0.422060485924826,-0.425257146958432,-0.429713475353219,-0.434659665733611,-0.439494242834368,-0.44385117034567,-0.447786272319717,-0.450897442695901,-0.452935767291018,-0.453756129384749,-0.453238784627414,-0.451155116806006,-0.44768985084992,-0.442905114797657,-0.436816542021147,-0.429450793342197
0.226780192438382,0.23268488604004,0.238786909201609,0.245082414877788,0.251565191741317,0.258225579975682,0.265063593602166,0.272106341015037,0.279377596548657,0.286874476328423,0.294531795583705,0.302362117673632,0.310401734235629,0.31865136769468,0.327052840110575,0.335601476666248,0.344284219807138,0.353101159051133,0.36200873367423,0.370924627174219,0.379865563309452,0.388723583093059,0.397429922201386,0.406129839623464,0.414274077026457,0.422795299154612,0.430730950438811,0.438385889990567,0.444780672287074,0.450008757658937,0.453823811214951,0.456001070409215,0.456317766655702,0.454553506587388,0.450473920954915,0.443866532649112,0.434570659074031,0.42245596420466,0.407419891948576,0.389399384363571,0.368399536472099,0.344431688588995,0.317584506773025,0.287980024517326,0.255910313854094,0.221659883523389,0.185451663780704,0.147643825498409,0.108569628529326,0.0685708469820826,0.0280237658200153,-0.0128169023149267,-0.0536257133271489,-0.0939579590559829,-0.133797907549653,-0.172725916800742,-0.210389314296496,-0.247382855665876,-0.280886295943833,-0.313753699905428,-0.343608128680528,-0.369942513448503,-0.396636551359314,-0.419300420862273,-0.438196917170028,-0.454714687525947,-0.468139523868694,-0.478301061967782,-0.48524280399992,-0.489081373097018,-0.490089469688524,-0.488600104006671,-0.484735022268395,-0.478956933196857,-0.472036797504156,-0.463964637956781,-0.455538876189376,-0.447029441031985,-0.439028469158496,-0.431574824707414,-0.425795093908997,-0.420829955307746,-0.41736112775514,-0.415195602920271,-0.414744118774527,-0.415352868331635,-0.417752502682075,-0.421254121040865,-0.42485296519298,-0.428359389516793,-0.431613874598912,-0.434474889572711,-0.436645610813876,-0.437810069565174,-0.437915224651609,-0.436983004182948,-0.434857977527204,-0.431488989150462,-0.426841378631532,-0.421056402206609,-0.414164136590394
0.223875684559108,0.229581895490566,0.235456791791754,0.241501468942499,0.24772854523694,0.254116300845215,0.260653703000682,0.267366045663574,0.274270502351573,0.28136099665626,0.288639354321975,0.295846920376759,0.303583797347066,0.311232417764979,0.319041437794234,0.326920036237428,0.334913384093771,0.342982076689948,0.351124888904057,0.359167443225747,0.36712000096145,0.374939323383228,0.382654129565372,0.389915324389961,0.396984006590075,0.404067889141146,0.410948749010051,0.416918675230626,0.422016250164969,0.425936225072994,0.428475732775965,0.429442917996594,0.428649270837869,0.425915447929875,0.421069256923425,0.413948458448655,0.404410516459475,0.392353687314387,0.377686486830376,0.360351835362079,0.340347920020649,0.317724270203024,0.292551367772642,0.264959960894933,0.235169352646234,0.203421334390315,0.169972357621527,0.135092574165279,0.0990369591434475,0.0621791431071496,0.0247774085938319,-0.0128253454398434,-0.0504818750672081,-0.0878083161437455,-0.124478445887188,-0.160349913355356,-0.194715246461615,-0.228368429923359,-0.260868359390467,-0.290906586122695,-0.318719575105642,-0.345199967489527,-0.368896126684463,-0.389941206986212,-0.408463684783795,-0.424123834507035,-0.438319378704745,-0.447511365222502,-0.454965077264349,-0.459826767148079,-0.462090948590564,-0.462117730909501,-0.460264710391679,-0.456733195190185,-0.451827979311582,-0.446199234655686,-0.439913396012737,-0.433523956343215,-0.427345596578802,-0.421871394897019,-0.41700531312843,-0.413233649944522,-0.410346851496123,-0.40866155508533,-0.408027296968071,-0.408437753039394,-0.409713271216983,-0.412193419255931,-0.414813450998848,-0.417380093871448,-0.419624282667561,-0.421612212943173,-0.423020391793673,-0.423632954259039,-0.423282923536654,-0.421902062737508,-0.419547837549801,-0.41621609605238,-0.411813636366506,-0.406313489176535,-0.399806059342968
0.220801186119804,0.226298717073265,0.231949193041563,0.237752993858829,0.243708174133765,0.249811087224135,0.256055842407863,0.262439202820728,0.26894652660773,0.275648755766234,0.282529815209915,0.289376229468213,0.296651635907018,0.303741766002464,0.310929798724512,0.318186025918502,0.325500425279081,0.332832080889854,0.340156684381873,0.347434969723188,0.354502088339033,0.361403049165125,0.368115205829709,0.374448691175844,0.380387063099353,0.386189787172876,0.391673198529741,0.396457843450936,0.400341459358694,0.40307980757259,0.404517120998879,0.404510418542632,0.402858283177538,0.399405412294384,0.393997144621645,0.386503239656447,0.376827717981645,0.364879331563225,0.350585963264028,0.333913835739742,0.31487433536689,0.293512574759383,0.269888443258449,0.244112322910493,0.216403443178601,0.186953681458905,0.155985010126782,0.123757715648469,0.0904384353742004,0.0563670178023749,0.0217308800912666,-0.0136486816302471,-0.047839278003119,-0.0829861234530692,-0.116287415003829,-0.149316831637889,-0.181618578690351,-0.212482694282219,-0.242386293953039,-0.270481855175137,-0.296820544181128,-0.321328832094865,-0.343534168541376,-0.363518670926036,-0.381207215690946,-0.396420431610385,-0.409446865156185,-0.42003382188677,-0.427721879372976,-0.433200576106445,-0.436635231926899,-0.438061475312379,-0.437646060263255,-0.4358912741239,-0.432909516539746,-0.429005339885143,-0.424689609302521,-0.420007184229126,-0.41538545464558,-0.411170289057473,-0.40775440899555,-0.404904256807133,-0.40229135163284,-0.400794692594231,-0.399987525404852,-0.399907233718965,-0.401016013592567,-0.402782582612949,-0.404624815112645,-0.4063876378534,-0.407992041415358,-0.409222621661644,-0.409946022377902,-0.410050155749677,-0.409346175834307,-0.407767977644308,-0.405266185002188,-0.401846138363665,-0.397563794879153,-0.392384839114686,-0.38629517082627
0.217577156103423,0.222865862459594,0.228288365351313,0.233845290827128,0.239536248008039,0.245355550843393,0.251283078910758,0.257321227274011,0.263479799854173,0.26977378929792,0.276226820587479,0.282820672820674,0.289489691969452,0.296100155252054,0.302734256896216,0.309387336263361,0.316052186404128,0.322694324068183,0.329279524377065,0.33578991369403,0.342079715564309,0.348124972390426,0.353902440070742,0.359227522263657,0.363991812990765,0.368889506849306,0.372993228721288,0.376879367326224,0.37978459411691,0.381566589600044,0.382093606911518,0.38121744711481,0.378803767658758,0.374732852315218,0.368879950592851,0.361133638585999,0.3514092198027,0.339638072287602,0.325775397636421,0.309803095104759,0.29170400066757,0.27151655619302,0.249313337737681,0.225236607311359,0.199415439210328,0.1720668885506,0.143356405410971,0.113535884537594,0.0821327432400899,0.0510784301791431,0.0192987334801516,-0.0128293460142273,-0.0447772904290134,-0.076796066392396,-0.108156041571138,-0.139153629908053,-0.169141607108908,-0.198183870501162,-0.225825776486142,-0.25212286005524,-0.276909929048805,-0.299873926767437,-0.320890684021949,-0.339897543780073,-0.356948651639665,-0.371707422747857,-0.384431175186425,-0.394715687817073,-0.402942042438119,-0.409134538626069,-0.413435750525146,-0.415891337559048,-0.416877418596725,-0.416425960353729,-0.414961553567773,-0.412666369404359,-0.409733329070975,-0.406577955257899,-0.403313252622853,-0.40021543648421,-0.397494234876829,-0.395964539089951,-0.393364759947136,-0.39199951756649,-0.391399630492157,-0.391556721088124,-0.392161165932005,-0.393197477909726,-0.394423676259327,-0.395558845422631,-0.396500437663704,-0.397167398939748,-0.397355403231733,-0.397003928501035,-0.396004222687114,-0.394281610620041,-0.391751871444719,-0.388369233790123,-0.384150100448627,-0.379160843420952,-0.373456556703541
0.214228194123308,0.219297214246944,0.224491662439586,0.229802803051448,0.235224270972377,0.240754202645019,0.246384051897022,0.25210284818703,0.257913021363505,0.263803877576602,0.269826972101541,0.275988302442512,0.28219472686206,0.288377353533878,0.294486090952944,0.300575894447342,0.306626136042237,0.312617033032463,0.318517926103832,0.324298535173795,0.329853677214538,0.335095797166588,0.340031845894809,0.344582054777208,0.348642896532738,0.352198434237713,0.355405577496683,0.358251338120598,0.360179247090381,0.361073729806765,0.360836673387836,0.359261988122156,0.356259438029364,0.35173325906688,0.34558321442928,0.337702691887698,0.328038139297978,0.316517413622179,0.303102090648409,0.287779859726898,0.270573478272478,0.251492067318084,0.230619573574868,0.208065257037321,0.183989457621478,0.15840510945368,0.13199360358273,0.103994566853532,0.0760144510557926,0.0470308725409194,0.0172022104468979,-0.0124657276990051,-0.0423199021399388,-0.0719158700271432,-0.101247341732866,-0.129947717093009,-0.15808916286622,-0.185221875667064,-0.211192138374392,-0.235746335033354,-0.258998112005016,-0.280565667134903,-0.300526599352643,-0.318660047240736,-0.334856038318332,-0.349190820206133,-0.36154710353207,-0.371979160185545,-0.380485110960175,-0.387128647892965,-0.392114800302325,-0.395529796514689,-0.397360175810293,-0.398186135359281,-0.397940677785391,-0.396869132741087,-0.395246599519379,-0.393242121370336,-0.391067345106523,-0.388896771225683,-0.386949232652237,-0.385172154292232,-0.383812127219758,-0.382738730802109,-0.381997565299487,-0.382191942787129,-0.382721624996897,-0.383369128924241,-0.384095708124331,-0.38477382874956,-0.385228135870735,-0.385427516899908,-0.385250017175272,-0.384555511818146,-0.383276672922488,-0.381373221690251,-0.378811582289837,-0.375509761327034,-0.371466430572535,-0.366697040531119,-0.361229838530833
0.210762663095723,0.215617104591069,0.220573930429973,0.225632463038535,0.23079178898096,0.236041433617993,0.241373491540699,0.246773994781816,0.252233787710452,0.257768594944415,0.26337460488531,0.269073657483004,0.274856590755749,0.280634040507843,0.286212537145261,0.291795321229508,0.297277707614979,0.302637708878611,0.307884117788083,0.312991652115536,0.317857753644353,0.32240816456205,0.326612598319414,0.330354359341524,0.333637929233897,0.336337088892228,0.338490810354763,0.340528478935861,0.341712075466207,0.341853820169414,0.340913643106583,0.338726424854514,0.335218022163493,0.330310930481115,0.323931467988689,0.316018214894535,0.306449132652002,0.295216901671112,0.282263563183673,0.267507416793155,0.251181416001315,0.23308034189353,0.213317609708495,0.192559881670691,0.170308996695181,0.146857529232528,0.121553618717529,0.096308675444487,0.0698736110765471,0.0428408118904118,0.0151378478965588,-0.012446132949211,-0.0401780625985898,-0.0677585548504806,-0.0950512287284972,-0.121967725805909,-0.148146777216925,-0.173939999317772,-0.197785378753609,-0.220982032583053,-0.242769994572195,-0.263234362673556,-0.282055972155932,-0.299331831186681,-0.314899100663243,-0.328731527743352,-0.340865573441049,-0.35127501672118,-0.35991097052156,-0.366967079672092,-0.372445064925801,-0.376500070405841,-0.379310262574327,-0.380984222737846,-0.381762568761707,-0.381705210610686,-0.381068445808956,-0.380054444385806,-0.378791017329313,-0.377438890968741,-0.376082860732972,-0.374879559840141,-0.373822631262688,-0.37312987268201,-0.372837755292216,-0.37278385199804,-0.373067094979465,-0.37345831137264,-0.37382750270308,-0.37406804220839,-0.374194350246572,-0.37406182238084,-0.373510432522747,-0.372529060199268,-0.371075864276312,-0.369052348100847,-0.366416755797458,-0.363188546659577,-0.359336867057753,-0.354827353136334,-0.349659528043395
0.207188671796604,0.211827148161986,0.216554087346066,0.221365626957407,0.226261062996543,0.231235545359835,0.236274681630288,0.24136516265563,0.246488179472049,0.251669693670871,0.256884147862365,0.262166770484219,0.267461964777323,0.272704074416755,0.277952524896955,0.283046426927884,0.287981361514205,0.292793874952676,0.297450355151991,0.301900425505138,0.306153337338501,0.310027908629877,0.313542348293605,0.316611410476686,0.319200410722319,0.321159787593851,0.322221316734361,0.323645378954889,0.324107965377712,0.323620287764209,0.322085978651141,0.319417436411598,0.315531746439247,0.310360997234649,0.303859014819839,0.295889133310454,0.286421838098801,0.275494935506816,0.262794842230136,0.248705659596682,0.23401196141459,0.216440640346526,0.198138199856522,0.178253519834794,0.157669007075781,0.135618502310793,0.112583425505811,0.0887731525266146,0.0641332647482696,0.0389005670924712,0.013007952687174,-0.0126859027947485,-0.0385114318966846,-0.0641889267807814,-0.0897016077891548,-0.114888218081914,-0.139466207707531,-0.164091991697008,-0.185983174625806,-0.207648177524671,-0.228163489723327,-0.247413774095178,-0.265349075303601,-0.281707287482885,-0.296705265099956,-0.310119795235521,-0.32197879351233,-0.332246103635117,-0.341035689760863,-0.348279420655555,-0.354244277742067,-0.358867854109719,-0.362336376858004,-0.36481246204926,-0.366301301075197,-0.367125437318733,-0.367337684292627,-0.367111883005612,-0.366589410944783,-0.365921082153863,-0.365143374969412,-0.36441257776884,-0.363757229940827,-0.363247624965426,-0.362739302484009,-0.363204038460444,-0.363232186225482,-0.36344031540351,-0.363577096070952,-0.363572942312918,-0.363353294956535,-0.362896664183255,-0.362149591387185,-0.360996030462972,-0.359369648974162,-0.3572610151799,-0.354632748995317,-0.351457353866777,-0.347725893318225,-0.343442319260626,-0.33857834826363
0.203516263151805,0.207944187073474,0.21244622327114,0.21701804893016,0.221651060985945,0.226348793472532,0.231100973709582,0.235893162102507,0.240697460372169,0.245530747588776,0.250374758547226,0.25526379507907,0.260153497928975,0.265087843458389,0.269709548557272,0.274321748259467,0.278788153569805,0.283109117773287,0.287235278270597,0.291085639874288,0.294704521637181,0.298023773411235,0.300925230336013,0.303324760472908,0.305322861638849,0.306782639225319,0.307413176638812,0.307550647091936,0.307520575598351,0.306473772569307,0.304375764900026,0.301248929155773,0.297010018544822,0.291634483047094,0.28505426691538,0.276898162171306,0.268219171831883,0.257356298086687,0.245519079127878,0.232167612182349,0.21721641018985,0.201431172373942,0.184440848757618,0.165953522706584,0.146329544821607,0.125694451125042,0.104084393885418,0.0816654975233513,0.0587126551659909,0.0351569100714294,0.0111820568375749,-0.0129886302645098,-0.0370831784984134,-0.0612310959230433,-0.0850332815734034,-0.108540070274108,-0.131408541948198,-0.153604618497011,-0.17511095971344,-0.19553181485041,-0.214852794306145,-0.233097471107377,-0.250081048731514,-0.265803524260013,-0.280115026094495,-0.293079055244404,-0.304603333345572,-0.314789574370729,-0.323595494696756,-0.331121878894139,-0.337344727358981,-0.342447580463546,-0.346448771743417,-0.349468576212405,-0.351657538313237,-0.353129478511486,-0.354057742921865,-0.354483964955173,-0.35460514849162,-0.354486713334249,-0.354231076408929,-0.353874353063484,-0.353538820468719,-0.35323725506202,-0.353176890336301,-0.353121680706504,-0.353320410177237,-0.353364375273434,-0.353332853070188,-0.353168545624842,-0.352781371414916,-0.352100016556918,-0.351120742180258,-0.349831599223205,-0.348133230189564,-0.345983160675008,-0.343369166046465,-0.340282557034732,-0.33668328289915,-0.332575235594463,-0.328008267219565
0.19976361596208,0.203982961810654,0.208262312207487,0.212596769734795,0.21698085950111,0.22140763459271,0.225875458250742,0.230374848447322,0.234882780251975,0.239381809895356,0.243888455865236,0.248375111157444,0.252852105821167,0.257184392063047,0.261748747572199,0.265783568463141,0.269800627025328,0.273581919575203,0.277217838447231,0.28059008008246,0.283641317317262,0.286368161309316,0.288752487356354,0.290597236615027,0.291949820378902,0.292750232691517,0.293102835931158,0.29248270600428,0.2918076371034,0.290373832103044,0.287641011091783,0.284205044202242,0.279620654670511,0.274073121292651,0.267658912272366,0.259525388725272,0.251038361338115,0.241126903532409,0.229678018032622,0.216890973117309,0.203046804897699,0.187917589792765,0.171578028215867,0.154158117436773,0.135735445296788,0.116333072232058,0.0961085188288102,0.0751128923571444,0.0537597623467563,0.0314648257099872,0.00915435992521261,-0.0133207335869419,-0.0359898899126084,-0.0584989575162657,-0.0808590502467302,-0.1028709231115,-0.124310603435474,-0.14519800671639,-0.1652657234953,-0.184502514350211,-0.202764946333605,-0.220033310083125,-0.236211520377685,-0.251226600233497,-0.264996507363868,-0.277469038486044,-0.288724018022557,-0.298753100379692,-0.307553880710844,-0.315184904472596,-0.321644782797195,-0.327029897473198,-0.331437413693433,-0.334909347039918,-0.337652181646169,-0.339709876592997,-0.34118218135688,-0.342167601724795,-0.342829350503446,-0.343186920554015,-0.343322176555266,-0.343312732149919,-0.343252436478138,-0.343165357961991,-0.343211032192865,-0.343306634657806,-0.343393385115093,-0.343352540820589,-0.343210816673433,-0.342898856905052,-0.342401669703319,-0.341644662861189,-0.340548326328897,-0.339108719036675,-0.337333462697099,-0.335199009175342,-0.332632987506436,-0.329621164584447,-0.326162091206525,-0.322281221154641,-0.317935003326464
0.195945904064922,0.199948367206007,0.204006116916822,0.208109338001836,0.212249272200914,0.216418870237883,0.220610828856872,0.224823652429988,0.229047628307142,0.233241260146673,0.237409202929463,0.241534613228506,0.245615553855992,0.249656039830133,0.253574302687138,0.257326602608342,0.260886710964536,0.264280059200961,0.267431640065083,0.270317745327741,0.272860180139099,0.275172655952421,0.277005135975567,0.278411554939001,0.279311194438542,0.279664546828333,0.279420478255201,0.278424381589465,0.276932705530413,0.27497759649863,0.271985254211155,0.268234393094892,0.263812166107878,0.258345065301175,0.251219487157293,0.243969075287487,0.23548494166771,0.225520301159525,0.214715622408536,0.202593049068945,0.1893598628293,0.175014957010644,0.159591612498414,0.14315783453288,0.125760351914965,0.107577914929549,0.0885502000001123,0.0689845333494005,0.0485741146266533,0.0279334470309553,0.00709742130438481,-0.014017091479288,-0.0351928043846685,-0.056239609960328,-0.0771842946804912,-0.097679291997559,-0.117871247149278,-0.137487486487336,-0.156380202132745,-0.17449502201923,-0.191774239795439,-0.208159773710855,-0.223536361990013,-0.237872262229629,-0.25103374981196,-0.263126282960189,-0.274075720929732,-0.283919263601993,-0.292681746777809,-0.300321777853,-0.306959477937223,-0.312542595332599,-0.31723650868137,-0.321126764158237,-0.324286243112966,-0.326785603381556,-0.328716135433798,-0.33019289312176,-0.331260544395468,-0.331976364340847,-0.332484441969637,-0.332838415498327,-0.333081192836795,-0.333258479303637,-0.332968853075631,-0.33347543051368,-0.333499772125509,-0.333444049682514,-0.333241995633628,-0.332863792189905,-0.332268569741796,-0.33142828201908,-0.330311224299123,-0.32883666276389,-0.327010266166538,-0.324840521382555,-0.322337393005073,-0.319422569805956,-0.316133831187576,-0.312432606345203,-0.30834338813611
0.19205893433721,0.195858615410719,0.199696619172319,0.20356974820462,0.207472007012054,0.21139443196335,0.215327689197789,0.219262844015924,0.223189470133797,0.227093478742072,0.230952529423911,0.234775762461868,0.238498928922653,0.242123314569068,0.245651989015652,0.249034621885879,0.252188002188698,0.255136599011241,0.257850995182647,0.260315582197769,0.262472173376589,0.264250863691758,0.265708863031606,0.266621331954,0.267079701481561,0.26700267075113,0.266304599787937,0.265089783174705,0.263238581500976,0.260414052887483,0.257332858838199,0.253837495693312,0.249222211202623,0.243469135052422,0.236816909347512,0.229381705254377,0.220850980932986,0.211334499967006,0.200750140511633,0.189178418927231,0.176527917382469,0.162862572390867,0.148242708919054,0.132798804254404,0.116431098789985,0.0992621269009036,0.0813975973237812,0.0629061367910175,0.0439589978755254,0.0247009971368036,0.00507311889226991,-0.0147187075051628,-0.0345574344619608,-0.0543274541789585,-0.073851226986435,-0.093157818441139,-0.112079138344374,-0.130450898474564,-0.148279601002852,-0.165358577668549,-0.181736802828191,-0.197224748454621,-0.211849526313644,-0.225490536552844,-0.238191565997004,-0.24983094134322,-0.26050750893342,-0.270145828693748,-0.27877547302553,-0.286442326337286,-0.293093961511306,-0.298881135953277,-0.303806157192924,-0.308015161741039,-0.311473485770609,-0.314356056044483,-0.316660097267906,-0.31849406703116,-0.319908793397608,-0.321028853115133,-0.321859600517746,-0.322468551788046,-0.322940114706275,-0.323198777400064,-0.323069501214755,-0.323634987345277,-0.323737071674707,-0.323662293898927,-0.323432323194314,-0.32302036489211,-0.322391830295695,-0.321505608185607,-0.320336260760266,-0.318899953064996,-0.317134553393138,-0.315003178844628,-0.312496686440318,-0.309689158366996,-0.306561402432534,-0.303069722759973,-0.299203614968663
0.188130202086861,0.191730707181363,0.195358940593507,0.199011101505537,0.202679653260876,0.206357217529878,0.210035451460816,0.213700914043459,0.21734880397601,0.220970943616197,0.224543413486057,0.228061558556477,0.231452228261104,0.234651867763182,0.237866665663107,0.24082650490542,0.243611988508929,0.246188047085382,0.2485016952605,0.250567142200016,0.252281865791494,0.253671710174342,0.254719454982246,0.255307559304658,0.255383367375864,0.254944136330307,0.253928435241739,0.252393506034799,0.250219866559596,0.247446254391067,0.244210233361261,0.2401549376679,0.235312221102821,0.229807724523913,0.223251850466516,0.215769217808897,0.207397143753845,0.198076043295734,0.187836875163537,0.176669591174083,0.164587653525031,0.151617555362953,0.137688465558605,0.123046326168648,0.107600841889273,0.0914994047071744,0.0746778752288047,0.0573341490117667,0.039540211081403,0.021392171110687,0.00304935049630663,-0.0154393169557276,-0.0340231479122088,-0.052542212205635,-0.0709030163636705,-0.0890281664399949,-0.106741861255174,-0.12408305469764,-0.140826857995847,-0.1570448872815,-0.172474877227929,-0.187193140056974,-0.201042385703665,-0.214100785370724,-0.226275880519156,-0.237571234381001,-0.24789871400895,-0.257314378253122,-0.265798599857869,-0.273362093194441,-0.280083579669833,-0.286002783432541,-0.291125503548266,-0.295519564455516,-0.299268256113238,-0.302433398656533,-0.30500572135286,-0.307143620030087,-0.308905105194916,-0.310365442389612,-0.311446471826241,-0.31228621120571,-0.312975447598272,-0.313442440685448,-0.313715491543266,-0.313746739241296,-0.314154524891938,-0.314066565109659,-0.313831781607886,-0.313432162835231,-0.312785307314038,-0.31188851751594,-0.310737611271055,-0.30929506036714,-0.307569953323287,-0.305533900557467,-0.303131533033868,-0.300452331148185,-0.297424211752594,-0.294123948555942,-0.290507048229461
0.184193986790425,0.187596241766095,0.191021317735929,0.194457987136307,0.197900490852425,0.201336374742761,0.20475969007452,0.208171898332869,0.211555708061898,0.214899294395533,0.218194625400646,0.221427605035148,0.22445090626216,0.227478683807979,0.230179448267218,0.232834489001425,0.235254752415851,0.237448291654185,0.23940109777452,0.24107512773455,0.242436724937629,0.243465906084653,0.24413067110037,0.244395687592373,0.244197559531641,0.243449543372496,0.242200533640793,0.240415482892711,0.238072124205396,0.235177530114859,0.231649979392144,0.227455733760577,0.222487957663953,0.216750953134855,0.210481287419779,0.203092061575217,0.194807732953887,0.185761705591712,0.175816231815076,0.165076756235479,0.153514249482259,0.141118724995672,0.127995110547804,0.114059190774667,0.0994428428933136,0.0842285744902466,0.0683938292059046,0.0521047325121067,0.0353892455780832,0.0183998031586632,0.00119337438043262,-0.0161865313412132,-0.0335916571486653,-0.0509728064492934,-0.0682527401587837,-0.0852445879298759,-0.101958191260973,-0.118223982389364,-0.134101444153419,-0.149322797679723,-0.1639927083455,-0.177894220953875,-0.191149438405767,-0.203603316424534,-0.215298458331064,-0.226169494347465,-0.236197498204712,-0.245361257004787,-0.253641145408239,-0.26114973508176,-0.267886615234404,-0.273841609007458,-0.279099491919251,-0.28366470801535,-0.287634992075407,-0.290976856039823,-0.293719485393132,-0.296180294048915,-0.298293343117264,-0.299929806589325,-0.301314137521676,-0.302383588714562,-0.303208850588868,-0.303774499072881,-0.304196816766014,-0.304572811287364,-0.304816573555163,-0.30473959991991,-0.304502453707191,-0.30410992658159,-0.303463432794941,-0.302592531213898,-0.301471528971967,-0.30007645276748,-0.298399658572236,-0.29641320178808,-0.294168611224617,-0.291651496032301,-0.288759969447974,-0.285599398662205,-0.282167987152038
0.180242831226523,0.183457062689156,0.186678489348666,0.189901727513971,0.193123114303184,0.196334794315968,0.199526511243917,0.20268466304422,0.205805222167867,0.208870361054836,0.211866417371908,0.214834940748988,0.21693664837546,0.22025718227029,0.222739427324644,0.225044051604165,0.227110085012995,0.228976955010859,0.230603815957961,0.231925607537098,0.232953323187408,0.233653815216603,0.233994857929607,0.233935479034397,0.23345220419064,0.232507584948418,0.231008866445105,0.229017036397885,0.226480130479292,0.223385068764878,0.219754485796625,0.21548331470617,0.210493237474012,0.204791284519793,0.19845526069289,0.191263453842435,0.183183087067359,0.17433958716899,0.164759935749018,0.154376274043585,0.143281078955333,0.131454802601433,0.118925458417467,0.105705421743914,0.0918969271578548,0.0774967211524297,0.0625316181717406,0.0472233163828632,0.0315169023443489,0.0155427536730809,-0.000653326401150753,-0.0169275847606931,-0.0332891860771833,-0.0496441453743443,-0.0658411566776344,-0.0818751542736671,-0.0975611021082116,-0.112972255248954,-0.127854102756962,-0.142301006910446,-0.156121660265781,-0.16942962061488,-0.182014728131505,-0.193964473509524,-0.20515458726281,-0.215612944189228,-0.225300395670822,-0.234172195707275,-0.24235146933351,-0.24974672056687,-0.25642988030773,-0.262400196283052,-0.267730358730659,-0.272420152860696,-0.276509641676306,-0.280064037797215,-0.283015840107835,-0.285817248173647,-0.288033985088319,-0.289895106514119,-0.29143018209846,-0.292659237024726,-0.293643162868556,-0.294341816499912,-0.294901930324058,-0.295271552225362,-0.295672740797435,-0.295584984059962,-0.295391024803712,-0.295022810383975,-0.294444539030823,-0.293606890301731,-0.29252554294917,-0.29119915657925,-0.289582913992185,-0.287704742155951,-0.285555777910133,-0.283150200123345,-0.280470518644862,-0.277487714756421,-0.274256641482737
0.176263244344278,0.179291470064968,0.182319129927493,0.185341644807141,0.188353202684156,0.191350090298078,0.194313552678494,0.197231767650856,0.20009198576378,0.202895352105528,0.205620903154976,0.208264285773976,0.210840895780254,0.213208917495146,0.215385897207521,0.217396353212519,0.219192460456392,0.220736698826898,0.222034127371454,0.223074117047721,0.22380973996851,0.224217424165109,0.22427232504247,0.223922791074661,0.223180706821344,0.221995378490507,0.220312366750052,0.218135581051174,0.21547702199833,0.212303883921622,0.208479188113639,0.204137100360336,0.199132505173286,0.193459905331782,0.186852191079693,0.180121325589474,0.172331093816569,0.163732736725688,0.154467332156525,0.144539709165598,0.13391167273186,0.122574314383193,0.110591528918491,0.0980365327504161,0.0849335098738483,0.0712893246183364,0.0572117180009205,0.0427092105410424,0.0279220228901657,0.0128958947728446,-0.00232548399537332,-0.0177372841515531,-0.0331028358010754,-0.0484162371197672,-0.0637132514713368,-0.078762520200691,-0.0936341187271574,-0.108086799670131,-0.122197435836818,-0.135805578938798,-0.14899565995581,-0.161591865904704,-0.173660768281231,-0.18504122323677,-0.195788740914341,-0.205814574406377,-0.215145481037564,-0.223822601355123,-0.231797118408678,-0.239084672214624,-0.245688514762077,-0.251651792322395,-0.257002659106828,-0.261726608771874,-0.265918033931622,-0.269660367036951,-0.272919924079421,-0.275721820523993,-0.278113912508965,-0.280172548705853,-0.281814414033049,-0.283243028659106,-0.284334247727939,-0.285172565444243,-0.285792103658909,-0.285949065842702,-0.286553661474596,-0.286668053100371,-0.286544447069992,-0.286209932828914,-0.285677340721514,-0.28492236294104,-0.283890310564463,-0.282615940532634,-0.281089085275201,-0.279326098433494,-0.277305586695487,-0.2750097966573,-0.27247651579892,-0.26970852309748,-0.266690158889831
0.172262231599891,0.17511091420061,0.177955061387108,0.180785289648464,0.183591998388909,0.186366564186116,0.189105532995662,0.191797866431461,0.194430918713648,0.196992259351699,0.199474989095732,0.201866132218789,0.204132318754377,0.206244158677819,0.208176221933199,0.209919527149391,0.2114501626833,0.212731608298323,0.213754055241163,0.214537240864698,0.2149880987577,0.21514933915259,0.214957253878564,0.214365213840687,0.213384735018666,0.21197935167563,0.210128816300369,0.207800686290822,0.20502159461754,0.201737903200629,0.197890697840485,0.193482981875417,0.18852379184007,0.182855020655606,0.176605658402019,0.169690146791424,0.162085803768732,0.153869158691534,0.144976805959255,0.135361987446945,0.125148342109384,0.114358987561259,0.102968545924281,0.0910174109772156,0.0785206143528838,0.0656138043913587,0.0522926238541666,0.038618227698046,0.0246566376393484,0.0104396492436974,-0.00389067588708356,-0.0183713969662149,-0.0328717779822398,-0.0473788741479935,-0.0617676853252298,-0.0760080414553927,-0.0899664939215802,-0.103645904719193,-0.116973058708083,-0.129933469920071,-0.142408854180338,-0.154439911272286,-0.165891984249943,-0.176806121276661,-0.187075308077928,-0.196721356031722,-0.205764119989551,-0.214163039033375,-0.221928862076881,-0.229080752817334,-0.235602436249088,-0.24153074315713,-0.246840919192916,-0.251645615879393,-0.255934993990729,-0.259740523872217,-0.26309660942718,-0.26600868609258,-0.268557977976225,-0.270734505667986,-0.272572803301584,-0.274080378384268,-0.2752992907514,-0.276293068973275,-0.276974762731806,-0.277425938636425,-0.277823935031466,-0.278006383629832,-0.277945159223486,-0.277685906765507,-0.277241752139779,-0.276522113187755,-0.275566404068018,-0.274358489295697,-0.272910725810843,-0.271257563478433,-0.269349040173129,-0.267189754420178,-0.264826523879315,-0.262209431610241,-0.259391612784462
0.168266514507174,0.170939415423704,0.173598733113631,0.176238139496676,0.178846379342998,0.181417863896311,0.183944004585615,0.186421542000548,0.188839275431576,0.191176554853706,0.193418870055368,0.19556612841886,0.197590899414679,0.199446169122043,0.201145102157682,0.202644856552694,0.203917724592334,0.204959379726949,0.205742406166507,0.206256358434516,0.206480956429929,0.206401598324735,0.205972546108715,0.205172625080254,0.204020219863651,0.202451993479997,0.200439287071036,0.198006622718587,0.195102906524731,0.191709748271003,0.187866127180947,0.183412314767147,0.178443768285071,0.172875105650755,0.166708575116002,0.159946688224471,0.152633513038027,0.144613623102229,0.13601877647359,0.126830862110496,0.117016627688405,0.106690370204267,0.0958214063357416,0.0844642420278452,0.0726256741101082,0.060379545642324,0.0477547510427368,0.0348440321905227,0.0216158654320838,0.00819316596718683,-0.00537128770146805,-0.0190222346489059,-0.0327261425855383,-0.0464188618002066,-0.0599853378990485,-0.0733920892165549,-0.0865947750497753,-0.0995429369628082,-0.112199455564409,-0.124491570068034,-0.136393483849281,-0.147795470896441,-0.158738179622159,-0.169107102930481,-0.178968214614613,-0.188290825481683,-0.197012654275048,-0.205168648051315,-0.212716971430209,-0.219716480130781,-0.226100668809565,-0.23195884460124,-0.237280108191579,-0.242109017218759,-0.24642902228946,-0.250280228397087,-0.253721492648687,-0.256728420848702,-0.259368222125245,-0.261638151993048,-0.26358186757238,-0.265228873579026,-0.26658754008041,-0.267679363539566,-0.268470752233502,-0.268958788219146,-0.269086490892453,-0.269526111975564,-0.269625847570347,-0.269421250381937,-0.26905085346977,-0.26839320553197,-0.267515211358487,-0.266385298716635,-0.265029694432492,-0.263454364927357,-0.261669794782654,-0.259653321238844,-0.257435386459356,-0.254991444195658,-0.252359675752284
0.164295819448344,0.166796146972944,0.169274223122931,0.171723443926288,0.174144406390915,0.176525785948454,0.178857457885857,0.181128337811864,0.183330566309807,0.185449460018022,0.187466791683614,0.189388583153105,0.191194853875306,0.19281822037283,0.194261691300547,0.195543772733235,0.196599702786418,0.197403423472762,0.19797005125127,0.1982713180211,0.198271461306736,0.197985035617527,0.197384711510225,0.196400999244909,0.195067250415724,0.193350139872941,0.1912215960991,0.18868839685703,0.185707494098006,0.182250535662353,0.178304813121321,0.17390044194089,0.168954828342279,0.163484229993582,0.157440601467094,0.15085613608208,0.143695805772854,0.135999134372238,0.127691952889641,0.118831354070925,0.109456385071655,0.0995687459891273,0.0891786315081616,0.0783357894279065,0.0671227966228836,0.0555166949922942,0.0435483366808201,0.0312730588711486,0.018790590493241,0.00613055718593969,-0.0067245734078225,-0.0196327700711149,-0.0325949894511191,-0.0454781742302102,-0.0583212481328417,-0.0709787970165831,-0.0835168934486397,-0.0957940173651235,-0.107802892190172,-0.119469865409185,-0.130765213180373,-0.14164091135031,-0.152032946115669,-0.162008582579509,-0.171463568480243,-0.180412928723144,-0.188832060210331,-0.196723360835612,-0.204099305568014,-0.210904092545318,-0.217160696114699,-0.222955140112072,-0.228225455151412,-0.233029452841643,-0.237359376176029,-0.241273645647171,-0.244747134711295,-0.247826053382814,-0.25054142619346,-0.252892619909294,-0.254936701464943,-0.256667074275955,-0.258125371003046,-0.259302181605629,-0.259958221445798,-0.260935150428576,-0.2614066704987,-0.261319531957144,-0.261575922272158,-0.261429494304881,-0.26112084102491,-0.260549747272545,-0.259726795705626,-0.258696110291817,-0.257429787444161,-0.25596086112992,-0.254284495353028,-0.25240499323556,-0.250314741215551,-0.248036903211771,-0.245578479793305
0.160345326665016,0.162678711930038,0.164994598046296,0.167271684709041,0.16950594250033,0.171703702319287,0.173845983966698,0.175917803052928,0.177911209385008,0.179826595928811,0.181639566564843,0.183338714866442,0.184933948750971,0.186348866612023,0.187600282404275,0.188679237853282,0.189514506026313,0.190101488510317,0.190460481837577,0.190545735843695,0.190362317700887,0.189901504584296,0.189085359311412,0.187977707684008,0.186501333064455,0.184659040031151,0.182426170467153,0.179780208625545,0.176733572612291,0.173218736941976,0.169278830489817,0.164918192896019,0.160041202959775,0.154661617554528,0.148747476103322,0.142274950111479,0.135309896844083,0.127849196628446,0.120149195841194,0.111394205764254,0.102356974140246,0.0928977151721715,0.0830033124441051,0.0727001842228028,0.0619942837229256,0.0509399396733191,0.0396102800393401,0.0279899127189482,0.0161592400905782,0.00414060922423521,-0.0079924027711023,-0.0202286029832061,-0.0324441066542845,-0.0446490922726191,-0.0567709349943152,-0.068814739975625,-0.080655002434165,-0.0923359089867546,-0.103712953771254,-0.114820266409208,-0.12553188709564,-0.135872595093099,-0.145838494426554,-0.155360019389753,-0.164452755106971,-0.173062545452536,-0.181187255322999,-0.188832066026283,-0.195946146385853,-0.202581282370153,-0.20875831230916,-0.214447409383493,-0.219661581228538,-0.224421334693596,-0.228741113867095,-0.232650865958392,-0.236153354542775,-0.239291392399322,-0.242045009118927,-0.244464975428257,-0.246595722354693,-0.248404601643801,-0.249860347630392,-0.251100096475908,-0.252182673630826,-0.253156328904911,-0.253412099505933,-0.253730055922952,-0.253828966549975,-0.253767567095852,-0.253467280303417,-0.252947247183353,-0.252217346495404,-0.251271687857082,-0.250111439065637,-0.248736334778357,-0.247171237077001,-0.24542034322787,-0.2434862474947,-0.241359115358783,-0.239064765398782
0.156410704855066,0.158583527382901,0.160734029202831,0.162849594624257,0.164919918663651,0.166929942647799,0.168883346041564,0.170774335840139,0.172586527545626,0.174303713705463,0.175923068474585,0.177422525855662,0.178810974814619,0.180055530331398,0.181103487842706,0.181979545736594,0.182619169823414,0.183064264835783,0.18317471781465,0.18308834380959,0.182747894422752,0.182112036848254,0.181157351019581,0.179918990523133,0.178300694713853,0.176333676771028,0.174027031222347,0.171301920620523,0.168183040695602,0.164685296541472,0.160780546544694,0.156419199327174,0.151589494448654,0.146280463119115,0.140505108385107,0.134251212495926,0.127511955909352,0.120345230755668,0.112445741909944,0.104396143092363,0.0957318055727379,0.0866889876788504,0.0772097858597846,0.0673799798995526,0.0571981908099967,0.046698671980272,0.0359147874686382,0.0249178356705227,0.0136969825061783,0.00228151131631768,-0.00919748759078344,-0.0207399644981097,-0.0323084997753354,-0.0438743639657861,-0.0553818418863065,-0.0667973375246743,-0.0780561847127777,-0.0890977157098624,-0.0999274896254512,-0.110418604411591,-0.120650955873484,-0.130542090726101,-0.140057016723547,-0.149173636590971,-0.157871362643095,-0.166169982465017,-0.174007242095888,-0.18136299695687,-0.188306876557013,-0.194777653768685,-0.200797053873418,-0.206381169665289,-0.211523343737237,-0.216238090374231,-0.220530047726525,-0.224432325128751,-0.227938049076782,-0.231077818394853,-0.233878798070933,-0.236382295121454,-0.238553130291556,-0.240383573972327,-0.241860956217532,-0.243358195936587,-0.244531951780899,-0.245326469346411,-0.245847904831212,-0.246242033594331,-0.246345485713283,-0.246326513975587,-0.246085835830711,-0.245618332806765,-0.244949824181516,-0.244099557003027,-0.243046519150425,-0.241787022341948,-0.24033201825083,-0.238703766487063,-0.236906849452261,-0.234937058039171,-0.232800490122703
0.152505327286638,0.154527471715847,0.156519206633266,0.158472380476806,0.160375033135699,0.162211455367784,0.163994328166003,0.165704427349419,0.167338158369813,0.168878070492305,0.17031775969388,0.171636999532387,0.172829071313496,0.173891919812816,0.174778374727767,0.175466754169995,0.175943252419845,0.176224112023864,0.176183461462739,0.175920783345436,0.175424620692814,0.174642572549018,0.173557083722064,0.172156574963905,0.170458300389264,0.168402564343303,0.16597963053698,0.163202038194658,0.16007049031756,0.156586403560361,0.152677144642274,0.148343312135021,0.143574867617653,0.138368456423193,0.132713908711663,0.12663180366939,0.12009684553959,0.113121827973527,0.10592694359705,0.0978199304640754,0.089517726705137,0.0808648071890805,0.0718521406732703,0.0624457994788844,0.0527431696487838,0.0427742066241686,0.0325266284604807,0.0220583335066908,0.0113934253274046,0.000623224679809651,-0.0102749225722969,-0.0212017472924515,-0.0321963988589775,-0.0431641243111515,-0.0541002233488223,-0.0649115943159929,-0.0756081376669683,-0.0860954198361477,-0.0963416650941917,-0.106368017353478,-0.116102313754458,-0.125555639742165,-0.134642029091137,-0.143377603979845,-0.151756158427737,-0.159693721635724,-0.16723030892213,-0.174375839965704,-0.181105239876579,-0.187405689888538,-0.193298882482386,-0.198748838983878,-0.203793355197418,-0.208442124960596,-0.212706954028128,-0.216579781255115,-0.220066939621035,-0.223229383578597,-0.226064851696401,-0.228562192131219,-0.230681605608997,-0.23271774827112,-0.234325496110023,-0.23581188694809,-0.237053802830582,-0.237904357278505,-0.238566260742029,-0.238692775183432,-0.238962263795181,-0.23908411517358,-0.238954347856836,-0.238535182967808,-0.23795140055901,-0.237172257162082,-0.236226477436417,-0.235079707168836,-0.233745565962785,-0.232236603940944,-0.23056941170727,-0.228748693163041,-0.226765738217176
0.148653268127522,0.150520814950659,0.152356673422315,0.154155606017452,0.155895152582934,0.157574893846309,0.159191417336738,0.160732937601841,0.162193169861018,0.163563588906818,0.16482213421799,0.165979631170529,0.166992582749143,0.167872981378945,0.168583834515102,0.169126214132824,0.169400785542373,0.169707263151661,0.169384923794323,0.169075488340475,0.168389882790474,0.167460856337418,0.16624609387577,0.164742189818484,0.162933530633886,0.160793622823033,0.158305957670777,0.155522234745714,0.152403144404481,0.148882867853844,0.144994765178484,0.140708416559956,0.136011935661063,0.130907304173572,0.125395333252822,0.119456194741778,0.113092259472623,0.106355906261865,0.0992331230430332,0.0916617794416916,0.0837436654301277,0.0754194778903964,0.0667728968348519,0.0578628725251448,0.0486270109266136,0.0390834148521174,0.0293463469405369,0.0193964082050935,0.00929354214804642,-0.00094260187336778,-0.0112532316195053,-0.0216682587402964,-0.0320977034593941,-0.0425296532849948,-0.0528842484430434,-0.0631767538969957,-0.0732909398923126,-0.0832604672225497,-0.0930325688654151,-0.10259234844976,-0.111889571714504,-0.120874321343324,-0.129588398280299,-0.137970364267696,-0.145962768351769,-0.153625280097822,-0.160910227413644,-0.167805555753529,-0.174334940544567,-0.180460589756839,-0.186192245138362,-0.191527537815077,-0.196486365927424,-0.201051725838342,-0.205238671010201,-0.209066631943688,-0.212564802823354,-0.215717685787631,-0.218507752311746,-0.220955881841926,-0.223125513378451,-0.225354253295947,-0.227080209074344,-0.228573594594756,-0.229818177845419,-0.230740567263854,-0.231323893586781,-0.231864888500546,-0.232132780468985,-0.232200612413939,-0.232001954518418,-0.23169128989614,-0.231195369298922,-0.230500860321229,-0.229645209205795,-0.228612885325911,-0.22740245515214,-0.226010918878616,-0.224464084080838,-0.222773937561402,-0.220943174326528
0.144816826255529,0.146542767359754,0.1482371264322,0.149884101581723,0.151472826745843,0.153000360535928,0.154463476334201,0.155850333526029,0.157148024043116,0.158356279680242,0.159454131423468,0.160440233685395,0.161301132938025,0.162011926775915,0.162557899858579,0.162937839966936,0.163133726520628,0.163104703918807,0.162840019947525,0.162375569631187,0.161622041383407,0.160590247127839,0.159256270378096,0.157658970834057,0.155746753532667,0.153546904703743,0.151050220070355,0.148226992859579,0.145070736055508,0.141555244513166,0.137672215276521,0.133452607462744,0.128850111238243,0.123853992390259,0.11846644413387,0.112697201281071,0.106545702559804,0.0999987113927302,0.0931216094215,0.0858780103205097,0.0782646239498985,0.0702987656442714,0.0620606297925164,0.0534951145582276,0.0447139715015756,0.035650807996769,0.0263740367640997,0.0169002702669642,0.00733030151527244,-0.00239517122454708,-0.0122307274286379,-0.0221127378726345,-0.0320311401140015,-0.041933993960197,-0.0517847228393697,-0.0615206471087879,-0.0711541020899275,-0.0806323439348804,-0.0899654647751815,-0.0990640661812749,-0.107919445075333,-0.116548597991337,-0.124869528929178,-0.132864964492599,-0.140560743454843,-0.147931462457303,-0.154960593842476,-0.161653406549591,-0.16795987668549,-0.17389695008728,-0.179481224879885,-0.184691586787259,-0.189538586341849,-0.194005786047772,-0.198139766902766,-0.201929563614974,-0.205386772795424,-0.208485597273931,-0.211276084321819,-0.213760371637543,-0.216232097766974,-0.218210059268358,-0.219960434841612,-0.221640481854286,-0.222802110658797,-0.223732842705263,-0.224535261099331,-0.225009207732733,-0.225340807628516,-0.225465125399085,-0.225372839162359,-0.225088287070062,-0.224668898398034,-0.224090429472547,-0.223310242294145,-0.222373503412423,-0.221272891258769,-0.219995861975013,-0.218559142588571,-0.216990943741853,-0.215295742335276
0.141019714409779,0.14261167260921,0.144162533884893,0.145667070119634,0.147116123610159,0.148495672803275,0.149812825408562,0.151046053797111,0.152200171857009,0.153256306105984,0.154204321352923,0.155030417444276,0.15573987427847,0.156304472717865,0.156702282757985,0.156944939928862,0.156999753526606,0.15684411940263,0.156487596215686,0.155894895083371,0.155047174266738,0.153865922033708,0.15254131805457,0.150827666431485,0.148870680506022,0.146642865960742,0.144110161543347,0.141270188970854,0.13810184997043,0.134622702584592,0.130813163897313,0.126628731482277,0.122097366185784,0.117203853957183,0.111943487757699,0.106315066183804,0.100353729800601,0.094058295813377,0.0874267474632953,0.080453692313829,0.0731101717358843,0.0655561867493137,0.0575976385346592,0.0494616738842002,0.0410339073845056,0.0324062074215929,0.0235678871018954,0.0146070195126304,0.00545395361976127,-0.00379504151552214,-0.0131559036758858,-0.0225624145419116,-0.0319888515952891,-0.0413914316179198,-0.0507395727258709,-0.0600037271422703,-0.0691733586178323,-0.0782308395460671,-0.0870887014788045,-0.0957727688355862,-0.104255765546948,-0.112474802138415,-0.120435455325353,-0.128111263486893,-0.135498336309339,-0.142606055969508,-0.149386745499351,-0.15582735882732,-0.161944544911942,-0.167719496233293,-0.173136025167159,-0.178207518617697,-0.182923788509066,-0.187316278237627,-0.191388366965422,-0.195107525306164,-0.198475123016486,-0.20158403323745,-0.204095875189042,-0.207041992577847,-0.209345500828453,-0.211384054976471,-0.213215496349969,-0.214796272784108,-0.216043728454696,-0.217053254635573,-0.217875595438107,-0.218428612922813,-0.218847793368408,-0.218974850863123,-0.218972886827176,-0.218777360758351,-0.218463939948748,-0.217926663758507,-0.217223907257079,-0.21634199250746,-0.21532251841122,-0.214147837744173,-0.212832198483928,-0.211387586707627,-0.209819960022395
0.137300016323466,0.138758310814862,0.140172456171527,0.141543236388847,0.142851837315592,0.144090163277539,0.145270068622357,0.146353565093725,0.147366835274998,0.148278154719579,0.149088348480114,0.149772932312947,0.150335566800452,0.150753419784585,0.151037015586021,0.151138129476793,0.15105115440585,0.150795029922441,0.150324428522802,0.149621019448197,0.148660250911888,0.147485245458306,0.146004039442299,0.144318815639779,0.14244115456906,0.140072761126438,0.137477034664162,0.134640713090179,0.131497612347369,0.128031136512636,0.124247620592617,0.120135177029194,0.115700575692284,0.110910217361127,0.105790747543378,0.100345568604566,0.0945643933278573,0.0884578664345143,0.082038266831175,0.0753244966372538,0.0683187646568878,0.0610028406991296,0.0534420861116476,0.0456055408898198,0.0375762956790593,0.0293750017033265,0.0209710767877336,0.012394513624593,0.00368247529948073,-0.00515125127605535,-0.0140500286170938,-0.023001652816296,-0.0319550079858151,-0.0408925122508717,-0.0497743235631091,-0.0586207733689791,-0.0673676220274738,-0.0759637279652387,-0.0844354478450728,-0.0927297952927792,-0.100811791156824,-0.108670389698558,-0.116287138844773,-0.123669990638792,-0.130785178475644,-0.137604732338908,-0.1441267319125,-0.150358793723287,-0.156271826866197,-0.161860190853398,-0.167129572306324,-0.172059475346779,-0.176666942940088,-0.180963294222177,-0.184908523447813,-0.188537276460929,-0.191784025173246,-0.195020570676526,-0.197824673438006,-0.200507644247223,-0.202764682885311,-0.204762951736734,-0.206280981783983,-0.208310768358248,-0.209504521959503,-0.210575063463835,-0.211418068301014,-0.212042939245921,-0.212568288635542,-0.212607339593951,-0.212726247883203,-0.212674164047463,-0.212345440603244,-0.211821054056987,-0.211301354919465,-0.210510231609555,-0.209586116015839,-0.208508745683608,-0.207308418582708,-0.205985914608598,-0.204542795693447
0.133630839234687,0.134961724228949,0.13625309663307,0.137494669974958,0.138671144249854,0.139781497617149,0.140829003980354,0.141781544076892,0.142654643510367,0.143432696645938,0.144101094756493,0.144663147491626,0.145095579370191,0.145387498931046,0.145535016983739,0.145516907172861,0.145323364472038,0.144949310999799,0.144367666156935,0.143562030995747,0.142535073310686,0.141265717633145,0.139775125766939,0.138026592108346,0.136049299940203,0.133771712409873,0.131159570635653,0.128341486467239,0.12520770645443,0.121759760646086,0.118053948002401,0.114008934591891,0.109649858014984,0.104967832159405,0.099973420732267,0.0946902911394525,0.0891035667480515,0.0831924538922875,0.0769921831720145,0.070514766691682,0.0637798808399991,0.0567636968422537,0.0495107593153617,0.0420147735214429,0.0343476840039059,0.0265073491031651,0.0184907127904112,0.0102989417868804,0.00197196071252472,-0.00642650348587272,-0.0149066775959333,-0.0234277764151687,-0.0319342002706918,-0.04042688943486,-0.0489266557477095,-0.0573440312137574,-0.0656697902822587,-0.0738859454361317,-0.0819649944264481,-0.0898796008603955,-0.0975922929117277,-0.105099076222429,-0.112432496370676,-0.119515796985214,-0.126336504639303,-0.132906862967444,-0.139198346212618,-0.145196328203833,-0.150905351287615,-0.156328509053591,-0.161431119210367,-0.166229388474862,-0.170719459794481,-0.174898883607507,-0.178784709961706,-0.182383967376139,-0.185723892633766,-0.1888071239024,-0.191609238202941,-0.194163170892496,-0.196459333825468,-0.198549321042303,-0.200404573589892,-0.201926607056309,-0.203222640058128,-0.204322569335597,-0.205197838954372,-0.205874130664323,-0.206397120907304,-0.206718253588439,-0.207008751968936,-0.206721104660802,-0.206486520136859,-0.206204523780392,-0.205603395597399,-0.204917153378263,-0.204103882154412,-0.203122692853538,-0.202016393103309,-0.200797157199975,-0.199462995521889
0.130018137887846,0.131229366072152,0.132398801225057,0.13351482235246,0.134571726418606,0.135557557632169,0.136476286118922,0.137310174945098,0.13805642233217,0.138706734663728,0.139249459810727,0.139691938211518,0.140005182656521,0.140177921583897,0.140204880808468,0.14007996267524,0.139787593684397,0.139295885082485,0.138610855810205,0.137731447352709,0.136638302945523,0.135324788439347,0.133780221698937,0.131980550281763,0.129930295160905,0.127652624072328,0.125112589218553,0.122283096614249,0.119227464493976,0.115822453663625,0.112158897739967,0.108192719886537,0.10392160956281,0.0993622190334451,0.0945117302222209,0.0893569526970472,0.0839155023004366,0.0782037537608962,0.0722381479926601,0.0660023633596917,0.0595003906930096,0.0527546746845557,0.0458116833221916,0.0386755558635853,0.0313122261457472,0.0238125170752102,0.0161310118172652,0.00830428099413839,0.000377424054032244,-0.0076368119054692,-0.0157317184193543,-0.0238091514410059,-0.0319242441465942,-0.0400500689791215,-0.0481268590738404,-0.0561574444237914,-0.0640955345996046,-0.0719478209377491,-0.0796579479017947,-0.0871955485938406,-0.094579407143253,-0.101803266479871,-0.108807922349784,-0.115605955544648,-0.122175241793131,-0.128485261557708,-0.134529770948573,-0.140331831876278,-0.145851750738322,-0.151073506758667,-0.156023835026732,-0.160702399953195,-0.165072246986306,-0.169152685690365,-0.17295813389699,-0.176498448133344,-0.179784175279878,-0.18282519542539,-0.185613404639934,-0.188130580176563,-0.190414654167914,-0.192485906956134,-0.194270908156876,-0.195837348462441,-0.197180072964549,-0.198315335231053,-0.199207887730179,-0.199937699246805,-0.200460918756625,-0.200850403764351,-0.200985464232207,-0.200980376637121,-0.200826205247135,-0.200545327922949,-0.200000507934135,-0.19946632018367,-0.198776866731058,-0.197908344849068,-0.196905830974153,-0.195785514247739,-0.194550875000954
