0.183894794479905,0.185871856127393,0.187844006860508,0.189819539863505,0.191784598910744,0.193751913038941,0.195704011781605,0.1976535603608,0.199585168753859,0.201509240806213,0.203412809980191,0.205303042896169,0.207170156603435,0.209017503655404,0.210839622991249,0.212638850140777,0.214406527881874,0.216134468790503,0.217839616168448,0.219496903665424,0.221125131837751,0.222714569927207,0.224251787687733,0.225723763490644,0.227071347758635,0.228488246197119,0.229909295321708,0.231101068263545,0.232428077935416,0.233628942461736,0.234748097037253,0.235799811479582,0.236787950903096,0.237709259640729,0.238561161562652,0.23935275462845,0.240068883047706,0.240724862701379,0.241306942799319,0.241816104664855,0.242261736796576,0.242632264029574,0.242935650923478,0.243171768996769,0.243335155611456,0.243436077842696,0.243468984808621,0.243431221715248,0.243335181569123,0.24317302933515,0.242961962267176,0.242692131446211,0.242351203176771,0.241964939987882,0.241494446202889,0.240993177123862,0.240441155631954,0.239861277710676,0.239216191092767,0.238535736060768,0.237805272027832,0.23703199872876,0.236207662183617,0.235333374194719,0.23449338442978,0.233561560629237,0.232629177330155,0.231761291950062,0.230627419932707,0.229566581687089,0.228498743216917,0.227386472838615,0.226134019949779,0.225114326933212,0.223943198982946,0.222754144512176,0.221528753610821,0.220281868233047,0.219007358341223,0.217711162532345,0.216392865485736,0.215051216602108,0.213687450292545,0.212299564914024,0.210890292061953,0.209461298086339,0.208011960389711,0.206540327072313,0.20504825631475,0.203535959303418,0.202002646491311,0.200450854090509,0.198882432548077,0.197296657087725,0.195689482728095,0.194068957435736,0.192432148702706,0.190779942320521,0.189112077173801,0.18742811863668,0.185738757904307,0.184031606298869,0.182316320403813,0.180591886355906,0.178855177073048,0.177110360809951,0.175364612168547,0.173609154549574,0.171850311935717,0.170081622196775,0.168312033727602,0.166544311126381,0.164771477472221,0.163002294911978,0.161230054320826,0.159463253828515,0.157700952367398,0.155937090785373,0.154179070592002,0.152426930712782,0.150682802376574,0.148951149195647,0.147216919545262,0.145499613472082,0.143792680629168,0.142087449901343,0.140394535076836,0.138715630768616,0.13704972752637
0.184964071782378,0.186988754957142,0.189017806511355,0.191040455421931,0.193066398648727,0.195080069104922,0.197094662494367,0.19909232689069,0.20108702437091,0.203061946675588,0.205027546169672,0.206971190601129,0.2088985150264,0.210801784713685,0.212682291655593,0.214538933052036,0.216359274893352,0.218148725175153,0.219906651563493,0.221619113643121,0.223297492993213,0.224931722796093,0.226507517555557,0.228028421623656,0.229595805112491,0.231068634312302,0.232406027018815,0.233699835920605,0.235018009188189,0.236226626108149,0.237380666652028,0.23846796023494,0.239478000731379,0.240430535963088,0.241311545677928,0.242117414874222,0.242860829717539,0.243524870705199,0.244120347237008,0.24464392163271,0.245089308595168,0.245469582006314,0.245773544322501,0.246003808563635,0.246168283208077,0.24625692306575,0.246280702371724,0.246238645165647,0.2461201545037,0.245948836731933,0.245711206341548,0.245406972151272,0.245056894280804,0.244624509172339,0.244143095674305,0.243614621793454,0.243040155602035,0.24243016726822,0.241743425053964,0.241035375571106,0.240279144005957,0.239464773326357,0.238613173947317,0.237738253228414,0.236842195221448,0.235867888935013,0.234836670399752,0.233830876993331,0.232785532756034,0.231729261762441,0.23066070415843,0.22953456765689,0.228385378096806,0.227232528764765,0.226005053059022,0.22476925113246,0.22350687694567,0.222230774429417,0.220930181600193,0.219605486467149,0.218259101610498,0.216887939527033,0.21549528285347,0.214077827127374,0.212641068485864,0.211183011885333,0.209703533792303,0.208200454872377,0.206676660581003,0.205132975470111,0.203571819615808,0.201988761825629,0.200385572813819,0.198765161881371,0.197127204960279,0.195472051264702,0.193800020822384,0.192111843124109,0.190408498995144,0.188695546030581,0.186961739856424,0.185222713535901,0.183464089373164,0.181710060457946,0.179935026503935,0.178156934896152,0.176371424951445,0.174575461359611,0.172777829094957,0.170975568846614,0.169170579705602,0.167362797935385,0.165559933945971,0.163750117371639,0.16194337708043,0.16013921827852,0.158339312341073,0.156545592548492,0.154750040895043,0.152966779721245,0.15119036607534,0.14942296209505,0.147663042876293,0.14591243609967,0.144170671540023,0.142438706521027,0.140718464316694,0.139003331684257,0.137306558754067
0.186028168619219,0.188108950605881,0.190187584830086,0.192270378163218,0.194345617380869,0.196422311022201,0.19848567704707,0.200549092898118,0.202594593785373,0.204634858487561,0.206654489856239,0.208661631867222,0.210646217171925,0.212610498898647,0.214553181496824,0.216467034006205,0.218344833039724,0.220194142101642,0.222009649956305,0.223782767772905,0.22551586590583,0.227203952486508,0.228856041163466,0.230445872121226,0.231990233774631,0.233496609244318,0.234946393126108,0.236325119267985,0.237636720226169,0.238880059111496,0.240077369633565,0.241188514887219,0.242242674352239,0.243217423383906,0.24412265993319,0.244958260444724,0.245713147986222,0.246400286916224,0.24700774539906,0.247537999869051,0.247997615201827,0.248375338242642,0.248681865756884,0.248912550749193,0.249064653288447,0.249151451497346,0.249162487087229,0.249113242478524,0.248975953197609,0.248775898464313,0.248510780731708,0.248193671145421,0.247808852531029,0.247350741563258,0.246842346457212,0.246292543076682,0.245687370121461,0.245034949264732,0.244324406311321,0.243587491997523,0.242783275197505,0.241937007474741,0.241060399390506,0.240156011232859,0.239202081738462,0.238222645284803,0.237224893599676,0.236188109403092,0.235096814321492,0.233975844940861,0.232853493671781,0.231694878200099,0.23050354899612,0.229308277925634,0.228060079263567,0.226797076655246,0.225521359583303,0.224206743018203,0.22287525142677,0.221526628620732,0.220146190601517,0.218744522773776,0.217324567634807,0.215881666847872,0.214414327782025,0.212925370893687,0.21141479920305,0.209880621485751,0.208326329391079,0.206753052109389,0.205159318579781,0.203542556382837,0.201906158326983,0.20025131883095,0.198581614723881,0.196890756357836,0.195182494400013,0.193457529184789,0.191720687797006,0.189970163192204,0.188198108189548,0.186420394817383,0.184631339781823,0.182829474965147,0.181021677265688,0.179203647505872,0.177382799185385,0.175551190941393,0.173711914876593,0.17187352197432,0.170029972541648,0.168185710934065,0.166339402879767,0.164496424308972,0.162653041453613,0.160813233722189,0.158976102216329,0.157143070979955,0.15532257815656,0.153503054594766,0.151690691115633,0.149888965448874,0.148099246984763,0.146310433756106,0.1445374392912,0.142774928965311,0.141022347801721,0.139280427321959,0.137550334462196
0.187091610403895,0.189223937001852,0.191361899741385,0.193496608138378,0.195634064338385,0.197762707520894,0.199892357681032,0.202007770309157,0.20412111622171,0.206215922595669,0.208302342885917,0.210367860628825,0.212416649322039,0.214443424359993,0.216448375926025,0.21842361218453,0.220360745418263,0.222279222987182,0.22414766457085,0.225986824346045,0.227770467901794,0.22952790833231,0.231253395345462,0.232905247118314,0.234416955248509,0.2360100833711,0.237523092564225,0.238944212353881,0.240308166375869,0.241603881607858,0.242822391895816,0.243989243462293,0.245065825413222,0.246076066237361,0.247010496445796,0.24786378730907,0.248648416453618,0.249347928672156,0.249970309115803,0.25051428097491,0.250972795536178,0.251361430259885,0.251664022919034,0.251891128332434,0.252041415650362,0.252110640821585,0.252120718198964,0.252055693011119,0.251888950412207,0.251661916160568,0.251378447922465,0.25104093494301,0.250618658441926,0.250137570038037,0.249603382639588,0.249016826543259,0.248384530470919,0.24768813326146,0.246953286280915,0.246170704172727,0.245332616640734,0.244451626399295,0.243544630134169,0.242602219990855,0.2416115752765,0.240610113326879,0.239556784140405,0.238472755749192,0.237366519206194,0.236230753779794,0.235071996817738,0.233883588910193,0.232656749350855,0.231412219186027,0.230142318863261,0.228850986587363,0.227542187476444,0.226198298976716,0.224846324376354,0.22346310125285,0.222059423666034,0.220629495312021,0.21917758567742,0.217705222211818,0.216207733473972,0.214687690140752,0.213146091860664,0.21158444056473,0.209999312192849,0.208392817245189,0.206765498430407,0.205115247324814,0.203445100464773,0.20175833050409,0.200052663392877,0.198325641464262,0.196580172269987,0.194819959808206,0.193046482926852,0.191255481529842,0.189448247688659,0.187633044917195,0.185807917913983,0.183965017762347,0.182116800726858,0.180261758445425,0.178396402663598,0.176527633149288,0.174651681014326,0.172774421880042,0.17089453379716,0.169006426649298,0.167120649764199,0.165239729323937,0.16336346069886,0.161482244140405,0.15960844842593,0.157741251399368,0.155880654626262,0.15403019202429,0.15218084527426,0.150346465615926,0.148520160738655,0.146702406635695,0.144898213336114,0.143100399153312,0.141311586919867,0.1395398671802,0.137788836141066
0.188148240629633,0.190339403814439,0.192531189964102,0.19472772259627,0.196919496436505,0.19911399166297,0.201298791677074,0.20348289147093,0.205652163738485,0.207816439993569,0.209962080385207,0.212095710582207,0.214207779155116,0.216302614778878,0.218372643223861,0.220410151760833,0.222416194647947,0.224393110926625,0.22632821263673,0.22823186170479,0.230086918327885,0.23186737176751,0.233828278883915,0.235314607072817,0.23695445392935,0.238646415495248,0.240172676833034,0.241641958558498,0.243053810363661,0.244384113653053,0.245661342126131,0.246849610424951,0.247969590406611,0.249009899069016,0.249970556665319,0.250856309285021,0.251655461241521,0.25237691450696,0.253013222142845,0.253564449072398,0.254036991206331,0.254418865393836,0.254727584932546,0.254947215140157,0.255089098918764,0.25515198894017,0.255144750329816,0.255098386461382,0.254871068727266,0.254606564034238,0.25431277276804,0.253939093647201,0.253488235991575,0.25297876069633,0.252413944445072,0.25180048804626,0.251123013445195,0.250397161147784,0.2496236343877,0.248794488703691,0.247916646853745,0.247007735635383,0.246062222869822,0.245071217092671,0.2440617102481,0.243009770342745,0.241925908286066,0.240806708649429,0.239664621394461,0.238501389029966,0.23730711432847,0.236087975137287,0.234833318528759,0.233546391394847,0.232249437165575,0.23093003065069,0.229588555861829,0.228224841458775,0.226835199605117,0.22542292293461,0.223991715841642,0.222531629414297,0.22105006106441,0.219548148490077,0.218022247206822,0.216473779022151,0.214902966304162,0.213310017343845,0.211691872072358,0.21005216552843,0.208391049905944,0.206709402466957,0.205006477138248,0.203283512745429,0.201540928896499,0.199777130164664,0.197995385774077,0.196199066597881,0.194386433210471,0.192555505747804,0.190711375888778,0.188858371857357,0.18699181795911,0.185106489941296,0.183218469962915,0.181324427661503,0.179415148706315,0.177497965131819,0.175594330711715,0.17367506728587,0.17174888187441,0.169831091185045,0.167904877933118,0.165983479090948,0.164064306941653,0.162149724673275,0.160234294914994,0.158330542675483,0.156434379313205,0.154546796198504,0.152668293524445,0.150792472050507,0.148933085747006,0.147079002748243,0.145235489104225,0.143401171474271,0.141587524182268,0.139784990400638,0.138002932587368
0.189201645608295,0.19144789056895,0.193701430855794,0.195953929884316,0.198211531558577,0.200463486936245,0.202716984657821,0.204960047518855,0.207199993110786,0.2094250408378,0.211642830940522,0.213839247440039,0.21602388659527,0.218184661891362,0.220322947789231,0.222420565392148,0.224501988443874,0.226542699879335,0.228547626247595,0.230507271079957,0.232409686451976,0.234260570892817,0.236070867900741,0.237921375089083,0.239596455793118,0.241291567644092,0.242875332725925,0.244400792628229,0.245859267392082,0.247246423403875,0.248556843311843,0.249792602723018,0.250947696763653,0.252021330563789,0.253016751911804,0.253921993010292,0.254749599557628,0.255486262045338,0.256137585225387,0.256702054110249,0.257175272402267,0.257567804004772,0.257865286774847,0.258086884174518,0.258215623998729,0.258265533189997,0.25824026670702,0.258164112377823,0.257829571576402,0.257605061151413,0.257323855008425,0.256909441657118,0.256429006394375,0.255883930633273,0.255291312737086,0.254634400180425,0.253908740298576,0.253149683280564,0.252340861684772,0.251463949250028,0.250548362282292,0.249607202654036,0.24862057902081,0.247589137826677,0.246543771684145,0.24544481713909,0.244314824597168,0.243173169998207,0.241996535230185,0.240795910506107,0.239558781750731,0.23830267188456,0.237058067358568,0.23570244806809,0.234376060029423,0.233031470301939,0.231655853011715,0.230264710097477,0.228847687501227,0.227412948540368,0.225945929846299,0.22445557045332,0.222949183208143,0.221416665312048,0.219862974185966,0.218282216912169,0.216681113511239,0.215055804643638,0.213405742927773,0.211732371096597,0.210039850959768,0.20832552954428,0.206586664272411,0.204826989129236,0.203046953392843,0.201247834507891,0.199429735282587,0.197593766842532,0.195740766648104,0.193870552654748,0.191989147472589,0.190091209269977,0.188183442741692,0.186262185174408,0.184332789969893,0.182389967085131,0.180444097586961,0.178495726149444,0.176534498316507,0.174576704493642,0.172616321806138,0.170653528285593,0.16869109267487,0.166728368528936,0.164765292872916,0.162809594703449,0.160860607089229,0.158913831812241,0.156979451482826,0.155050035029092,0.15313479249433,0.151233092548878,0.149332772930548,0.147442754356713,0.145559625860736,0.14370302263515,0.14185670109644,0.140029074530553,0.138215640280587
0.190245519497881,0.192553724005255,0.194864192049436,0.197182782131002,0.199499444422578,0.201820525557791,0.204135194269077,0.206449890468408,0.208753159690826,0.211052738466615,0.213333126740616,0.215607359299908,0.217854581557973,0.22009227766329,0.222289281360223,0.224469631220489,0.226616471258876,0.2287255418824,0.230795311865453,0.232864993982624,0.234797051944834,0.236705629073715,0.238652161881732,0.24051706255562,0.242280543436886,0.243996808163747,0.245650758229278,0.247229652160426,0.248740079021978,0.250176513814802,0.251534921606877,0.252812183857902,0.254005352214764,0.255119191722742,0.256139122617248,0.257080868499803,0.257924964135392,0.258684499193934,0.259349360551265,0.259923218078484,0.260406539662433,0.260794399059777,0.261097612605476,0.261301980305326,0.261428724987743,0.261453211486418,0.261385636521877,0.261147340298812,0.261207539682767,0.260814818411146,0.260412185317618,0.259956361270739,0.259430327507691,0.258851224440348,0.258225577145595,0.257513332654898,0.256761948518395,0.255961559747916,0.255094576449577,0.254179345666124,0.253223212042077,0.252246044863823,0.251194548016663,0.250138429550639,0.249049668805044,0.247911216352236,0.246745952203489,0.245562047717444,0.24435265665196,0.243104367702688,0.241841735893789,0.240546578480901,0.239313905388746,0.237974426706413,0.236519861804693,0.235154665546285,0.233754432771442,0.232330001753447,0.230883266037419,0.229416810163889,0.227923493159639,0.226411406293162,0.224876059189339,0.223307952969693,0.221724097910205,0.22011414384627,0.218479255771859,0.216822341472131,0.215143981774467,0.213439346481501,0.211711481725086,0.209961399912357,0.20818668421946,0.206389262776649,0.204573761758069,0.202738851083545,0.20088088430615,0.199004418995795,0.197110311825178,0.195202974686127,0.19328191989945,0.191339062794741,0.18938543983768,0.187424248992289,0.185455011311034,0.183469691417024,0.181477060622316,0.17948116653546,0.177482157554421,0.175476695833608,0.173475806549706,0.171474617095138,0.169466749067983,0.167466812548681,0.165464108788326,0.163469976289835,0.161484488746248,0.159492872631217,0.157516082841939,0.155547806316607,0.153593112993474,0.151656369664464,0.149721050510597,0.147790075786263,0.145879969646977,0.143985506211021,0.142110109129691,0.140251493005175,0.138406679584386
0.191283594475928,0.193648981106947,0.196026154165723,0.198404613126146,0.200791156299311,0.203174845019822,0.20556238054738,0.207941741545952,0.21032150844167,0.212685384429853,0.21504719197627,0.217383124935812,0.21971420835397,0.22201272344822,0.224294296808299,0.226543617942199,0.228766595638926,0.230955008802979,0.23309856181027,0.235358772031596,0.237287202900521,0.239227643531418,0.241257343958446,0.243159024664205,0.245001403860343,0.246779316951342,0.24849024193451,0.250130070793829,0.251696333133007,0.253182911161149,0.254591998881849,0.255910944079943,0.257151945372257,0.258295888749683,0.25935906027084,0.260319136602802,0.261196266435158,0.261969962690673,0.262653245267675,0.263236666429357,0.263725235345396,0.264117373050011,0.2644121457517,0.26461618095239,0.264719976878045,0.264727345718389,0.264636922896604,0.264487843842228,0.264319385911907,0.263973421058385,0.263563922021421,0.263058144158703,0.262505615683918,0.26188346895223,0.26121076868493,0.260447873744447,0.259664548482654,0.258812886904002,0.25789476803829,0.256933855694582,0.255951571746307,0.254906891280456,0.253827833678614,0.252731234326188,0.251584713096915,0.250398716869235,0.249206521296336,0.247978965805224,0.246726847887784,0.24544457236072,0.244142779235352,0.242800772129972,0.241383507562667,0.240180412330669,0.238730836019035,0.237315850346122,0.235875076660099,0.234419506220419,0.232942413521559,0.231445783608841,0.229925795136467,0.228385525756934,0.226815628114305,0.225223075624457,0.2236076468733,0.22196919156734,0.220304565054814,0.218615663493945,0.216904785034554,0.21516692470029,0.213404297097158,0.211618259393189,0.209808478849349,0.207976123740267,0.2061223126445,0.204247733953348,0.202349706699426,0.200431669557066,0.198498722081272,0.19654903553322,0.194585194404283,0.192597956848163,0.190602488569634,0.188601292648664,0.186579418754543,0.184552651514915,0.182517022097057,0.180478599647022,0.178429400930073,0.176380106882753,0.174332330500936,0.17228886183326,0.170241455279403,0.168195301437998,0.166155913221611,0.164121018893674,0.162084831204335,0.160060081085254,0.158041523447623,0.156028290010637,0.154033325250721,0.152083959891129,0.15008889743968,0.148130557774959,0.146185551716517,0.144255376002475,0.142352003578859,0.140457839092741,0.13857656700322
0.192307433568004,0.194740460242455,0.197177500136529,0.199627004880612,0.202076646456521,0.204534605224732,0.206987572559821,0.209445461228107,0.21189078965708,0.214338579603266,0.216763126109351,0.219184334167839,0.221586143592322,0.223967791743975,0.226318286194393,0.228648344451149,0.230946274233384,0.233211596124594,0.235366288234778,0.237356108138115,0.239732514579088,0.241851288387217,0.243898282575618,0.245867594429467,0.247782686700002,0.249628059166789,0.251402553086852,0.253104889607513,0.254728242564102,0.256273535780183,0.257727707606084,0.259102264591567,0.260378452563395,0.261572263232319,0.262659007709523,0.263661617612124,0.264553541386606,0.265356020956081,0.26604904469695,0.266647315310277,0.267138768072994,0.267533514738338,0.267823911712325,0.268017335748555,0.268109060399338,0.268094404990599,0.268006541192237,0.26784687531129,0.267576681346673,0.26722445341521,0.26677757048417,0.266249344894466,0.265632720484324,0.264980859700121,0.264247010260371,0.263456385299569,0.262619255999234,0.261709241121913,0.260747618412137,0.25974078802176,0.258706801037742,0.257607151013021,0.256493757642629,0.255343782288136,0.254147336824943,0.252931939582781,0.251690512146104,0.250419323495619,0.249130267465204,0.247806374775303,0.246464085764607,0.245104554786365,0.243708154477451,0.242354157596494,0.240942557226456,0.239482871901279,0.238006359175784,0.236527509240743,0.235020724249863,0.233497215326819,0.231950410452281,0.230376380395781,0.228781816032872,0.227161487962717,0.225516785814228,0.223848663052117,0.222156288877929,0.220432831378548,0.218688251902342,0.216917104224251,0.215119165536937,0.213299525163909,0.211455861731327,0.209584784718623,0.207690971082834,0.205775491483303,0.203837020045593,0.201880198692353,0.199904863678428,0.197911462007031,0.195901640205603,0.193869673676276,0.191832859253289,0.189781398630965,0.187725511694879,0.185645257842597,0.183567769909421,0.181480164515498,0.179386713520516,0.177289110514541,0.175195243233847,0.173102881010485,0.171009500812277,0.168921722398732,0.166844664426004,0.164767673111724,0.162688156226483,0.160618758319936,0.158566401561247,0.156508133829088,0.154407236046154,0.152465143954746,0.150460800454758,0.14844557263024,0.146467582725452,0.144516509062027,0.142578237829314,0.140647543530843,0.138733502601281
0.193324803646411,0.195816820223583,0.198326385205971,0.20083861597874,0.20336427495293,0.205887860557625,0.208421361841186,0.210945626230561,0.213475723860458,0.215988163963103,0.218500339075614,0.220993733067728,0.223481607930664,0.225935588109425,0.228380334672833,0.230785375460372,0.233159739947049,0.235482060167934,0.237788386622568,0.240090220717789,0.242294064286113,0.244470644466453,0.246588307647318,0.248637389054097,0.250626887193683,0.252545003003049,0.25438895142526,0.256154955727918,0.257843057919668,0.259442555364294,0.260957671529599,0.262374527650123,0.263707652107239,0.26493127361294,0.266068137339489,0.267088885317105,0.268020236574404,0.268833159021137,0.269551615917369,0.27015281088902,0.270656495306056,0.27104479426092,0.271336162547824,0.271514098531812,0.271595354669158,0.271562606250158,0.271460843931223,0.271248857148552,0.270951418258151,0.270542818495337,0.270054741695588,0.269511204691167,0.268919554183346,0.268111048085119,0.267343978194929,0.266520382208372,0.265627508392407,0.264656694588324,0.263643141422711,0.262600733417477,0.261491752877684,0.260351825762761,0.259194511708017,0.257979929296273,0.256740498160264,0.255486297858939,0.254192353747688,0.252888478226066,0.251549136938254,0.250188729537159,0.248810539199384,0.247414342642698,0.246003963165117,0.244586862029239,0.243108502970163,0.241845728518503,0.240143784480263,0.238648470945324,0.237123880150994,0.235569669230567,0.233995440623615,0.232394197281542,0.230770805838502,0.22912547513754,0.227451791204757,0.225753436676708,0.224025739520807,0.222271550165269,0.220496049068572,0.218694253057421,0.216862600305752,0.215004375310622,0.213123797612695,0.211215048296816,0.209280323714885,0.207324403548426,0.205348792743832,0.203348167438188,0.201327989742952,0.199289934013771,0.197235888760601,0.19515941210702,0.193075366600042,0.190975328889506,0.188870613249662,0.186751834224194,0.184621682484341,0.182483305038591,0.180344362471178,0.178201158095705,0.17606033078071,0.173914775774751,0.17177517762373,0.169640281856928,0.167514454932655,0.165399294980285,0.163283918991272,0.161170978094824,0.159079863544516,0.157003993777165,0.154939533825078,0.152804033181604,0.150745768340716,0.148751813391894,0.146739355993279,0.144756001163424,0.142815484418065,0.140833248187318,0.138865570498083
0.194321541837177,0.196888176858874,0.199459260966975,0.202049537212405,0.204640247515684,0.207246527879737,0.209846653629304,0.21245638924676,0.215053812504008,0.217655463714623,0.220242713356846,0.222829880566208,0.225390593417723,0.227941127326265,0.23045614172046,0.232963649472418,0.235357112151532,0.237856286268229,0.240211876449587,0.242587557179359,0.24489434973994,0.247144067729565,0.249336830121674,0.251471273667847,0.253533194600427,0.25553682854943,0.257446975261599,0.259287620995909,0.261037724878837,0.262703821189749,0.264269793832987,0.265750863310676,0.267121391440888,0.268402284591854,0.269564760554863,0.270633395826362,0.271578951304309,0.272426988466145,0.273149528692099,0.273773108460349,0.274270236259756,0.274669513502187,0.274942697352751,0.275120791196982,0.275173800200815,0.275139928155872,0.274989704089322,0.274757492930563,0.274402673442318,0.273955424840605,0.273394051700304,0.272726468696314,0.272153880051442,0.271387025098142,0.270536443242253,0.269649517106766,0.268685253465899,0.267657052999873,0.266591894142826,0.265483758202636,0.264318758647648,0.263136664863285,0.261919645474421,0.260654562501657,0.259370154034827,0.258066032915145,0.256722851489684,0.255374307416642,0.253993056044648,0.252591493412086,0.251175696320352,0.249747460502704,0.248304074995406,0.246829971832265,0.245326702731021,0.243861339324239,0.242392320690029,0.240809851380778,0.239246179671571,0.237663293933048,0.236062499234891,0.234436611117285,0.232786229912957,0.231111633112955,0.229411183718706,0.227680295451526,0.225924527406336,0.224144588873473,0.222334757038914,0.220496656136587,0.218631663945741,0.216735416909438,0.214814249204844,0.212868956783298,0.210895957524256,0.208899106147754,0.206879653792296,0.204834933557577,0.202768422812422,0.200683733466261,0.198580729817364,0.196463260388267,0.194332037582302,0.192185052683315,0.19002561543512,0.187855673599556,0.185677066093178,0.183490938496669,0.181305822047838,0.179115844067428,0.176915828280881,0.174731792054397,0.172540036433017,0.170359978935493,0.168180819477748,0.166006303964185,0.163857237673367,0.161707031369625,0.159566320581343,0.157437152618378,0.15533298812214,0.153218033509512,0.151118830289369,0.149043221488015,0.146972825969026,0.144768199352392,0.143088658761173,0.140955500899838,0.138976165723353
0.195311120270198,0.19793833586499,0.200589351826962,0.203244049709454,0.205919045358093,0.208591220893535,0.211277765653057,0.213957589926837,0.21664555593487,0.219324509250123,0.222005924952435,0.224672013500128,0.227327929833347,0.229950797531603,0.232556773706019,0.235162914975907,0.237666395606231,0.240160911893557,0.24274293009417,0.24514040013077,0.247538531792091,0.249880482639406,0.252157587193837,0.254365902794018,0.256512775720784,0.258588372568957,0.260587618408989,0.262497304676453,0.264323765575793,0.266049137025687,0.267686393307407,0.269214298736639,0.270648864908035,0.271964128333534,0.273181138054051,0.274272765259266,0.275260686330724,0.276120837500579,0.276872426565463,0.277496268036143,0.278009193203179,0.278396446830538,0.278674205161597,0.278828942065247,0.278868492868473,0.278804010474914,0.278631950067758,0.278340083794049,0.27796065963486,0.277460559018184,0.276829203751171,0.27617488259405,0.275514654339949,0.274706786902227,0.27379074459991,0.272818461286413,0.271797152329035,0.270700338735466,0.269588606724743,0.268413649851902,0.26718937423154,0.265962500969969,0.26466930693491,0.263349379045848,0.262023016311998,0.260655431064782,0.259283363140061,0.257877694118621,0.256450774942387,0.255008688695484,0.253561137838331,0.252098261661191,0.250615056585137,0.249110901309566,0.24760542374876,0.246101191758092,0.244684118228594,0.243052783806579,0.241381051999006,0.239796549652533,0.238154213485844,0.236503700195986,0.234827471341208,0.233123451887635,0.23139575424163,0.229637425405712,0.227854862612246,0.226044412590115,0.224198316743489,0.222325704277278,0.220425188882273,0.218493048397735,0.216534215279808,0.214549223060055,0.212535350293879,0.210495318016437,0.208430942420446,0.206341865616004,0.20422997671091,0.20209946745267,0.199949885014649,0.197782980744789,0.195597976929939,0.193397884689984,0.19119386728867,0.188969782499782,0.186739718252574,0.184507124446348,0.182270689802116,0.180030627264732,0.177784488177045,0.175550605776533,0.173310449860332,0.171072718515668,0.168846014082095,0.166632448490164,0.164426226580867,0.162225472391175,0.160044373455255,0.157872655084966,0.155719845254937,0.153575962802833,0.151441356055705,0.14933622044144,0.147251028726613,0.14523104490319,0.143194418639119,0.141064931970113,0.139061503920469
0.196277187414886,0.198981945928986,0.201698929900071,0.204437569026715,0.20717846143028,0.209937640355388,0.21269670622297,0.215467639295829,0.218235282569261,0.221009613643841,0.223767481186688,0.226529821291745,0.22926539240196,0.23199126457246,0.234715253867063,0.237401866912276,0.239928823778672,0.242585258939866,0.245237103082588,0.247758389087813,0.250235963362091,0.252663523391436,0.255033849918565,0.257342122717402,0.259573663463747,0.261727382628355,0.263804137614543,0.265799255418804,0.267693041193561,0.269496353726331,0.27119155591172,0.272791698038158,0.274270883899598,0.275647738050466,0.276897517678381,0.278037816002945,0.279047875354253,0.279941154179973,0.280704444563932,0.281346768230221,0.281862690020869,0.282248470077286,0.282513535428987,0.282654908844157,0.282677763023945,0.282582026691854,0.282358500426479,0.282048589953791,0.281598840149676,0.281079571916191,0.280487683900461,0.279831857109565,0.278990074410146,0.278056943825112,0.27710007950582,0.276058487923696,0.274965797016487,0.273813202792443,0.272628991465868,0.271366871413071,0.270105001080297,0.268799370279063,0.267450319734592,0.266080129119788,0.26469459556696,0.263270978533205,0.261847396074162,0.260397496295148,0.258930453332719,0.257455571988488,0.25595084223725,0.254453971821753,0.252937153623866,0.251408916252412,0.249874724396691,0.248325573887902,0.246683179042647,0.24526413176548,0.243572264976301,0.241959802205217,0.240282500416646,0.238587246162545,0.236892721041928,0.235162470145707,0.233406611384955,0.231625541249742,0.229810180325339,0.22796557441351,0.226091944290716,0.224183002814231,0.222246706658286,0.220282001949057,0.218282241869299,0.216255412805667,0.214200933139586,0.212113963954386,0.210004857521054,0.207873558920792,0.205714307461937,0.203533064554147,0.201332834012391,0.199111862195346,0.196876010773957,0.194629288923459,0.192370906772959,0.190098667277703,0.187810132526363,0.185527679789157,0.183235194356679,0.180941943477939,0.178650230662634,0.176352860174312,0.174069558133096,0.171779982701396,0.169509357158857,0.167241038723227,0.16498417157043,0.162742900034823,0.160508692951176,0.158292812551252,0.156092225478764,0.15391115902464,0.151745904678445,0.149590340176283,0.14746378436408,0.145355583480852,0.143279294563918,0.141193447876191,0.13913664515919
0.197228126627784,0.200003612028105,0.202799429411629,0.205606958669264,0.208434121292369,0.211268745393833,0.214118532040685,0.216971433126869,0.219834023581361,0.222685836319813,0.225545768751951,0.228391412377742,0.231226094718485,0.234037029058724,0.236804139704701,0.239521180317889,0.242397486610802,0.245092278552371,0.247777997961315,0.250409689579663,0.252983669664443,0.255512764894111,0.257977058710268,0.260373370177525,0.262703233955885,0.264945326006144,0.267114537601688,0.269183941393628,0.271165206202388,0.273035064949082,0.274811359404439,0.27646663785368,0.278015858693621,0.279436186482766,0.280741925752746,0.281915026365666,0.282964563888104,0.283880846012448,0.284663853474888,0.285320418534163,0.285838068555453,0.286223783284353,0.286475767929387,0.286604030293637,0.286586588682486,0.286457334416752,0.286219492562861,0.28583775307586,0.285368581827207,0.284792831746846,0.284172881069341,0.28336360502014,0.282435431412197,0.281489731387255,0.280449380301851,0.279359277008173,0.278191013900811,0.276971638430722,0.275705207562439,0.274379471410568,0.273049249600993,0.271670408690162,0.270265592674895,0.268830175931273,0.267377453122034,0.265912807778275,0.264425262561364,0.262923712215775,0.261414576009732,0.259940586777819,0.258437585153692,0.25683833591859,0.255278334884448,0.253716576325221,0.252160395895167,0.250573921952812,0.248969940004603,0.247462958469217,0.245734258712692,0.244163211196052,0.242383044739815,0.240696198526534,0.238978990583085,0.237230278529812,0.235448999376584,0.233636603990522,0.231795311316473,0.229919168809459,0.228012375253317,0.226073778195817,0.22410032976738,0.222097509293348,0.220059066588717,0.217988915474824,0.215891007795672,0.213763926030315,0.211606746109917,0.209425542547658,0.207218397942241,0.20498499538877,0.202731661762149,0.200464286839661,0.198176214965703,0.195872922676696,0.193551084419136,0.191228566313019,0.188890535177461,0.186550988950093,0.184210284466666,0.181860132597694,0.179508691261783,0.17715916169127,0.174820774740914,0.172486071364122,0.17016476183166,0.167842947544143,0.165537714393864,0.163242543003263,0.160967476470294,0.158704868505101,0.156455884877151,0.154226066801144,0.15201387673994,0.149834912870793,0.147661340607101,0.145514670431817,0.143377331770748,0.141275873429267,0.13918781260264
0.198165133541432,0.201006345762037,0.203874296419028,0.206765518007268,0.209672161318923,0.212595758212264,0.215530314605551,0.218475161134598,0.221419504064775,0.224372989986421,0.227327109931579,0.230269765030306,0.233193397935218,0.236103446612465,0.238989405803952,0.241900300918415,0.244765820266764,0.247594302502622,0.250366675437737,0.253106576302158,0.255793261099303,0.258417065610793,0.260985569108531,0.26348485976965,0.265904666462361,0.268253808131294,0.270503593728808,0.27267283310511,0.274727636154597,0.276689521701156,0.278530571199223,0.280265709626169,0.281869056451239,0.283354244944214,0.284704695326231,0.285924575879472,0.287009502920509,0.28795545651963,0.288772122351268,0.289422066757997,0.289955896859128,0.290318474241551,0.290580133616736,0.290658012177579,0.290633508414656,0.290471040365264,0.290174678045474,0.289755694484268,0.28922883908851,0.288582479686459,0.287799339320402,0.286902190299762,0.286022994083914,0.284990791365599,0.283890018944732,0.282711199858035,0.281480212554469,0.280166151491171,0.278817469598786,0.277430332399433,0.276019896642159,0.274581847857366,0.273094715306242,0.271594155328366,0.270084245437142,0.268554624279321,0.267013841571096,0.265453015614393,0.263877053001816,0.262310707128367,0.260668285732556,0.259189402558476,0.25761773464318,0.25604930973601,0.254455317306556,0.252841450569234,0.251197169540505,0.249431268407315,0.247995718811817,0.246257176059778,0.244617788341684,0.242858075787415,0.241108236551516,0.239327669379766,0.237524109785777,0.235678763908585,0.233809268062642,0.231905798469803,0.229967222719477,0.22799721281986,0.225986279289668,0.223942971992154,0.221866892223066,0.219754806778335,0.21761244134899,0.215441818835358,0.213234485511976,0.211001214651836,0.208742742932896,0.206459197852649,0.20415392049622,0.2018301219056,0.199483730595087,0.197124311124867,0.194751624402803,0.192371357849764,0.189977844908024,0.187577592106149,0.185173514521972,0.182772897964014,0.180367441985537,0.177963191512923,0.17556424907907,0.173170184051613,0.170798474080518,0.168430942251152,0.166067509763561,0.163730908251774,0.161404164749489,0.159097718433526,0.156804934532069,0.154527993820874,0.152275909988293,0.15004325724517,0.147834868255897,0.145640619839549,0.143477309107931,0.141334934750703,0.139213549373332
0.199063508181643,0.201984520152181,0.204932016549306,0.207904219691931,0.210898291404355,0.213908941431297,0.21693185793921,0.219965224024762,0.223009506704566,0.226062990993975,0.229121888527058,0.232145940331394,0.235159201498359,0.238188466022165,0.241210900910046,0.244210918111117,0.2471850939096,0.250107849190023,0.253012578771807,0.255858272491907,0.258646280114066,0.261388376188423,0.26406124888228,0.266665429912028,0.269197244169697,0.271635328094978,0.273998033655891,0.2762479058752,0.278405943694285,0.280442756195607,0.282375764670066,0.28417479474024,0.28585370877961,0.287395258042175,0.288800650423504,0.290070060510662,0.291193772257362,0.292165542205261,0.292992111232981,0.293676220857352,0.29419227787433,0.294572090723085,0.294787548608501,0.294888560589595,0.294796271050692,0.294605776300856,0.294259402833665,0.293794382456295,0.293196323028081,0.292477218158688,0.291616806124398,0.290689907638782,0.289678351037267,0.288582475678294,0.287391652523573,0.28614210740431,0.284804571813987,0.283420660786214,0.281978720738421,0.280518175134399,0.279019762184057,0.277494022342812,0.275948822551295,0.274377172752036,0.272804208438186,0.271208517109847,0.26960663871071,0.268001451689564,0.266394674964029,0.264810153848294,0.263249593435723,0.261636455057479,0.259994432519888,0.25838284011999,0.256766127181884,0.255118199533212,0.253465039860316,0.25184444280745,0.250197187990348,0.248500431032317,0.246785842346577,0.24506503971214,0.243302199232976,0.24144837099178,0.239626458050273,0.237753200477139,0.235856775302619,0.233930066415879,0.231957245942853,0.229950955201274,0.227907268257185,0.225822445854006,0.223706290021603,0.22155494757154,0.21936440990038,0.21714345388377,0.214889054140212,0.212603902598246,0.210294370674651,0.207958276628117,0.205596301372929,0.203210890804008,0.200810947935781,0.198393658535325,0.195959705033532,0.193517322489424,0.191066130581967,0.188604275203834,0.186144844808517,0.183684169557778,0.181223429670705,0.178757195627892,0.176300011250108,0.173859062761867,0.171425653747663,0.169000603451268,0.166599945641748,0.164203096163878,0.161824512866084,0.159469036493066,0.157128589763227,0.154815760643446,0.152510751222601,0.150237657844863,0.147984682151516,0.145749328735539,0.143544983118536,0.141364072299509,0.139210847837733
0.199938365033774,0.202944803417353,0.205968204922236,0.209026282369093,0.212105334512779,0.215205456840429,0.218319652217832,0.221448686284455,0.224591821926934,0.227741778553168,0.230934205672659,0.233994477487698,0.237059621791626,0.24031847710308,0.243447046700644,0.246548171260889,0.249630547571702,0.252685772204168,0.25568995522635,0.258656261485878,0.261565581540314,0.264414918888769,0.267207009421245,0.269926365740065,0.272561872601075,0.275121691963635,0.277572217603847,0.279939806046357,0.282180237479232,0.284323444615981,0.286330287148698,0.288217369834496,0.289964410170437,0.291576086782472,0.293044832842748,0.294359896359511,0.295529712384371,0.296520665733618,0.297391338024309,0.298061333993153,0.298606954247245,0.29895551796771,0.299163217177973,0.299229068064744,0.299122738080234,0.298866931847876,0.298484187555962,0.297941528616679,0.297280594705369,0.296469608730637,0.295549960145738,0.29454014268734,0.293441372969619,0.292249194993679,0.290969424785211,0.289616350127944,0.288201602309858,0.286709546852743,0.285190176219557,0.283631241762902,0.282043937143606,0.280434238724817,0.278814815691554,0.277180898038079,0.275525727006791,0.273872640724663,0.272209972083994,0.270556610847983,0.268909802621088,0.267275661592043,0.265642465945152,0.264006611419655,0.262357634612783,0.260726116448922,0.259070534903525,0.257411018180671,0.255759903620911,0.25409766697685,0.252417219252788,0.250707464204482,0.248952025771045,0.247200197893759,0.245559066157726,0.243549316089209,0.241743785702084,0.239860330132111,0.237943320456182,0.235982734670773,0.233985316167494,0.231942169623791,0.229861547730089,0.227742836171602,0.225581850585541,0.223388594343605,0.221152486815329,0.218875983090639,0.216577716251878,0.214236611747211,0.211869368537661,0.209480301071768,0.207052081263346,0.20461246363492,0.202152842659055,0.199670296271246,0.197179076462402,0.194673369892591,0.192165304150624,0.189641333161745,0.1871165296618,0.18459675037701,0.182067220868123,0.179550079866545,0.177037209531376,0.174530322490941,0.172042067579483,0.169565003495228,0.167102763121173,0.164661138631682,0.162224490360907,0.159822908377102,0.157433475129773,0.15506845715261,0.152724794243613,0.150404524956802,0.148108105902469,0.145833077114005,0.143588317311504,0.14136595553726,0.139180803989601
0.200779426640529,0.20387180826185,0.206985975710692,0.210120142316877,0.213286433614647,0.216477880184684,0.219692294345245,0.222919515610026,0.226168342978613,0.229418994585693,0.232716752088812,0.235718996501752,0.239082271212294,0.242469344221704,0.245699976882919,0.248911288804053,0.252118333966139,0.255279929688307,0.258421805380712,0.261501374278492,0.264535536317807,0.267511548493061,0.270422064616576,0.273259748225975,0.276022478038776,0.278683869759041,0.281266174205797,0.283721207685339,0.286084940082552,0.288310953281426,0.29042046948081,0.29238664095055,0.294217010547215,0.295902286588522,0.297426308937628,0.298802816110641,0.300004226751328,0.301054399491017,0.301921480264936,0.302627279332471,0.303155586337385,0.303498323677698,0.303697597252898,0.303724409431744,0.3035770445845,0.303292442904689,0.302820193741057,0.302234395061934,0.30148649629821,0.300576588089258,0.299588258341797,0.298478435805779,0.297308238933214,0.295988783016644,0.294623013776124,0.293162499097166,0.2916420667587,0.290059130146309,0.28843149248596,0.286773270802918,0.285089757332555,0.283395429520465,0.281700531999298,0.279979586916681,0.278256396860635,0.276531426544771,0.274816274041007,0.273113054310114,0.271406522854427,0.269741608565091,0.268063058166363,0.266399859353264,0.264725042675938,0.263056667819022,0.261384993881162,0.259722518631972,0.258048613635234,0.25636376547263,0.254665010580029,0.252938999347251,0.251174704218946,0.249293364485508,0.247798971514049,0.245815463085961,0.243814861851638,0.241993392294961,0.240074407133563,0.238080200219173,0.236050650604829,0.233973860943612,0.231856876530682,0.229701768043047,0.227497368624448,0.225250845887091,0.222971896136431,0.220647258163882,0.218291377248849,0.21590378695039,0.213471521841863,0.211020656174113,0.208538874423328,0.206038577016517,0.203513098497966,0.200970885992929,0.198407468722302,0.195839944268663,0.193265792436895,0.190675798239509,0.188092730477168,0.185507462129092,0.182924422151198,0.180331353807266,0.177763009245448,0.175203797032281,0.172642532100891,0.170111434094388,0.167594106988669,0.165093330106452,0.16261454913232,0.160158047195144,0.157715872326492,0.155302255422166,0.152918912417047,0.150544987309282,0.148197170457476,0.145889409541925,0.143603524985288,0.141343930747369,0.139118625921136
0.201599017213466,0.204758744492902,0.207962935224659,0.211190789595283,0.214453946052392,0.217723531626221,0.221043369412101,0.224375825550385,0.227728640775306,0.231081446992849,0.234431287737605,0.237792555993283,0.241212377945025,0.244600867393663,0.247954532687505,0.2513013716919,0.254623431598922,0.257926755191508,0.261178083905154,0.264404195471182,0.267561311294941,0.270666945710526,0.273708668460777,0.276679034618226,0.279557974492263,0.282360139629175,0.285040292837237,0.287635223516646,0.290090171487675,0.292436160505402,0.294634975653768,0.296701071747601,0.29862034287635,0.30037783170437,0.301982193865615,0.303398501386278,0.304666643029046,0.30572693544291,0.306641034297899,0.307344280439139,0.307876790800227,0.308223508654952,0.308397918268744,0.308375973173416,0.308206025507397,0.307844747469396,0.307330033303608,0.306648683513799,0.305806007358845,0.304834243511039,0.303735242158431,0.302536380111622,0.301244472985132,0.299820530123228,0.298331450817448,0.296780519173253,0.295134951516925,0.293449184529899,0.291702167493616,0.289921816572128,0.288159626183645,0.286367573374924,0.284583552606337,0.282780353849652,0.280977651960607,0.279193049259485,0.277420516692648,0.275631902975497,0.274019246584393,0.272280975488619,0.270509966800651,0.268790455287284,0.267081375863832,0.265394515313101,0.263710916358556,0.262031503753392,0.26034783437751,0.258650405254118,0.256936086375389,0.255203780637719,0.253441056701752,0.251656510069148,0.249763603722588,0.248100035237382,0.24613501006241,0.244203193966895,0.242248057327053,0.240230803057016,0.238155034896988,0.236050308907808,0.233898211931859,0.231692875675244,0.229458520362607,0.227157472432833,0.224830816364331,0.222453645797964,0.220040209641542,0.217589102010471,0.215104627286155,0.212587615712759,0.2100524369603,0.207477445270926,0.204888880891847,0.202276864100905,0.199652473986176,0.197017017397115,0.194373049755539,0.191719662642084,0.189069631441933,0.186412259333977,0.183765067924012,0.181115621989384,0.178480033817073,0.175850439546515,0.173240753530867,0.170640348563316,0.168068493828724,0.165505856425457,0.162974874599254,0.160470641065106,0.157976044695052,0.155509729351333,0.15307567925405,0.150658012079963,0.148277754865458,0.145918888915776,0.143591699022259,0.141298017523745,0.139033008925522
0.202372359603455,0.205622001017864,0.208907563413623,0.212233268028257,0.215577288360237,0.218942646329473,0.222347644537026,0.225806731706991,0.229269446531705,0.232752269297635,0.23621662805801,0.239724802467095,0.243234324342446,0.246736115364771,0.250225525076908,0.253704804531863,0.257161921920726,0.260595422027327,0.26400104006827,0.267340641229173,0.270650503803156,0.273888677686341,0.277070200612137,0.280170914248219,0.283198871653398,0.286113598005097,0.288948510332053,0.291639721682304,0.294236238018071,0.296679626950999,0.29899798641511,0.301169247090485,0.303157061607896,0.305028750236616,0.306686807598278,0.308185396135519,0.30947868000818,0.310603689287122,0.311503915908562,0.312264937243929,0.312777921239483,0.313135619692617,0.313258265665088,0.313229987499317,0.312975839172926,0.312573831125439,0.311979962076231,0.311213112618693,0.310283139318568,0.30920299216523,0.308001689275859,0.306699387805535,0.305284440992908,0.303733373738946,0.302137663783671,0.300436208596771,0.298692281480945,0.296900485789401,0.295133215782369,0.293068544737249,0.291227308111525,0.289358101190677,0.287463216731484,0.285571015477356,0.283693206919924,0.281837367107442,0.280016080113355,0.278161949932158,0.276331108828533,0.274732674484975,0.272920082525811,0.271150280496035,0.269425935582526,0.267731374148037,0.266035262111035,0.264347570063631,0.262652973394531,0.260948832819696,0.25923096632453,0.257501788241723,0.255751632334701,0.253974740126428,0.252208913919835,0.250372874689584,0.248408173856081,0.246445792462841,0.244454309387302,0.242438817788112,0.240307624292645,0.238165566128892,0.235980139933399,0.233741535412109,0.231448188093559,0.229111239522163,0.226730361846394,0.224297511647858,0.221826165532557,0.219312018788332,0.216772630078328,0.214190098181075,0.211578678787132,0.208948495053047,0.206278633869162,0.203603342347156,0.200913800925123,0.198203950253285,0.195486293759493,0.192763242300426,0.190036470571415,0.187316047620542,0.184598767817923,0.181879196643629,0.179175821890655,0.176489412176916,0.173820199052814,0.171152515036331,0.168522418223294,0.165904647193183,0.163312743537998,0.160750899155713,0.158210943792122,0.155691460354228,0.153199822122808,0.150738192261254,0.148311534096926,0.145916367538752,0.143546396409122,0.141213627668229,0.138915000196888
0.203107460374977,0.206446417944187,0.209820152669977,0.21324080429055,0.216704703376887,0.220051780708994,0.223635649956671,0.227240347068,0.230819975932966,0.2343931914981,0.238001235926083,0.241623440658822,0.245257546764022,0.248879707518226,0.252510908698549,0.256123411148165,0.259730224214039,0.263304715325515,0.266842452219469,0.270345725796628,0.273787102970547,0.277180367284543,0.280504398996199,0.283758277339751,0.286916120900006,0.289995005953016,0.292936790127791,0.295790537388188,0.298491519329559,0.301078717404926,0.303510801264845,0.30578100732795,0.307897353816118,0.309814045756146,0.311588225772858,0.313131020614581,0.314488352477033,0.315643690970445,0.316611815140116,0.317354224477398,0.317903952140083,0.318193647878548,0.31833360938806,0.318225708080974,0.317934488990045,0.317466938429165,0.316797781006157,0.315949324377461,0.314908931486593,0.313706584866062,0.312411042775655,0.310959021342837,0.309413458204418,0.30773970968992,0.305990078896497,0.304161576792578,0.302259737043942,0.3002976916171,0.298339276689044,0.296497924499507,0.294357658521495,0.292330697652442,0.290341031224334,0.28834744608759,0.286387323298472,0.284455914953181,0.28257229097475,0.280806905489567,0.27868029881496,0.276971792125708,0.275339727280844,0.273542343782516,0.271739425785987,0.270056533157389,0.268359027685941,0.266665149646423,0.264967749349344,0.263261232058364,0.261550635085035,0.259817615426116,0.258064085936076,0.256261879341075,0.254443354472553,0.252604981154096,0.250689390372892,0.248706256979949,0.246666601310125,0.244746030705069,0.242517977765016,0.240342505099814,0.238120314191072,0.235832030093863,0.233495965616097,0.231110388654372,0.22867256508096,0.226181745746371,0.223649593782422,0.221076348473883,0.218463426514428,0.215822631212684,0.213136402473284,0.210425647412388,0.207703005499463,0.204948304555631,0.202177936676348,0.199399868347656,0.19660408534888,0.193811512668889,0.191016060459368,0.188218099794206,0.185426108923932,0.182646916991653,0.179869804487574,0.177117785962904,0.174375933290271,0.171662573208293,0.168948507167921,0.166278428493456,0.163625064151718,0.161008702117283,0.158414738417999,0.15584750804313,0.153304753308111,0.150797385640617,0.148322863735146,0.145878395096825,0.143467622022755,0.141095132431046,0.138756768730064
0.203805527739758,0.207219232991557,0.210698229386932,0.214210095989831,0.217760972917031,0.221016712988095,0.224901370336467,0.228651046082559,0.2323194840685,0.236023658387713,0.239759577919837,0.243511825888924,0.247269861932455,0.251039567329117,0.254802306633639,0.258568180385294,0.262307106247374,0.266045079110956,0.269732641131585,0.27338059412716,0.276989896179721,0.280536162928891,0.284014686792407,0.28742312316037,0.290746738436601,0.293956354095702,0.297069518984608,0.300040120739806,0.302902908916501,0.305614361862193,0.308164758505119,0.310561788786287,0.312786402432316,0.314818514856758,0.316657602213802,0.318276751152009,0.319687830533502,0.320914871344017,0.321896212579274,0.322668176222313,0.323185286012544,0.323498571126884,0.323572198341523,0.32344632238306,0.323093033606619,0.322546337682165,0.321800185971017,0.320850459152718,0.319689714915829,0.31838745198371,0.316930145230449,0.315347852364105,0.313646609772333,0.311828419150376,0.309932248980435,0.307937569903516,0.305883453837983,0.303761037424904,0.301690657345424,0.299601809960284,0.297440194378893,0.295309376325618,0.293184543438898,0.291109878760792,0.289047532258037,0.287039814276946,0.285020771009084,0.283209746762754,0.281203463892165,0.279341855864919,0.27758790892761,0.275995274368004,0.274117720744462,0.272382817885253,0.270673063981942,0.2689796964245,0.267286594500899,0.265588749336386,0.263874438610457,0.262155570393966,0.260402297300259,0.25862173252425,0.256791008082101,0.254924568396417,0.253015391906286,0.251053336686915,0.248987487057875,0.246955923660715,0.244857864371021,0.242586474896699,0.240313307245442,0.237975235037711,0.235597691259937,0.233155595059547,0.230663683705501,0.228109574398315,0.225513369123191,0.222879958870687,0.220194760210425,0.217475194898363,0.214722152595738,0.211936520970714,0.209132952785118,0.206304445174812,0.203458068899463,0.200599056365628,0.197732464637142,0.194861789419877,0.191988694439131,0.189115500215598,0.186248151113196,0.183395389920602,0.180552273761424,0.177723449045416,0.174916806098999,0.172129630804593,0.169367863418085,0.16662695839805,0.163914977434451,0.161234823612842,0.158589245841907,0.155961419928156,0.153376286970414,0.150819300547753,0.148299258648184,0.145813815028421,0.143356706618496,0.140941201061382,0.138567910749602
0.204444924744417,0.207959112638189,0.211518790586941,0.215122538212377,0.218722123157491,0.222433352628606,0.226203441624936,0.230000343740152,0.233789399020889,0.23763515440623,0.241498105706097,0.245385819209952,0.249280584978004,0.253192351224815,0.257103698175079,0.261018701536115,0.264927180434064,0.268794817486212,0.272657908488,0.276471274163152,0.280243078309415,0.283953983938351,0.287608121110985,0.291177471819591,0.294661214259566,0.298041959031804,0.301291205839879,0.304443972882675,0.307447988110701,0.310289719167475,0.312987659494147,0.315520844679754,0.317869821273742,0.320001032819244,0.321937309609336,0.323643268920253,0.32511684667943,0.326369129054424,0.327439296048849,0.32815793635085,0.328713015169849,0.32900693676296,0.32907534216519,0.32887185150851,0.328467984940215,0.327817585295024,0.326990630652693,0.325944238408724,0.324662676587244,0.323188442748748,0.321579067320099,0.319849723953248,0.317994781930391,0.316011245198243,0.313933675500251,0.311783205328897,0.30955387374267,0.307312264939505,0.305063815291981,0.302789928184181,0.300523650090939,0.298245065666955,0.296019600105925,0.293820763417729,0.291671640486085,0.289586188502812,0.287528764093319,0.285582520327071,0.283657188432185,0.281749119613786,0.279939350643061,0.278189182547268,0.276414743301916,0.274680584175527,0.272979229636509,0.271291820745435,0.269611715111541,0.26792836063146,0.266231748402283,0.264521593773459,0.262790040195932,0.261006735183454,0.259179649284884,0.25731206109753,0.255381124499708,0.253435922760767,0.251538154389272,0.24922918115851,0.247066126196774,0.244852377332809,0.242555282284803,0.240175723162084,0.237746998727811,0.235259804171864,0.232697259042768,0.230080620485272,0.227428802964314,0.224718023446406,0.221965583467209,0.219163479808299,0.216335636677887,0.213475583675017,0.210585259910204,0.207676462515177,0.20474524246586,0.201809637186804,0.198862208531562,0.195912989279609,0.192953694646085,0.190004394253104,0.187065320472686,0.184133019657191,0.181223157992317,0.178312698761594,0.17543868030285,0.172580959813964,0.169761056134811,0.166950365576738,0.164176772243385,0.161437398419904,0.158731985208403,0.156061800624395,0.153410791119684,0.150816887944543,0.148237807800926,0.145705026278645,0.14321490631978,0.140755755769065,0.13834099544203
0.205038654598322,0.208642626049758,0.212293849587208,0.215995084546391,0.219750785920831,0.223554258872539,0.227406876007528,0.231299509134218,0.235243067054299,0.239204911454965,0.243219317273347,0.247232454092339,0.251282777810034,0.255335021924572,0.259413904344932,0.263479283188599,0.267543436625862,0.271592650357848,0.275610340891529,0.279603142355783,0.2835469615781,0.287447405789821,0.291261313329689,0.295024383211819,0.29867375811614,0.302221403701677,0.305661625663656,0.308970506146356,0.312124898635459,0.315135666333658,0.318000803831017,0.320654685662352,0.323129316654246,0.325398099287446,0.327410305332563,0.329201184474431,0.330752485921859,0.332086397286768,0.333152553801562,0.333964442297756,0.334475044217518,0.334763629013589,0.334770741130832,0.334546515070628,0.33403773934444,0.333330827907104,0.332367606723561,0.331289969869971,0.329820583344306,0.328100402571056,0.32637832024749,0.324487172081647,0.322436852914355,0.320280003916508,0.318016268990181,0.315677263751898,0.313275619110083,0.310860143666315,0.308426270733411,0.305997236268439,0.303559548100269,0.30117093644876,0.298798043179945,0.296504928551634,0.294245099105036,0.292085502868155,0.290041434119464,0.288234937448987,0.286014552711713,0.284086386298372,0.282198173232754,0.280421420198064,0.278693079308917,0.27695894656068,0.275264120425749,0.273594593335847,0.27194162016746,0.270273475026692,0.268601610468272,0.266916646100647,0.265199559696256,0.263437993567736,0.261613695756232,0.259740944002964,0.257814731307722,0.255783045051468,0.253895883715881,0.251723550738458,0.249408901837592,0.247040677068139,0.244922489907884,0.242397556482489,0.239966760315062,0.237411760080964,0.234797266580867,0.232116738977558,0.229383041841827,0.226603706025258,0.223766655881012,0.220890663731621,0.21798178888845,0.215034445771772,0.212063273002632,0.209058849954708,0.206054402774111,0.203025453980455,0.199991933502466,0.196954416214927,0.193916246026994,0.190894025984269,0.187869344288265,0.184857458657946,0.181865692939171,0.178892165819703,0.175934986594438,0.173010634755876,0.170116516168615,0.167248967963741,0.16440583695102,0.161618196361687,0.158847692123566,0.156114001244585,0.153421239732202,0.150758242970175,0.148147051972887,0.145566960237461,0.143030828506959,0.14053265276808,0.138080488800466
0.205579179702961,0.209264268531882,0.213020579195244,0.216825547849387,0.220688764798579,0.224593992299507,0.228573472810127,0.232589443819842,0.236659477191778,0.24077275141752,0.244901313696838,0.249072629006432,0.253263986785808,0.257484159837395,0.261708239161449,0.265951220757735,0.270171189794814,0.274397228787373,0.278603475320477,0.282779764167184,0.286915035406277,0.29098706765624,0.295018535834547,0.29893539513561,0.302788566576675,0.306523382879583,0.310146165371415,0.313635028254675,0.31696998897672,0.320172145242949,0.323179458463902,0.325990135598403,0.328618200718897,0.330989796145613,0.333117746979208,0.334987989211284,0.336683931245106,0.338042816094655,0.339172182568594,0.339974005487505,0.340510349752472,0.340759686042573,0.340756695337821,0.340469589432662,0.339883942573324,0.339047195458102,0.33795077016134,0.336549958640676,0.335189226862311,0.333268750829151,0.331374084226411,0.329276674989928,0.327017439734905,0.324628732570317,0.322177093413695,0.319620336238081,0.317028856883236,0.314418207324433,0.311796902234186,0.309175922033108,0.306592774441805,0.304031241476984,0.301544790492801,0.29910789010616,0.29676289032387,0.294461813392245,0.292360374079605,0.290272369911055,0.288271124382533,0.286292650029523,0.28444573777694,0.282651603063497,0.280915509784915,0.279206332741732,0.277535443884567,0.27589249262276,0.274266167163604,0.272634470356108,0.270998862723918,0.26934172072735,0.267650749056747,0.265908501226684,0.264103618139453,0.262244398566325,0.260328790300736,0.25832369706865,0.256310402189543,0.254172478018348,0.251959913229356,0.249667161246571,0.247278667303058,0.244720746694478,0.242228491766469,0.239617109873157,0.236948248978131,0.234206225908153,0.231395450927743,0.228532633613333,0.225609733089771,0.222652754331308,0.219658804723883,0.216618111301989,0.213549909352625,0.210461808974363,0.207365694801114,0.204249016737098,0.201121184495151,0.197993321197835,0.194873844786034,0.191760920869865,0.188659351181783,0.185563834632236,0.182491461182654,0.179440279192816,0.176409329138968,0.173408919465541,0.170441662669758,0.167512355889969,0.164616407469579,0.16174563790401,0.158925856283658,0.156135455482944,0.153387108097664,0.150686055514104,0.148012482670709,0.145387344366051,0.142805398283753,0.140268149978246,0.137769341829126
0.206049122353847,0.209839289599712,0.213684170420613,0.217597244173431,0.221560550285126,0.225604153914221,0.229679309822291,0.233833801282306,0.238023000854603,0.242278839457024,0.246555305025909,0.250878510233853,0.255227416969782,0.259612209530012,0.264008086289376,0.268407528112162,0.272822887001434,0.277222690135446,0.281608970285583,0.285987436787536,0.290330925257753,0.294615975578373,0.298810993152591,0.302959943756007,0.306997988062676,0.31094194674215,0.314771911558442,0.318451071908057,0.321997969263518,0.325367952122225,0.328558103360172,0.331553091783538,0.334300970777417,0.33679626163916,0.339047511150288,0.34107631449015,0.342820534684672,0.344299061514593,0.34541402390128,0.346280733198211,0.346795731754506,0.347057879009796,0.347010592383034,0.346646916497215,0.345959181415105,0.345042769464578,0.343755394994029,0.342288552053893,0.340687081638514,0.338770175906636,0.336536602450187,0.334224298663445,0.331708643721576,0.329057556823206,0.32637281797073,0.323623081650659,0.320813026235949,0.317969603781161,0.315148630426327,0.312329394531862,0.309554835959463,0.306862116359162,0.304200246028253,0.301659446948729,0.299176729395234,0.296798357994315,0.294426239173203,0.292409435298286,0.290414759251781,0.288459878714542,0.286607070305757,0.284819884485683,0.283101022906858,0.281421947766163,0.279781985832339,0.278177692528174,0.276590866192475,0.275007394800307,0.273411402658221,0.271796665381791,0.27014414216331,0.26843346753092,0.266659429745389,0.264814690452129,0.262889820186732,0.260926259739047,0.258815329437818,0.256710724022661,0.254496483777642,0.252205493150262,0.250068438648189,0.247346216321249,0.244639028279244,0.241929760374347,0.239184714823949,0.23634514506776,0.23344938826916,0.230502714228281,0.227503604044764,0.224453385673846,0.221356498014191,0.218230156166826,0.215068125017918,0.211889851841734,0.208686188921568,0.205477186729753,0.202250326234401,0.19902959021726,0.195815526836406,0.192618774307185,0.189421504243598,0.18624714090465,0.183098903104565,0.179960346515406,0.176848677419354,0.173779443916922,0.170742632052778,0.16774009909908,0.164775559250517,0.161854511701875,0.158967995009957,0.156123294733621,0.15332546716502,0.15055335330203,0.147843260458752,0.145165525318104,0.142536416555086,0.139959152482685,0.137419742671983
0.206459409722701,0.210344193436168,0.214286817710366,0.218301690357606,0.222384249255504,0.226533183746929,0.23075224050562,0.235021716414721,0.239366221718939,0.243736523297106,0.248176136539043,0.252641983198049,0.257171648054937,0.261708888164076,0.266286667759892,0.270869146079377,0.275472219591192,0.280065631560501,0.284652148543749,0.289216243242532,0.29377302768345,0.298279580558947,0.30270773652472,0.307054955850414,0.311320621049013,0.31549456038548,0.319519268755292,0.323423968882114,0.327165618100069,0.330768122485562,0.334143240665976,0.337293741392757,0.340209748214655,0.342837311640261,0.345271426966815,0.347400973830878,0.349274145734534,0.350780013553711,0.351986396383014,0.352825850639189,0.353386165675221,0.35366672658308,0.353573447557636,0.353130458983967,0.352387619007888,0.351284658178448,0.349914811483891,0.348260530459045,0.346418458296307,0.344238685234062,0.34185033153414,0.339279320631637,0.336809345741192,0.33379413955434,0.330719048979449,0.327690915925009,0.324600617760692,0.321533119108089,0.318464235267237,0.315435888628361,0.312483259593153,0.3096172291484,0.306788480919403,0.304123894327635,0.301514571982114,0.299046955809291,0.296840302639918,0.294549819709253,0.292488172722648,0.290519735265129,0.288688034992123,0.286921340467728,0.285219505014436,0.283611190822965,0.281994298989147,0.280446865341727,0.27892194300226,0.277397657194823,0.275858687334632,0.274280224225162,0.272683032969539,0.271016511036561,0.269277222305767,0.267442393664261,0.265517142147918,0.263751070770526,0.261588655477057,0.259374385241924,0.25709843665561,0.254607429373725,0.25226107845425,0.249875298600394,0.247073168536231,0.244459020436407,0.241484784145636,0.23859529086113,0.235557145295097,0.232525552258034,0.229429909899978,0.226291121173543,0.223107748629179,0.219875896715866,0.216607052889477,0.21332857540744,0.210011690452619,0.206704150508947,0.203384533671242,0.20005609451979,0.196741557673108,0.193451046365183,0.190183917929429,0.186921883980325,0.18367345075406,0.180447983703557,0.177255675271436,0.17410366510712,0.170999044444106,0.167927390455985,0.164900197225734,0.161913424854966,0.15898034129021,0.156080819236322,0.153201875515733,0.150383062329756,0.147630182535864,0.144905390804878,0.142211003619289,0.139595847009066,0.1370236809419
0.206800911961065,0.210768168676369,0.214821868220392,0.21893392423205,0.223139615507865,0.227403567783907,0.231746490849923,0.236163937214181,0.240630015959563,0.245159129868355,0.249744257177893,0.254386803159717,0.25906785441219,0.263793416297268,0.268538021035757,0.273324130906245,0.278111261635633,0.282896904025566,0.287714557934521,0.292503288828827,0.297251269074642,0.301990511921374,0.306667338178937,0.311250897871711,0.315752602958977,0.320140155032071,0.324395849052022,0.328545877480969,0.332522949511678,0.336319781453261,0.33993169376192,0.343245927913826,0.34633952262838,0.349210991793796,0.351735627806338,0.354017584884662,0.355984198631046,0.357663631161534,0.358824839597618,0.359783076163353,0.360286899567461,0.360640760138879,0.36047097737478,0.359961193276001,0.359090187666001,0.357869077543817,0.356312905582683,0.354492083981694,0.352332165947989,0.349960881290258,0.347311830286122,0.344410662122401,0.341249224164941,0.338701404431781,0.335087450668308,0.331767835947172,0.328377291440398,0.325049531626423,0.321757424921655,0.318487056948844,0.315310105355154,0.312249491705392,0.309309794375907,0.306447057700061,0.303772016985279,0.301138930142304,0.298848681019743,0.296544651846026,0.294439509852601,0.292493920859357,0.290674255590665,0.288934587305185,0.287285431434689,0.285783556853731,0.284219838894414,0.282665940412122,0.281248761660592,0.279799279596402,0.278325563531182,0.276814675072597,0.275275337261747,0.273671547774801,0.271977502510988,0.270164814868779,0.268186038902499,0.266337419310279,0.264340828473769,0.262159732962103,0.259813873396001,0.257337909695001,0.254897936639225,0.252282569175686,0.249453760622622,0.246749307593682,0.244057631602157,0.241081681058776,0.237889348808899,0.234634866122312,0.231432863545295,0.228167325109866,0.224863962881497,0.221551324420377,0.218210195065637,0.214751520842326,0.211325257904283,0.207945425984575,0.204501119783183,0.201034897072459,0.19762322332054,0.194253284741519,0.190900361980556,0.187557718078371,0.184180481745253,0.180867824320158,0.177616745469156,0.174374775974373,0.171215427752075,0.168085850502387,0.164994212543668,0.161956510946889,0.15891946536671,0.155993383614206,0.153084398239807,0.150178035330552,0.147402406657751,0.144576894519925,0.14185577814686,0.139191143375325,0.136622649751057
0.207058390413509,0.211131050406615,0.21527694084949,0.219504924528335,0.223811967760449,0.228212962068184,0.232681082879416,0.237226629200531,0.241830194422995,0.246520913357046,0.25126080183404,0.256075068874797,0.260924881474737,0.265831109929931,0.270776296490887,0.275759212168883,0.28076825019239,0.285771299165995,0.290773104297536,0.295801394112067,0.300800102962783,0.305755368871166,0.310671688282968,0.315535147483785,0.320267419847537,0.324901349808314,0.329427230459609,0.333805701379112,0.338052436893438,0.342089683594003,0.345895126298327,0.349446896935495,0.352762156675557,0.355778577039033,0.358511908678249,0.360981302032755,0.363073412081761,0.364781522183538,0.366296740490076,0.367503503691739,0.36785656394832,0.367939291490012,0.367763135372961,0.367149728889782,0.366155511640802,0.364770019760056,0.362959271630642,0.360942003740632,0.358583025420835,0.355870862268541,0.352981924554271,0.349807260374731,0.346360335278097,0.34321259296591,0.339607960708311,0.335844929602534,0.332164102537094,0.328561310803673,0.325006014597529,0.321460179097892,0.31805893822421,0.314768151189554,0.31166274192724,0.308690431541041,0.305804741632669,0.303026293142751,0.300896361193652,0.298353550976723,0.296291788759922,0.294340011783006,0.292549897539105,0.290864748637952,0.289247584786549,0.287636891253418,0.28640677506058,0.284939014770147,0.283608811147576,0.282238789467036,0.280817429930951,0.279453464815697,0.277934408846379,0.276434546971234,0.274763093703959,0.273023040662658,0.271128589793896,0.269264200125608,0.267190274291526,0.265009930558379,0.262718213602938,0.260120022179422,0.257646818379512,0.254997389665107,0.252107278097414,0.249215363056623,0.246265424285628,0.243361927953343,0.240113857318519,0.23687224736316,0.233542123397418,0.23012556943396,0.226626281179967,0.223226919241091,0.219720211624031,0.216362409622421,0.212651656011999,0.209202861343409,0.205742456268503,0.202120066183067,0.198503255598749,0.195075016459236,0.191635143267976,0.18808014620725,0.184636080112498,0.181331120810976,0.177920350985045,0.174592586397146,0.171402654184792,0.168219403625415,0.165025891488592,0.162027078445452,0.158789253295152,0.155866812661855,0.152729460638786,0.149846286502289,0.147081319665936,0.144202505453893,0.141412383064268,0.138720408666508,0.136084592218664
0.207233736943112,0.21140802075599,0.215643936689194,0.219987262426353,0.224420637644591,0.228941481462503,0.233535568187312,0.238214225697508,0.242978650288512,0.24780974459426,0.252727279072186,0.257689316927122,0.262737400068238,0.267820495458132,0.27298226412287,0.278161916951214,0.283390783330995,0.288609814615301,0.293864211408958,0.299110499869705,0.30435622816331,0.309570535530695,0.314785578266541,0.319915586813927,0.324889235606559,0.329812959293922,0.334597573383347,0.339262961673397,0.343755363898339,0.348068520368858,0.352118036171729,0.355920848629544,0.359423840764958,0.362716015901755,0.365644291559081,0.368325896251542,0.370548045305976,0.372518973914449,0.373936605861919,0.374706383075361,0.375627691633148,0.375752570233545,0.375438484998189,0.374697647622599,0.373588572493047,0.372113133694011,0.370334539451844,0.367801304577776,0.365168171049692,0.362020470058602,0.358885347130524,0.355465632071991,0.35170924400582,0.348022118898108,0.344319712301765,0.340378736879018,0.335990990570744,0.332083573796831,0.328134878033443,0.324332536468169,0.320677310688433,0.317178873343029,0.313962146842166,0.310645961627678,0.307609485585906,0.304979087965427,0.302615803886382,0.300082219828295,0.298015449544349,0.296027075111749,0.294284527832511,0.292670137643597,0.291201236040508,0.289783718494107,0.288535900579013,0.287165379937982,0.285942450445086,0.284742065591334,0.283426520756229,0.282135507264026,0.280912755578962,0.279277714209961,0.277730008106616,0.276110621814074,0.273962101599153,0.272423225864431,0.270182150073673,0.267945037060774,0.265780063611708,0.263319605949307,0.260596657440976,0.257919975814121,0.255031715167443,0.252125842434058,0.248870976858869,0.245870747734196,0.242428274598146,0.239035680175256,0.23578803776664,0.232133278701897,0.22854238451139,0.225056652037424,0.221289608275895,0.21795960160496,0.214168644197163,0.210446208894847,0.206832059456417,0.203185249113032,0.199476014030748,0.195890583828311,0.192292465841085,0.188645567284235,0.18535304114827,0.181546734387916,0.178505896982393,0.174853281443521,0.17148954500475,0.168212621993867,0.16491606155948,0.161899856877193,0.158647002461014,0.15556598343889,0.152472121580699,0.149367204258236,0.14659172446622,0.143842629956828,0.14081310221215,0.138275333464411,0.135425180435272
0.207326617052352,0.211574009256013,0.215935509985784,0.220383233368412,0.224936486383517,0.229564793520733,0.234302657415151,0.239123857493253,0.244040927478408,0.249031399767639,0.254107929122464,0.259259004546044,0.26448432662508,0.269782028905096,0.275134333708424,0.280542165384749,0.285973979128081,0.291458634476634,0.296954479211103,0.302434747903166,0.307956223011344,0.313438823872881,0.318967391567146,0.324338693106288,0.32967125319319,0.334774604268863,0.339936250000881,0.344862586670568,0.349650272911411,0.354290183330107,0.358547598427985,0.362629268895525,0.366396603269779,0.369926987488092,0.373192120400645,0.376018377556459,0.378256676177742,0.380219897072705,0.381844851263263,0.383459944800979,0.383785246229724,0.383873201724129,0.383533677383364,0.382742837631145,0.381442253507453,0.379746026299812,0.377869143677408,0.375064568230435,0.372230833936961,0.369042274536198,0.365098516637025,0.36125484220418,0.357473323028288,0.35299173264924,0.348386802856163,0.344462770361291,0.339659593957579,0.335520416872115,0.331139333734994,0.327100595565028,0.323051070295411,0.319312436685715,0.315656192133952,0.31249933074955,0.309345095200985,0.306400078067876,0.304029050234107,0.301632626309811,0.299558998660425,0.297581709644657,0.295903721264712,0.294323664004399,0.293091715480875,0.291651921512008,0.290553164229398,0.289409974043468,0.288252025496308,0.28705753899149,0.286060334444338,0.284871164742127,0.283556967832524,0.282169182875506,0.280615699554559,0.279126971438893,0.277359790861935,0.27531002472508,0.273312813004853,0.271116882332221,0.268600379262933,0.266217815111079,0.263574628252879,0.260696752888452,0.257666332683702,0.254685336833257,0.251631175092819,0.248180450477692,0.244921895495626,0.241320511253717,0.237907904040709,0.234173470568371,0.230505197182432,0.226929833887838,0.223017615521569,0.21936955828009,0.215515949638933,0.211888435419233,0.20808012150545,0.204245982590564,0.200415749360936,0.19661055003139,0.192994594436286,0.189440294811739,0.185689374853985,0.182120431772198,0.178536227839241,0.175199924838612,0.171708524690145,0.168311975694823,0.164955080387093,0.161613450883578,0.158506467125155,0.155306798952098,0.152176084517915,0.149192702523383,0.1462045294391,0.143308598355118,0.140449071366297,0.137658019991746,0.134912894071838
0.207319455341141,0.211673092673866,0.216123525549026,0.220690816565927,0.225350440558967,0.230120097177818,0.234977125449859,0.239938898024953,0.245002332933778,0.250158986456722,0.255400737786889,0.260737662048289,0.266162621983084,0.271671667247047,0.277233171727632,0.282860448757342,0.288552587033519,0.294286377582134,0.300031269423822,0.305824762263045,0.311574555684428,0.31721748734496,0.323220003206678,0.328938421331285,0.33448455383703,0.339956060632071,0.345289426521647,0.35058524872458,0.355631361461836,0.36063247599899,0.365160095850519,0.369538490099784,0.373558321084297,0.377594782416255,0.381121524915401,0.384191618082522,0.38680936062789,0.388983065980408,0.390673525847664,0.391419306635438,0.392379327484893,0.392401168838066,0.392062719260202,0.391264510336506,0.390177824339738,0.387822012729347,0.385582381511044,0.382529018397065,0.379009640131334,0.375777082263317,0.37147760646658,0.367132715489819,0.362845918374707,0.358152188761814,0.3533326868936,0.348405837333062,0.343573515039887,0.339160085461568,0.334293524000615,0.329687572508091,0.325561358571475,0.321323917364175,0.317638926571472,0.314229763371972,0.310783157892555,0.307985192553676,0.305326728460825,0.302908343953025,0.300770027909055,0.299016581302495,0.29734903033188,0.295959375501916,0.294650833919068,0.293532509882727,0.292509283915257,0.291552540380914,0.290596809192501,0.28966344429696,0.288630360321256,0.287556202770893,0.286415570839158,0.28513196079699,0.283738978671586,0.282189981676137,0.280468521260941,0.278603294258064,0.276542679449698,0.274322718413105,0.271901738115825,0.269355587743107,0.266590542173248,0.263697095893151,0.260673908383681,0.25751092784365,0.254218333723313,0.25081274027411,0.247286565485182,0.243670574714359,0.239952315496724,0.236237893762711,0.232427515442248,0.228581552084697,0.224715529929809,0.220795920985692,0.216892402032748,0.212976637809407,0.209044965542594,0.205164536216906,0.20129533614772,0.197444845674455,0.193640330594522,0.189810027703021,0.186107769005501,0.182431584585317,0.178801969005264,0.175229180842246,0.171701978095202,0.168241407021172,0.164833425466601,0.161486491731971,0.158209838638616,0.154992391993862,0.151839837097975,0.14875107271259,0.145723599675438,0.142765781467084,0.139869831430737,0.137034063939944,0.134258210870919
0.207209255079034,0.211657772851333,0.216211621300753,0.220884908098205,0.225657909437042,0.230549022968955,0.235556469003492,0.240670503321807,0.245873742352247,0.251193007091479,0.256630131813676,0.262144063638996,0.267751953391265,0.273472271638452,0.279267186987723,0.285132735609424,0.291060448525669,0.297068483176195,0.303103755423299,0.309180983053361,0.315308818177093,0.321474113520763,0.327357171830537,0.333448360142677,0.33938515223333,0.345088038810113,0.351086922864209,0.35690499418175,0.361795068968224,0.367464193554601,0.372538379070498,0.376992636949536,0.381950170797057,0.385721650400515,0.389352114874005,0.392654206797327,0.395040533401251,0.397896592459691,0.399431557044342,0.400953603051663,0.40144529687704,0.40161274252098,0.401300331848055,0.400125821316648,0.398648763486888,0.396370118316341,0.393638535184612,0.390612981142544,0.386728445727353,0.382636016777655,0.378172532535135,0.373348525045668,0.368322576227602,0.362983460847231,0.357629043683044,0.352592379009508,0.347134125251448,0.341920428157487,0.336842458804892,0.331978249932528,0.327338238806099,0.322894156848628,0.318883636659434,0.315198173963933,0.311833755845163,0.308773975978598,0.306134039322811,0.303797663932778,0.301786488468937,0.300049479991707,0.29856790350903,0.297301626024947,0.296219934971416,0.295281200178271,0.294446242280905,0.293669575503745,0.292916764410911,0.292153965442884,0.291343098551451,0.290451460824406,0.289457497090391,0.28822296208894,0.286996625147013,0.285539421720581,0.283893549607719,0.282087096726259,0.280048895197484,0.277783874626558,0.275371175783091,0.272710652004175,0.26999889211966,0.266891081700915,0.263840084336118,0.260536894108988,0.257106781438941,0.253552323684579,0.24988769743397,0.246127564023056,0.242284802995173,0.238374359673106,0.234420019171594,0.230415290139868,0.226384806313684,0.222328590741646,0.218263343626592,0.214083877570081,0.210159780004403,0.206124393068445,0.202121433733063,0.19814152681162,0.194219132726112,0.190397133647734,0.186501931197159,0.18271484357992,0.178982957865343,0.175309058625542,0.171696241716052,0.168149313836216,0.164666365250221,0.161251700956826,0.157903243342327,0.154621980860207,0.151409060875303,0.148262248187311,0.145186290327511,0.142178865785953,0.139236792599463,0.136356945249909,0.133548309924268
0.20698592625244,0.211534471288162,0.216193567757189,0.22096004879532,0.225865733262966,0.230893232723269,0.236022224238029,0.241272014220251,0.246653712071868,0.252135269751384,0.257731930775342,0.263451938357497,0.269292487864988,0.275194106600783,0.281203197929394,0.28732331146999,0.293532095890725,0.299810781116098,0.306149680607531,0.312534315548568,0.318993221649179,0.325406664555966,0.33174290726116,0.338096161600848,0.344460482787867,0.350569701708007,0.356751856135864,0.362763087999257,0.368674562082175,0.374085814155149,0.379796153466359,0.38463334523312,0.389420056555375,0.393852343473421,0.397861860384356,0.40135340251373,0.404352209655007,0.406931710201567,0.408945782076744,0.41036469069128,0.411028581175482,0.411178909897643,0.410652112413307,0.409503496179544,0.407711402362179,0.405323536343344,0.402304960787316,0.398717542752437,0.39460718758534,0.390033242936378,0.385053330051608,0.379725523784281,0.374110913139697,0.368399629195494,0.362524707165467,0.356604848758268,0.350737632317434,0.344995368638303,0.339431337478712,0.334107860139206,0.329077417643527,0.324427628250485,0.320086643979111,0.316158690055087,0.312648440074191,0.30958468080497,0.306852946402599,0.304530383377109,0.302569735586441,0.300937686638672,0.299603594724418,0.298521915568667,0.297646616630808,0.296930088245974,0.296329985438145,0.295794720372354,0.295281489800869,0.294744614786992,0.294142951899608,0.293443639312892,0.292612823064682,0.29161548237884,0.290443018567052,0.289082740101011,0.287499973715477,0.285691987710087,0.283664064711808,0.281432875518961,0.278966306602265,0.276289629505403,0.273420617285401,0.27035215129404,0.267078665145342,0.263668830203717,0.260098589941123,0.25639490865136,0.25257465007672,0.248653815562519,0.244650888835838,0.240580976664086,0.236455645366777,0.232288573248277,0.228084959923169,0.223870156686235,0.219649108066453,0.215442968226452,0.211247381704934,0.207072800006169,0.202925387598678,0.198820769021644,0.19476626682063,0.190765638934761,0.186815101911976,0.182920072485555,0.179086429660147,0.175319897728041,0.171618069620824,0.167985317266667,0.16442315282537,0.160932202446599,0.157513768267709,0.154169991437931,0.15089596886761,0.147694791770703,0.144565852653292,0.141507935988912,0.138521112606043,0.135604845139604,0.132757507095591
0.206660329082371,0.211293547393784,0.216051863733012,0.220917398692605,0.22593753023013,0.231084348423541,0.236368777365018,0.241775441665922,0.24729879321379,0.252956307114842,0.258748911531757,0.264650858504263,0.27067394201075,0.276829118634828,0.283081787558233,0.289415040043447,0.295835191600097,0.302671471980382,0.309173260495862,0.315784635360879,0.322472108622359,0.329268620046204,0.336145680738037,0.342682923223683,0.349402782850501,0.356027300956138,0.362867898090976,0.368919900979538,0.37526536465361,0.381312721113734,0.387098956665259,0.392596414727972,0.397750108819296,0.402528051283363,0.406872072046028,0.410736986508655,0.414040830158122,0.416858874100173,0.41900522326383,0.420459703079549,0.421437772423479,0.421547408197011,0.42097245651804,0.419691753144072,0.417696825660599,0.415003112124622,0.411632180450392,0.407635269458531,0.403051773349399,0.397941958682758,0.392381141937578,0.386445109964064,0.380214413317876,0.373791004607776,0.367262237918316,0.360696083698242,0.354204287312729,0.347877718964477,0.341762294878472,0.335935213249514,0.330479216415363,0.325436532436618,0.320821505043718,0.31668305340549,0.313019301918652,0.309835149352355,0.307113632660299,0.304846463026283,0.302990313083609,0.301524170052531,0.300387102603041,0.29953449352159,0.298912887676557,0.298469682207255,0.298151904175037,0.297900307271281,0.297665033915001,0.297394283275343,0.297042729806904,0.296569723589108,0.295939382539344,0.295120413617354,0.294089707877179,0.292829244997525,0.291325327152752,0.289572406443894,0.287567533118113,0.285306244885386,0.282796756142744,0.280053293714006,0.277081272032074,0.273896148979777,0.270513681025464,0.266952052274233,0.263229967936272,0.259364803826453,0.255375242572028,0.251277886596207,0.247093349988648,0.242839206722507,0.238531182062498,0.234183447053089,0.229806640146673,0.225420780664636,0.221036559142566,0.216661501789407,0.2123082588938,0.207982746849461,0.203696215574866,0.199456428712404,0.195268560983754,0.191137827133173,0.187067541782049,0.183062959418858,0.179127195659427,0.17526078347593,0.171467620493545,0.167749434532496,0.164107416157369,0.160542506000487,0.157056624985369,0.153646600897505,0.150313421388841,0.147057267291328,0.143877151633037,0.140772425100228,0.13774159424718,0.134785461995862,0.131902102943019
0.206203922401708,0.210923452015899,0.215797883031653,0.220755770179865,0.22583586854803,0.231184880713401,0.236590550262067,0.24213034283918,0.24782286100516,0.253658294189774,0.259617536432731,0.265718559672205,0.271977984940806,0.278342249387477,0.284835561229323,0.291431586734132,0.298111172225453,0.305293258096374,0.311709488676899,0.318915707499785,0.325778554781882,0.333311721903205,0.340411833761846,0.347390763188844,0.354526775972503,0.361612859800233,0.368601747149381,0.375397996922805,0.382171681512397,0.388650247371879,0.39491125218475,0.400864656436671,0.406466791825565,0.411670509673642,0.416412521479545,0.420640532564608,0.424324996334303,0.4273737171296,0.429776408671807,0.431478870403062,0.432418730195901,0.43259018503115,0.43196998578017,0.430549212833185,0.428334983508287,0.425337357592475,0.421576294566907,0.417100925041272,0.411970589824157,0.406258861834122,0.400045545433741,0.393412430070955,0.386453799171421,0.379277976959406,0.371990794082174,0.364698458448897,0.357500489894936,0.350508824517992,0.343780666541854,0.337407936146077,0.331475501877578,0.326022568323775,0.32109176522099,0.316711078268905,0.312900574453261,0.309643857824987,0.306929834297902,0.304739258143639,0.303034822208282,0.301765335385988,0.300877051159078,0.300310188449475,0.300001884226054,0.299886665320249,0.299905226509253,0.299993933535055,0.300087232839215,0.30012849122324,0.300066116879907,0.299854483377842,0.299454378723834,0.298828539355769,0.297959387957153,0.296819145279285,0.29540089007074,0.293696235469556,0.291702366659532,0.289420243876236,0.286859975935057,0.284033836418207,0.280956265884553,0.277643180443698,0.274115152185298,0.270392565992914,0.266496142559225,0.262447575031411,0.25826865413776,0.253977492710113,0.249597220144643,0.245146096961881,0.240642357572825,0.236100840342923,0.231535383608292,0.226965754828651,0.222402646949694,0.217855560283847,0.213335942726601,0.208852659780475,0.204414974312206,0.200031725996845,0.195708282245708,0.191449326883902,0.18725875210893,0.183140578370724,0.179096142018386,0.175129957571328,0.171243771033164,0.167438920868866,0.163716241003745,0.160076361319715,0.156520295837424,0.153046030081009,0.14965363656224,0.146342605540531,0.143112306312856,0.139961578675086,0.136888747365654,0.13389332800544,0.13097499057324
0.205610714793763,0.210436886563998,0.215386194115026,0.220606753247571,0.225092815615737,0.231135310451267,0.236660566863995,0.242361847000329,0.248198985452259,0.254198463955409,0.260366405184782,0.26666712099402,0.273111946444102,0.279709277150132,0.28646883301289,0.293344335057089,0.300426278575267,0.307449542127977,0.314730979701904,0.322040716187328,0.329498082361727,0.337369382874448,0.344560088532518,0.352142619640733,0.359766029906282,0.36725145471904,0.374704207575196,0.382043811561336,0.389256060986246,0.396263176257643,0.403021729627277,0.409477710539486,0.415574146482196,0.42125027839213,0.426445548483367,0.43110931783099,0.435169959017184,0.438564976823641,0.441238924988655,0.443136863220113,0.444205895381579,0.444438106419542,0.443762442718672,0.442207857885344,0.439757073567722,0.436424910912814,0.432240689700773,0.427242992376895,0.421497345464386,0.415103168402178,0.408129550559357,0.400689463955979,0.392906585833604,0.384878562222409,0.376734378032703,0.368595103235146,0.360600620868884,0.352850379854501,0.345435223361111,0.338447199099888,0.331964183787675,0.326080837960133,0.320803166934564,0.316173474754926,0.312213547163906,0.30889866721014,0.30622328912688,0.304148126888381,0.302635102055282,0.301620991327062,0.301039857432587,0.300821378122876,0.300889527228496,0.301170447510977,0.301590871813563,0.302080418423752,0.302561005410459,0.302967618720899,0.303240370547582,0.303329688739527,0.303191787892208,0.302790449464615,0.302096027773632,0.301092908589922,0.299765971436925,0.29810875969147,0.296122017998186,0.293812033367429,0.291186020320165,0.288263854545776,0.285063250962584,0.281603528505505,0.277909175019445,0.274004027827012,0.269912705361954,0.265660239899512,0.261273143973573,0.256763798515331,0.252172249697995,0.24750402060471,0.242788524073116,0.238037738178122,0.233269979038698,0.228504001148719,0.223748973520341,0.219018609526006,0.214325033256345,0.209675797831126,0.205080881517883,0.200547839644487,0.19608275575017,0.191690722661192,0.187375322409553,0.183138531531864,0.17898539314866,0.174917860007474,0.170937419306484,0.167045084960191,0.163243019786647,0.159527128797968,0.155900340115052,0.152362391520194,0.148911139994152,0.145546379645105,0.142266961152231,0.139071412838109,0.135957879105185,0.132925483509345,0.129972686101639
0.204884102067023,0.209801640901087,0.214843379090502,0.220006114524943,0.225314465417928,0.230901275098685,0.236582476775441,0.242414606122428,0.248433737801326,0.25459785856053,0.260924862841447,0.267432675132474,0.274119989347551,0.28094144598671,0.287932902911025,0.295110870953276,0.302453348682478,0.309866601941465,0.317416578398903,0.325089172315562,0.332839319536913,0.341373961045276,0.349152503105207,0.356735348245514,0.364941911643161,0.372956619001054,0.380916918099768,0.388795919855933,0.396544540716081,0.404109012944415,0.411428329325063,0.418443700951535,0.425092198160656,0.431307175224481,0.437025588355292,0.44217501732987,0.446676795829272,0.450460678875334,0.453459494907301,0.455611237358395,0.456846964131808,0.457137597787886,0.45645513406461,0.454760349104742,0.452055920520392,0.448355788829097,0.443690236020243,0.438121081779637,0.431685900775781,0.424495484904955,0.416669555624404,0.40832436382213,0.399594480078661,0.390574209115606,0.381446190775287,0.372353058938781,0.363443688292932,0.354841057053772,0.346636864375731,0.338957370199379,0.331890228750824,0.325511213681511,0.319865586236373,0.314972784901755,0.310867268159105,0.307524782152766,0.304918852923587,0.303005799049567,0.301734450606461,0.301041285104309,0.300838557844743,0.301042249085357,0.301564705884736,0.30231921367519,0.303215056857482,0.304170326735673,0.305102075908998,0.305932022624409,0.30659386195467,0.307030008873026,0.307192090911851,0.3070413536637,0.306549393146511,0.305693312019577,0.304461584027512,0.302850547656415,0.300863947900099,0.298512482867761,0.295807907834401,0.292770767439536,0.289426286823695,0.285796973322135,0.281911881374783,0.27779960105396,0.273488950649254,0.269009507582522,0.264386839682377,0.259647771363677,0.25481413890307,0.249910670854553,0.24496644010635,0.239989305756202,0.235004317520694,0.230024981526287,0.22506678119058,0.220143713130622,0.21526657611138,0.210443300423055,0.205683890014696,0.200995726165298,0.196384819317275,0.191855266245213,0.187410040199027,0.183054064058161,0.178789815415679,0.174619217939227,0.170543344085393,0.166565136214766,0.162679065624414,0.158888407042927,0.155192517506613,0.151589834346135,0.148081032335059,0.144663777471231,0.141336581368633,0.138097735515147,0.134945030769223,0.131877360260146,0.128892851268086
0.204018761093138,0.209006908752674,0.214147770880254,0.219427932550878,0.22482450261756,0.230493149526646,0.236337850951987,0.242313137851468,0.248474795779567,0.25481410472621,0.261351114449041,0.268041084527868,0.274925954982202,0.282005731651043,0.289290867550065,0.296711703003957,0.304314084543872,0.312103770582975,0.320021608249877,0.328097076877275,0.336381536603498,0.344780409633613,0.353329792813866,0.361522147160829,0.37012214058181,0.378694869536201,0.387212283615834,0.395668242551692,0.404015321006939,0.412190183650253,0.420129197610251,0.427767366759184,0.435034508710602,0.441857490569278,0.448171348774071,0.453876859771428,0.458891043318851,0.463131529120522,0.466517881071025,0.468974925434705,0.470435151498437,0.470845128679838,0.470145993956669,0.468315280313925,0.465343108835654,0.46124159267667,0.45604545805227,0.449819559822838,0.442621835422877,0.434538466647273,0.425743676548242,0.416329554782526,0.406512896163111,0.396384920407575,0.38613762254357,0.3759455976665,0.365993937065313,0.356384393055293,0.347307864466684,0.338852319358379,0.331125630394574,0.324193977099805,0.318147944948453,0.31299143094255,0.308746149236425,0.305398802529066,0.302905748642012,0.301224057519646,0.300266388235292,0.299967550795886,0.300228040189956,0.300944445408531,0.302013474736132,0.303328460703975,0.3047859115709,0.306286953751693,0.307743970410852,0.309063759939971,0.310171070670495,0.311001392408914,0.311502325988373,0.311637378505811,0.311366880502052,0.310669304282069,0.309536320995257,0.307967331650323,0.305972463480288,0.303562304952257,0.300757939499663,0.29758431126722,0.294069252537165,0.29024410049166,0.286139719069152,0.281791723644925,0.277234915346399,0.272498490015359,0.267617419835754,0.262618095642997,0.257521152813391,0.252363396198834,0.247168451090331,0.24194887010352,0.236728728826905,0.231521833374479,0.226348482878308,0.221221411243523,0.216150830697785,0.211145359396199,0.206214227286649,0.201364965631515,0.19660214830191,0.191930033015338,0.187353868135008,0.182876414290712,0.178499664184598,0.174225059601458,0.17005569597631,0.165985814120662,0.162018803692668,0.158153816878258,0.154389684356059,0.150724539234355,0.147158333679257,0.143690096662754,0.14031677266357,0.13703636833028,0.133846326383387,0.130745268113869,0.127731037052726
0.202995961870607,0.208051218484374,0.213285876446192,0.21869663302601,0.224433050817197,0.229000203335823,0.235926074893732,0.242025992756837,0.248353842235885,0.254851049528893,0.261553973358068,0.268464892849162,0.275589204843434,0.282899064870898,0.290412670922187,0.29814019257073,0.306068793615617,0.314157740690416,0.322490243806238,0.330942015065202,0.339571680814994,0.348391175299236,0.35757678889591,0.366325907121913,0.375332412658102,0.384450086520425,0.393569090932369,0.402649744020214,0.411648777830085,0.420492416868325,0.429112300996266,0.437440476151666,0.445399084336835,0.452916929043188,0.459901396153268,0.466247867769961,0.471858801444733,0.476637718787782,0.480488861107324,0.48332094579686,0.48506226787017,0.485635708488881,0.484963538458026,0.48300874571974,0.479760362181213,0.475226357810367,0.469439701049855,0.46247329123224,0.45440289168193,0.445328925313121,0.435403481593363,0.424806957678987,0.413728862952096,0.402310965121465,0.390771417676258,0.379324187523048,0.368168787508631,0.35746250397296,0.347330061206868,0.33800136607937,0.329533976914206,0.321994368453838,0.315531449786737,0.310096630241831,0.305726878682307,0.302411591054356,0.300099344186281,0.298706042942398,0.298151375042742,0.298335010297529,0.29916186916559,0.300497535731772,0.302217235452058,0.304197124131435,0.306316094512158,0.308459125138189,0.310522177596357,0.312407479373827,0.314024670013692,0.315304719906092,0.316193389882931,0.316638405216856,0.316609111696131,0.316079324474976,0.315045588526983,0.313512792840182,0.311492769395286,0.30900443019689,0.306074624072298,0.30273456750799,0.299018758054983,0.294964377023409,0.290608867945452,0.285994405478515,0.281155944981326,0.27613369639017,0.270961533241578,0.265674558780025,0.26029334256516,0.254856275322146,0.249387984921738,0.24390547481859,0.238433679960934,0.232986190272699,0.227583234624918,0.222240455939906,0.216966610855548,0.211770863232433,0.206661028968938,0.20164331006674,0.196723521980824,0.191907188472687,0.187197480886452,0.182596624340628,0.178106054755935,0.173727502915027,0.169460305758625,0.165302593467342,0.161255102702752,0.15731658419892,0.153485819470253,0.149760255828478,0.146138806897004,0.14262039128269,0.139202899676084,0.13588301129209,0.132657785530642,0.129525554532317,0.126483852755857
0.201806116852125,0.206947482412138,0.212247961337768,0.217721413279863,0.223345361537778,0.229073997207967,0.23526087790268,0.24156511698704,0.248007735108709,0.254685581732207,0.261581036308733,0.268684251000067,0.276014137259224,0.283575093973542,0.291362798093583,0.299371851538886,0.307590144336972,0.316073053729843,0.324674231901811,0.333568930046148,0.342608397312866,0.35175161327085,0.362062595825801,0.370669261761271,0.380461473533568,0.39020061094855,0.399964029373706,0.409715903660214,0.41941677277718,0.428991591277217,0.438367302116463,0.447465996135517,0.456201886216138,0.464505400927006,0.472253396556852,0.479337902949011,0.485643380710879,0.491056650929055,0.495463835131113,0.498761708244833,0.500856495547673,0.501641169459404,0.501041223242059,0.498985571866284,0.495454225479225,0.490454337311006,0.484021219486341,0.476225169282584,0.467151186556112,0.456953575552342,0.445751333541004,0.43377701061622,0.421211511298919,0.408309753621826,0.395304044217962,0.382409380106794,0.369859226043043,0.357889130931243,0.34660498467029,0.336257986532063,0.326966039933544,0.318782325322862,0.311838856585959,0.306135081272978,0.30166178580561,0.298425106636486,0.296343413543627,0.295336933368077,0.295283801427323,0.296071060139259,0.29757812618904,0.299660649655323,0.302159744484345,0.304928993435631,0.307824750805335,0.310716980130782,0.313483496164886,0.316016835349156,0.318220702959709,0.320015674743199,0.321328826263394,0.322116382288581,0.322344919070689,0.321992620423777,0.321054303626591,0.319544842040334,0.317479778015574,0.314886583143841,0.311799816361147,0.308257687945009,0.304302405945153,0.29997989583457,0.295338714765209,0.290415798062259,0.285260310366568,0.279917125441207,0.274425711632637,0.268815612668147,0.263121687500623,0.257381254584214,0.25161363345683,0.245849101287386,0.240108421913962,0.234405371397698,0.22876160640623,0.223190205765382,0.217702226601362,0.212307073921222,0.207009875990314,0.201818689641401,0.196739512388764,0.191775934634006,0.186930563645408,0.18220495399054,0.177601543600051,0.173115965220785,0.16875251366168,0.164507492518392,0.160380605002266,0.156370307662771,0.152474649464653,0.148690631465228,0.145016659517844,0.141450468633887,0.137990285842795,0.134633250273974,0.131375394013907,0.128214483013326,0.125147819029945
0.200451447628723,0.205654645830043,0.211018290587721,0.216597200213704,0.222364723813083,0.227734597124521,0.234469768945204,0.240863999395148,0.247468386640527,0.254302855574012,0.261358022443851,0.268675816051824,0.276227170543003,0.28402707247666,0.292052575488738,0.300333185983872,0.308882809097747,0.317705987253956,0.32673018772629,0.336033791252884,0.345511859836126,0.355234219837595,0.36558913716188,0.375283886199375,0.385501181405804,0.39591031118329,0.406359601717115,0.416833318743077,0.427292633919628,0.437671368758005,0.447881146976176,0.457836779113532,0.467451326727943,0.476634565266882,0.485253534136033,0.493186032635656,0.500301698286799,0.506463703175218,0.511537441363648,0.515416028369333,0.517947892475155,0.519018533822834,0.518532209628146,0.516417192262141,0.512606179675103,0.507107515578137,0.499958302313643,0.491228511644126,0.481022249571749,0.469509981480164,0.456856046716197,0.443272002120652,0.429029531834878,0.414414383905151,0.399678433721065,0.38513815736614,0.37096300228606,0.357547158171485,0.344964134165284,0.333459860745271,0.323239427080742,0.314346569323358,0.306896053032309,0.300914728857044,0.296379782876257,0.293275391702742,0.291526026463334,0.290997382954917,0.291567821923767,0.293096548730822,0.295421885187792,0.298393403525085,0.301815137649598,0.305514309790051,0.309325972677128,0.313095684423032,0.316682352791519,0.319969189963819,0.322842804845056,0.325196298657567,0.326994474647165,0.328156217844458,0.328657947625569,0.328487394590408,0.327637759067453,0.326131639347662,0.323993852077307,0.321261774844178,0.317978250605554,0.314189838030196,0.309949985502408,0.305318773915884,0.300341415704483,0.295074012759262,0.289556790900713,0.283847888968618,0.277999797734211,0.272034087376055,0.265998491958653,0.259919844554439,0.253834514771148,0.2477672540557,0.24173871740919,0.235764901412138,0.229866487149138,0.224056608581863,0.218346234093347,0.212741299576473,0.20725158028559,0.201883089629822,0.196640658279232,0.191527049598779,0.186544095814169,0.181695430078367,0.176974260316468,0.172384380267697,0.167923701235114,0.163592401365442,0.159388057431647,0.155308001437332,0.151349687418154,0.147509618122863,0.143785673702529,0.14017510103513,0.136674852516621,0.133282833675152,0.129995115085507,0.12680824149399,0.123718810847964
0.19890724842866,0.204179074481693,0.209615822043474,0.215263436149871,0.221129504736091,0.226950049739371,0.233350238683894,0.239949417677918,0.246683906099904,0.253675800074744,0.260929166138223,0.26842381355316,0.276172488931985,0.28419007974114,0.292512045657691,0.301099173388267,0.309964979114746,0.319119533640691,0.328541472213516,0.33821738127236,0.348225366650341,0.358311254500656,0.369368080711029,0.379775612369279,0.390456117350858,0.401526782292511,0.412704638402728,0.42396092466948,0.435250247248324,0.446498270379762,0.457626746243867,0.468534401878405,0.479131108010259,0.489309099242811,0.498922222189272,0.507831723887167,0.515889464117911,0.522937566231656,0.5288296318714,0.533401315594753,0.536484808873172,0.537937829682424,0.537637616932666,0.535488250250333,0.531428150380958,0.52540539535091,0.517474332326497,0.507704700549569,0.496197965865,0.483173003624105,0.468854655869408,0.453414259472627,0.437237703384967,0.420631298111635,0.403917262723111,0.387417508524222,0.3714146582143,0.356307842362625,0.34221199640319,0.329413508611615,0.318147048914908,0.308464892886016,0.300471306908996,0.294229251705086,0.289680255314022,0.286781743299405,0.285459963520045,0.285543905754102,0.286892471777816,0.289325997165681,0.292650548708835,0.29667198490291,0.301188806799141,0.305982776979089,0.310861823812973,0.315647272809,0.320187076509834,0.324335134137428,0.327966078825141,0.330979067481364,0.333289444164399,0.334854452764551,0.335639583491284,0.33564942888992,0.334879349915989,0.333349026640252,0.331102629935171,0.328188302096767,0.324656936271663,0.320568769107137,0.315997219424355,0.310995567775097,0.305632689818827,0.299967097396684,0.294041257070876,0.287926450279459,0.28167754012539,0.275321899462621,0.268908091418879,0.262465408116803,0.256036010615191,0.249643551194415,0.243308655167912,0.237047683335787,0.230880948502963,0.224821346809194,0.218875641483887,0.213055965674972,0.207369114009226,0.201819940931315,0.196411685071446,0.191146459410222,0.186028057042102,0.181049432863895,0.176214331312012,0.171520768762677,0.166966660149005,0.162549281859814,0.158269743055809,0.154122497295775,0.150104274964533,0.146211081693009,0.142440179596866,0.138788326870806,0.135251987624744,0.131827682671517,0.128512640171898,0.125302542153194,0.122194035377325
0.197191154258993,0.20250329285858,0.208017947078836,0.213721946128734,0.219663320203177,0.225971407043401,0.231821092659429,0.238710993918505,0.24568318555192,0.252801474729238,0.260204186577758,0.267885813593685,0.275861742674987,0.284124276296035,0.292690655094145,0.301549055080455,0.310753058749412,0.320214891007379,0.33005354832755,0.340176376061544,0.350610985598574,0.36139540155225,0.372522721855168,0.383659232585067,0.39521892209383,0.406996820500024,0.418955440204083,0.431050817776824,0.443236666394685,0.45543790170589,0.467566267237174,0.479529382356414,0.491222325872098,0.502524238861294,0.513272021134168,0.523306309849176,0.532457721844985,0.540552940242293,0.547425830996665,0.552846382223003,0.556626589952788,0.558588318789318,0.558574048874698,0.556456366989439,0.552147480481076,0.545622850644137,0.536829106463907,0.52587909005154,0.512919408524186,0.498178939405844,0.481883024593757,0.464346483950292,0.445882888016652,0.426947601957254,0.407910990312189,0.389139863533814,0.37100348666692,0.353928166270543,0.338129863195095,0.323874014304299,0.311417702019268,0.300875340626421,0.292313725709488,0.285826405768556,0.281317840316761,0.278712303283258,0.277941876124964,0.27882157084904,0.281129824120085,0.284664174459987,0.289192262941426,0.294470695664086,0.300279776159533,0.30636187603335,0.312488041786393,0.318465233648499,0.32409923306131,0.329224578106497,0.333706500118659,0.337432570060268,0.340322736901377,0.342314363608799,0.343409889132701,0.34358751329883,0.342865486107275,0.34127967135617,0.338881961121502,0.335727989122266,0.331883184447504,0.327441208830766,0.322474706240128,0.317035453547896,0.311222837220036,0.305098706642092,0.29871271318982,0.292145240654221,0.285447719310043,0.278661469828763,0.271837057320362,0.265001127788896,0.258199010381504,0.251458323079236,0.244797625922143,0.238234024687373,0.231785425395998,0.225460978055762,0.219275066042387,0.213235122936649,0.207346650215876,0.201613407284645,0.196037386000855,0.190621870708198,0.185361685520211,0.180258348603229,0.17531010176736,0.170515172815293,0.165870151354114,0.161371699147911,0.157017656179364,0.152806425275017,0.148731622081936,0.14478877610001,0.140974436524915,0.137284874511408,0.133716086248548,0.130263667386241,0.126923751344558,0.123694289309361,0.120570169948975
0.195289186820907,0.200637316655391,0.206207175667149,0.211959611907839,0.217948552959301,0.224113798823841,0.230584265069256,0.237445728925496,0.24439907677452,0.25164655086001,0.259233973301503,0.267078422150224,0.27523528291635,0.283712395326532,0.292531031062983,0.301679903725343,0.311200434924011,0.321010849939841,0.331215875826327,0.341804090259857,0.352681297187274,0.364031807572103,0.375869198973274,0.38761088904752,0.399746742462728,0.412270930147927,0.42505379261875,0.438043376760538,0.45119447831363,0.464429517041424,0.477658019879619,0.490778664947956,0.503692597164708,0.516257339704337,0.528287360218276,0.539614828999,0.550045079055171,0.559392703361953,0.567428725414695,0.573894478948092,0.578553411944394,0.581185678635946,0.581589541231905,0.57959623810842,0.57510332021517,0.568021894505304,0.558334264408852,0.546078258558133,0.531446765921802,0.514698903603799,0.496132160058238,0.476098182593973,0.455009064092938,0.43335649501017,0.411574827031994,0.390160993473391,0.369554125970498,0.35024695832379,0.332450204048542,0.316541472391485,0.302735288380417,0.291259422143014,0.282122361713802,0.275382058337281,0.270994911588167,0.268829180484658,0.268787701455333,0.270639237407427,0.274133808841925,0.279008969738462,0.284982208883617,0.291769646875181,0.299095733532544,0.30669115310703,0.314290212786827,0.321639539623037,0.32852457347725,0.334762478484537,0.340203237545455,0.344725176036658,0.348243044628756,0.350699910284651,0.352095484530546,0.352422106000185,0.351710991710161,0.350013176841307,0.347412232126155,0.343930574781875,0.339711690434582,0.334850752043868,0.329390809503394,0.323450738122421,0.317120958812497,0.310470659168021,0.303567100469673,0.296493198026629,0.289294408842203,0.282038295283153,0.274763048432046,0.267505084531955,0.26030543660889,0.253190712662619,0.246183254591621,0.2393003621604,0.232552982297929,0.225958429128933,0.21952541410872,0.213260090174878,0.20716650274041,0.201247159122118,0.195503789178866,0.189933183102429,0.184535970458572,0.179309027540723,0.174250540183238,0.169357180144245,0.164624537901393,0.160048503832634,0.155625836124579,0.15135222989868,0.14722483363479,0.143236389697863,0.139382711604377,0.135659543926962,0.132061686171548,0.128585307994363,0.125226047671147,0.121979942033359,0.118843948262695
0.193173407254693,0.19855823271231,0.20416136781237,0.209977888855703,0.216039578643861,0.222301060772096,0.229080955634044,0.235639775095086,0.242793696819183,0.250182249296581,0.257920950132024,0.265936952493504,0.274309341176355,0.283008736792556,0.29206201045342,0.301461641487293,0.311260718547335,0.321454362769123,0.332031595298336,0.343055887062677,0.354395108996272,0.366172853327558,0.378695114247182,0.391411610138936,0.403948350254601,0.417280069523969,0.43092851016708,0.444868366686253,0.459053126926623,0.473403761238497,0.487832659139648,0.502231913992466,0.516487656195219,0.530465315716473,0.543963569402017,0.556784084426518,0.568705272014149,0.579531617803104,0.588959038383687,0.596704218651578,0.602470151410863,0.605977506744624,0.606971135004215,0.605245426245126,0.600628317281696,0.59298817266474,0.58230180345796,0.568627066192361,0.552089076361568,0.533036837946037,0.511784750015625,0.488821359643975,0.464666998233406,0.439796584989903,0.414814591885065,0.390322643544367,0.366830739440832,0.344864862468136,0.324842727831124,0.307048601894925,0.291768476778611,0.279223110269273,0.269487668416818,0.262552378283333,0.258401175747073,0.256836614498557,0.257709306707709,0.260781364891428,0.265718889926721,0.272213088583776,0.279928550484799,0.288520879333482,0.297656644365977,0.307050526615497,0.31635115505058,0.325282645294824,0.333601713722134,0.341102498836616,0.347618710282035,0.353021062904531,0.357207156288766,0.360159713075971,0.361847650627559,0.362291772305405,0.36154054633835,0.359673467626015,0.356752056694036,0.352907613777734,0.348230353027803,0.342832579398937,0.336799120545099,0.330261948129483,0.323333319199554,0.316080358512445,0.308593125528182,0.300940197185511,0.293200287823737,0.285428109937232,0.277663981853081,0.269950306715887,0.262325728817678,0.254816915410814,0.247443973852051,0.240222330348381,0.233169226353538,0.226295473081112,0.219608819858073,0.213113641917054,0.206812287678447,0.200708716541321,0.194793806619069,0.189070820673653,0.183536051288645,0.178189004996569,0.173023797626053,0.16803587331082,0.163219795927241,0.158570552281608,0.154083840107272,0.149754275878368,0.145576933665154,0.141547603614089,0.137659159664897,0.133906195223926,0.130284383709004,0.12678873167691,0.123414440593691,0.120156935942618,0.117012194662313
0.190849550465466,0.196264412743853,0.201893807648958,0.207757999946986,0.213848423774367,0.220229288775022,0.226854046542877,0.233292290981166,0.240683710901305,0.248487063309426,0.256343446644,0.264490315609254,0.273016961717224,0.281905887030603,0.291187479383705,0.300885182075163,0.310984366169868,0.321503836296876,0.332434149701512,0.343883413626823,0.355685672692929,0.367894572834629,0.381905006653213,0.393593588127335,0.407805641989564,0.421943984619037,0.4364986979861,0.451446403848493,0.466728921667741,0.482276730983462,0.498006760566815,0.513807256422447,0.529541483850321,0.545104170544838,0.560269406077924,0.57480648142377,0.588468536029648,0.601034762425254,0.612134263697059,0.621435475961529,0.628593645336837,0.63324044493752,0.635053514729156,0.633785123625803,0.629142424217604,0.62096697874936,0.609201377656416,0.59389786635242,0.575221904173594,0.55348309597791,0.529133324126633,0.502713063098348,0.47495422182891,0.446292587847694,0.417534558596189,0.389450745045884,0.362621133814533,0.337644697935457,0.314900852626043,0.294962597600785,0.278039466655184,0.264329890866989,0.253992338172629,0.24693951538823,0.243166220919153,0.242404552351596,0.244473868480198,0.249026838768464,0.255729092911369,0.264178484823412,0.27397013616009,0.284702569820059,0.295996251837596,0.307464388223714,0.318757219005835,0.329527988001924,0.339498843918285,0.348432243388037,0.356149989183926,0.36251853249501,0.36743887050419,0.370883111369511,0.372842770371459,0.37335962492087,0.372502293474557,0.370365694779868,0.367047615774748,0.362711648303858,0.357454529838412,0.351406186641897,0.344701125229701,0.33747497625633,0.329855902255591,0.321915780521309,0.313769386078913,0.305476198856939,0.297136874720739,0.288799892629795,0.280507738553702,0.272304180202307,0.264226688962564,0.25629849565731,0.248539844636249,0.240970629729987,0.233602534268449,0.226443453820274,0.219499092955333,0.212771935532888,0.206265439868003,0.19997039574783,0.193889046538838,0.188017486158843,0.182349512491172,0.176884845850929,0.171617565199967,0.166540042943518,0.161645668579932,0.156928483490921,0.152383040795256,0.148003153845184,0.143782664740541,0.139715788564019,0.135797233627077,0.13202039769129,0.12837970380779,0.12486968799338,0.121485132389463,0.118221049916269,0.115072517034322
0.188318094110014,0.193747753081596,0.199399009257862,0.205287393163001,0.211402330955265,0.217839491083221,0.22443367011152,0.231308740654602,0.238949290406692,0.246473434538848,0.25436367707197,0.262661515907889,0.271354287069492,0.280462619012359,0.289940123082869,0.299865137532095,0.310221350834857,0.321064728194597,0.33239999899136,0.344241532307671,0.356556771421267,0.369119069524465,0.383446184864203,0.396898662255624,0.411148390327148,0.426169277693955,0.441676882740866,0.457673842328514,0.474119118213836,0.490944805739168,0.508068613287329,0.525387952380408,0.542772141051047,0.560099850741241,0.577141989966816,0.593648168581828,0.609335807288304,0.623950450576737,0.637058688600142,0.648264885932066,0.657149321217397,0.663282343985687,0.666250183035879,0.665655449814378,0.661146919178461,0.652493794710258,0.639590102672536,0.622466853276214,0.601367927265293,0.576537572766846,0.548546986641215,0.518114964955188,0.485949464434115,0.452852760981994,0.419662557488661,0.387303523314604,0.356522966041154,0.327950579908326,0.302163153614005,0.279768938814173,0.261012719888123,0.246045304313399,0.235135238262392,0.228082349822036,0.224847813845234,0.225151604010876,0.228731748338097,0.235110844709291,0.243969609406658,0.254777412596434,0.267059972917831,0.280351731799423,0.294171991233131,0.308073796183495,0.321664507531872,0.334547171896767,0.346398299379785,0.356957865378333,0.366004711523026,0.373445765952349,0.379157184536638,0.383094172894927,0.385293185044233,0.385811688551275,0.384747811473352,0.382227628362344,0.378399702359577,0.373385857728237,0.367414172573217,0.360618158474661,0.353113370014899,0.345089881134637,0.336664378530542,0.327954483524466,0.319064429901714,0.310069181529466,0.301067052757833,0.292114909837744,0.283255046360752,0.274527756173241,0.265966247722848,0.257596616435295,0.249441064745718,0.241513142000366,0.233821944175839,0.226372889073299,0.219168589388122,0.212212343904464,0.205493754266087,0.199014907739614,0.19277050889495,0.186755439989104,0.180961220974216,0.175384003022916,0.170019251455989,0.164858194650238,0.159891751408214,0.155112855206434,0.150514931750913,0.146090893974744,0.141833206133025,0.137735414365902,0.133792138277503,0.129997164441573,0.126343163581951,0.122824154180556,0.119434517546172,0.116168806716434,0.113021680560266
0.185558914651968,0.191006337166031,0.196649098187147,0.202569270594616,0.208719257829773,0.215168242437317,0.221861157294871,0.228652905722773,0.236213814141998,0.243994077765911,0.252043514348611,0.260484732922021,0.269290269841223,0.278549600535438,0.288228667343596,0.298400759501918,0.309048011450973,0.320191897027932,0.331834490573696,0.344067609506189,0.356865919623262,0.370225295893968,0.385233781547567,0.39872881432344,0.413998661169166,0.429863005491622,0.446339004986678,0.463423748485321,0.481078870759576,0.499261002415003,0.51788242463658,0.536857449551731,0.556053504956931,0.575345804014839,0.594491715225758,0.613240129195626,0.631268890001919,0.648299355014048,0.663818910621351,0.677340467624066,0.688378281214356,0.696408057834816,0.70095498653417,0.701375154423317,0.697249728089245,0.688244472078536,0.674175657259596,0.655037882099675,0.631088699845614,0.602706292574135,0.570395341222838,0.535154333037222,0.497760083788199,0.459341378184858,0.420908614278975,0.383519766256515,0.347999157023605,0.315398956980862,0.286085140495011,0.260830132236323,0.240042523318669,0.223769410536367,0.21229043878409,0.205397563205402,0.202940410011763,0.204630332322146,0.210131967966266,0.218781898960812,0.230227345080878,0.243885250298197,0.25915808308764,0.275470325783383,0.292266675931196,0.309024281755398,0.325273543147681,0.340587661853046,0.354582560412505,0.366967801255686,0.377514390096563,0.386096459723106,0.392613203618574,0.397043203591466,0.39942602761389,0.399851960290834,0.398451794622003,0.395399506433652,0.390860612369022,0.385059958188898,0.378207299349194,0.370489719674923,0.362049903231623,0.353096283531196,0.343745258450519,0.334166976051633,0.324442950673386,0.314675436813136,0.304950330802398,0.29532797487598,0.285857752112885,0.276569383545024,0.267499695716238,0.258674429718303,0.250109178383564,0.241814123956861,0.233794912329708,0.226053561841791,0.218589337304346,0.211400600539441,0.204478569750145,0.197820632851077,0.19141940193429,0.185267231578845,0.179353668919992,0.173673121167113,0.168217006637719,0.162978767605409,0.157947586841057,0.153114238985902,0.148471013817688,0.144008993734416,0.139721337393832,0.135600466861266,0.131639075847897,0.127831665417388,0.124170420044168,0.120648241057308,0.117259108194123,0.113997451142961,0.110856696411131
0.182586081585274,0.188010613523583,0.193663553682005,0.199565969892553,0.205735119847655,0.212190159439581,0.218947294240502,0.22598239770222,0.233206878102821,0.241109701719934,0.249288638043746,0.257859148516138,0.266815323228733,0.276240949146372,0.286089645819044,0.296438855764721,0.307301715238162,0.318715483333298,0.330723373822369,0.343306293221236,0.35657626381412,0.37040626838634,0.386101668004873,0.400060771246311,0.416231852497702,0.432918596531034,0.450367116166257,0.46855638218668,0.487483775359282,0.50709083005633,0.527304155645271,0.548056336970147,0.569228719218481,0.590684230423691,0.612190920513136,0.633472475405046,0.654200372633525,0.674058087996864,0.692430445457994,0.708793341334715,0.722531450722402,0.733039260279932,0.739627159807632,0.741556702114364,0.73815923696151,0.728993078030654,0.713767919102839,0.692428656888398,0.665203649971409,0.632559951780449,0.595211024984188,0.55410427498183,0.510494475306941,0.465689618147737,0.421026726282235,0.377673948557299,0.336557302470642,0.299205805965539,0.265883123327806,0.237387302110122,0.214374740339694,0.196757884677446,0.184750060400189,0.178219423951932,0.17684859306484,0.180327218432885,0.188161853065766,0.199654130531561,0.214261732555482,0.231373906500077,0.250205576744198,0.270097811858594,0.290396686581397,0.310491302532319,0.329827722749614,0.347933663447914,0.364368235856549,0.378796576352412,0.391006866567271,0.400820551746579,0.408158055230076,0.41302225636943,0.415487737514618,0.415687318479039,0.413794933498034,0.41002542643573,0.404603864169994,0.397801010196065,0.389873112332886,0.381040122085431,0.371498555203194,0.361441719984942,0.35106343668459,0.340504513238597,0.329856175449454,0.319238291809222,0.308730344380487,0.29839255399176,0.288263841589364,0.27838728012048,0.268789816833351,0.259492720595585,0.250507178684211,0.24183898358799,0.233489187081365,0.225458847816009,0.217734663860694,0.210314105009051,0.203195180860373,0.19636591713387,0.189815889464804,0.183535067092463,0.177510910462056,0.171735814884008,0.166199297706922,0.160890927632838,0.155802812167873,0.150923021878967,0.146241696395305,0.14175056650804,0.137440937817917,0.133304462492303,0.129333190499642,0.125519475849077,0.121857403699261,0.118338338036389,0.114956125361783,0.111703358022702,0.108574355530525
0.179370362432135,0.184777551368569,0.190414714067513,0.196298233270873,0.202461260384142,0.208922680699148,0.215698948495121,0.222776685302195,0.230074731848506,0.237835031370581,0.24618317860339,0.254877149145449,0.263896671032142,0.273406825775989,0.283416383124264,0.293944357538411,0.305057425569115,0.316712145236857,0.32901290101813,0.341935315608078,0.355609485285986,0.369829971990307,0.385153478631323,0.400948708022315,0.417694553497032,0.435217242153304,0.45364495909805,0.472967890649528,0.493181363393503,0.514255974253949,0.536148099803444,0.558790343745711,0.582099354362363,0.605918497416291,0.630042134916504,0.654192048572609,0.678004573367003,0.70112065897099,0.722927569451777,0.742755347610917,0.759863408278326,0.773546469960283,0.782854762192381,0.786867141919207,0.784739723209115,0.77571687201241,0.759391395941245,0.735636112756862,0.704608123148651,0.666925981685276,0.623506841118464,0.575390382632815,0.524259239102784,0.471820840454954,0.419657588042364,0.369149306790308,0.321589072866014,0.278625168875444,0.240681453060374,0.208610543046958,0.18306738541639,0.164077196115513,0.151647313337621,0.145781356426523,0.14590082821417,0.151671732563651,0.162433316018347,0.177370223712747,0.19580749220465,0.217010165191767,0.24011155443955,0.264269514282077,0.288713961785513,0.312711943788288,0.335633845878003,0.356936836319319,0.376138147021551,0.39288969730315,0.406905257572302,0.418021489971248,0.426176204629342,0.431402011435793,0.433816400348456,0.433606648573239,0.430967120993451,0.426259835711529,0.419711704101455,0.411664865756791,0.402439824390121,0.392264086101248,0.381436914543024,0.370111478151237,0.358560178730489,0.346899792769156,0.33523350159056,0.323685623046123,0.312332128145566,0.301219625081825,0.290403455288653,0.279915102454869,0.269775062904345,0.259996207390261,0.25058561155068,0.241543130716571,0.232867709370451,0.22454405643533,0.216568603666185,0.208930227297485,0.201618549126275,0.194628045611829,0.187939724667145,0.181540817357501,0.175416855011891,0.169557644095662,0.163950971652401,0.158584756689696,0.15344692651127,0.148529251283341,0.143820043314615,0.139308734720434,0.134985716120529,0.130841809461026,0.12686855857426,0.123057398850863,0.119400342825159,0.115891449663666,0.112521670053926,0.109284078711824,0.106171789816147
0.175935632689126,0.181301725403976,0.186907786128002,0.192759114338027,0.198900533842034,0.205334851241056,0.21210875089416,0.219214987397284,0.226642674835123,0.233865288608377,0.242839223243412,0.251397225991852,0.260504671829101,0.270116484233175,0.280249343869978,0.290890215193286,0.30216543242505,0.314028136141052,0.326593617615653,0.339873817373507,0.353858617008886,0.368754751970066,0.38485998887709,0.401041275260856,0.41819851054075,0.436617194506125,0.456024787943034,0.476466825462917,0.497981716044697,0.520566775759007,0.54419985708037,0.568842825410808,0.594415462599752,0.620794017447774,0.64779323489753,0.675147609694547,0.702478254986719,0.729349824196061,0.755234838539054,0.779276286766643,0.800584743681583,0.818324603700361,0.831251336381372,0.838172102896579,0.837968850995189,0.82962689542778,0.812382980998575,0.786026876114382,0.750624498528802,0.706883833587993,0.656172205945828,0.599647787163373,0.539442317083899,0.477725996268925,0.41638849071484,0.357344274882664,0.302133189800875,0.252580770713166,0.209337339797563,0.173286575490425,0.144972771296969,0.124626648557112,0.11203717710444,0.107169099576072,0.109296817103555,0.11796610237829,0.132324949907881,0.151513165254503,0.174624237076756,0.200711246657224,0.228875209462159,0.258057088872895,0.287351659013621,0.315923104288775,0.343026901114728,0.368026416952603,0.390405858106996,0.409724071551481,0.425705215721193,0.438187574065889,0.447130461523818,0.452603241030522,0.454777906248554,0.453898100927128,0.450236968864196,0.444271318816639,0.436277325274568,0.42670041322329,0.415873743524122,0.40414475910143,0.391787158190234,0.379038816622323,0.366151782819474,0.353263997126905,0.34048434119736,0.327927332972685,0.315655320643153,0.303735620806899,0.292204392164761,0.281084874343348,0.270389852247953,0.26012499380916,0.250289534725765,0.240879273704568,0.231875948940344,0.223273176688719,0.215058313857778,0.207214659978273,0.199727242028566,0.192583963382693,0.185770480679582,0.17926653707658,0.17305539719498,0.167124375165048,0.161459339293048,0.156045419892166,0.150871485359609,0.145925307453518,0.141198376625082,0.136676674203966,0.132349646879859,0.128207344386034,0.12424063294569,0.120440666743527,0.116797312463543,0.113303705268749,0.109953205781531,0.106736633659851,0.103648133487354
0.172256796804337,0.177574959508347,0.183136548273305,0.188942576832194,0.195050954980902,0.201435265386023,0.208202067041257,0.215318818217545,0.222957661677862,0.230208065035054,0.238716170225661,0.247440585221052,0.256605139058559,0.266253323791705,0.27647961920142,0.28724483407586,0.298680064781499,0.310742979782898,0.32351835721058,0.337039559863217,0.35133686189578,0.366444287906242,0.383351771380691,0.400232425163281,0.417783458516594,0.436989872306438,0.457321129364476,0.478890869902765,0.501682220908094,0.525788577420819,0.551200797870667,0.577907173553227,0.605863175436524,0.634978550278133,0.665098590629743,0.695981721799296,0.727271186657518,0.758521166675469,0.789163143576447,0.818303480036163,0.844835175846595,0.867740954816897,0.885472339506439,0.896442276000226,0.899128762114833,0.892149216014578,0.874456241590755,0.845317289479336,0.804844701865772,0.753965839240066,0.694135939606408,0.627391647356021,0.555982899255044,0.482881447027763,0.410443052654543,0.341240112982787,0.277014159569078,0.219774497794814,0.170517503362334,0.130038725184562,0.0987969628584709,0.0771675838497177,0.0647414112348075,0.061279496014726,0.0660497222291202,0.0783385963966603,0.0973009942879325,0.121664893206565,0.150415591494682,0.182392744150265,0.216539223624458,0.251660864845864,0.286650875243076,0.320534313378058,0.35245974623511,0.381710907193143,0.40770588025399,0.429899707922696,0.448010504050874,0.46190433965997,0.471567127907582,0.477114459716357,0.478777290754632,0.47685373238246,0.471847721898087,0.464263815536257,0.454429509893415,0.442960095671532,0.430190798972143,0.416626223901394,0.402493337402064,0.388123438738838,0.373732876934582,0.359482947454698,0.345491908555783,0.331838632168511,0.318610595492765,0.305850057559119,0.293582543656767,0.281820297757605,0.270566789228092,0.25981788632125,0.249565582993345,0.239788075892547,0.23047481429112,0.22160853620939,0.213169816211053,0.205137000541482,0.197491002100083,0.19021415845682,0.183287775376044,0.176694286460948,0.170410783073917,0.164421402334697,0.158710110483502,0.153262833462465,0.148065489119315,0.143104909851921,0.138369331320006,0.133847967227994,0.129527165130809,0.125397305647519,0.121446107055177,0.117664510364222,0.114043359534415,0.11057347585445,0.107247435237332,0.104059045561235,0.101000133804261
0.168336891021875,0.17358262968866,0.179079369874611,0.184827769065789,0.190880742428894,0.197230674776497,0.203927299462136,0.210992417737562,0.218348642908793,0.22604656396586,0.234187793417204,0.242989539567258,0.252206223415036,0.261893082616892,0.272166575339123,0.282989464783047,0.29449232501184,0.306670922250224,0.319596630211287,0.333361528964061,0.347929817087188,0.363493029268051,0.380317522336649,0.398048994454768,0.416210727452004,0.436165311134631,0.457398283179784,0.480010364694959,0.504061210165584,0.529622668791893,0.556809359143179,0.58560827349447,0.616023970773334,0.648017058477164,0.681484445219698,0.716235441775859,0.751957350405927,0.78821388762166,0.824422949982164,0.859624330338629,0.892620793094233,0.922077877511249,0.946172420013233,0.962708708406935,0.969697533755683,0.96517570484767,0.947682174885113,0.915777363522384,0.869432660749885,0.809778208425716,0.738716109405801,0.659017601401224,0.573902203515512,0.486737796171378,0.400928359615751,0.319504614511528,0.244699428234163,0.178661826991419,0.122476643568341,0.0770986109424685,0.0428619511175912,0.0200178678257428,0.00816006474352898,0.0068559050307869,0.0150773727843043,0.0320320205674067,0.0566688397067246,0.0873375516266798,0.122875703956473,0.161926128023307,0.203158916232751,0.245297792649188,0.28697156577297,0.327089243225438,0.364578999729808,0.398671790659707,0.428653174656657,0.454025049514305,0.474457925841854,0.489808333038782,0.500094315305783,0.505497510099605,0.506274485280068,0.502941802357524,0.496088783920237,0.486326419637696,0.4742273064286,0.460357595198026,0.445329850359773,0.429581707791528,0.413431384253053,0.397222737836964,0.381173138693879,0.365436328749018,0.350122593604254,0.335324166750176,0.321096593107987,0.307469036747164,0.294452119937683,0.282043654607985,0.270237902447018,0.259013361548824,0.248347437781188,0.23822263326819,0.228619790585243,0.219510143027609,0.210868144500146,0.202666908528697,0.194882765268061,0.187493394432741,0.180474782251442,0.173806847848843,0.167466527666463,0.161434549629485,0.15569381180389,0.150227423386872,0.145020179243264,0.14005801807884,0.135327564559718,0.130816772415605,0.126513903275589,0.122405063359728,0.118479329607196,0.11472619305942,0.111135147841205,0.10769749400439,0.104404922305909,0.10125167875498,0.0982290148716258
0.16417308407636,0.16934208035546,0.174755394421091,0.180428995384685,0.186399232172118,0.192665910119681,0.199299147480019,0.206277162168277,0.213587247110206,0.221312113082868,0.229415679027694,0.238057594759322,0.24722352943764,0.256910359598791,0.267213729238623,0.278069906806702,0.289623698133005,0.301901052917505,0.314942208079854,0.328872206664332,0.343639518934495,0.359512647076659,0.376375026081107,0.395043809300571,0.413431211364404,0.434032339192494,0.456056047981231,0.479618566874337,0.504859606825171,0.531897566961203,0.560745975227443,0.5916140071479,0.624518633371328,0.659477696368265,0.696463613165299,0.735363064025953,0.775940800385133,0.817848398562322,0.860464491419282,0.902859248313963,0.943723487651299,0.981442432732869,1.01387894872396,1.03814857854331,1.05148117575446,1.0511793884385,1.03475089099455,1.00026382981415,0.947142288887942,0.876583808106717,0.791386190060317,0.695381228250654,0.59310825347428,0.488409876998265,0.386376862967209,0.290487120510117,0.203437616854904,0.127213004758459,0.0630739811392421,0.0124381020101632,-0.0247347125744308,-0.0485198533065951,-0.0591636174801982,-0.0575814504822604,-0.0447653864289285,-0.0220442433092699,0.00944886572353253,0.0478728309520037,0.0916725605568429,0.139193052090465,0.188868414183148,0.23925982685789,0.288847836010786,0.33612695219317,0.38009385886692,0.419710910623217,0.45421061620636,0.483053347537302,0.5059260455361,0.52270819157529,0.533464294664276,0.538355318869525,0.53785373868348,0.532529507984945,0.523248813621054,0.510666837308196,0.49570643417944,0.478915640224007,0.461171696250087,0.442877856150939,0.424414919663224,0.406142283637599,0.388256223698177,0.370907338722973,0.354210130853085,0.338222809621677,0.322972757762502,0.308470230918661,0.294706222057123,0.281663958290779,0.269318859815404,0.257634729535113,0.246584570996571,0.23613408237247,0.226264507316145,0.216937700864853,0.208118475361118,0.19977436595736,0.191876748764098,0.184398281375136,0.177311202879346,0.170587841087882,0.164208583220649,0.158153297041853,0.152399818535856,0.146929971664939,0.141727459227422,0.136777613535373,0.132066763348662,0.127578816730251,0.123303730268998,0.11922794263265,0.115338289820904,0.111622685620693,0.108070291234726,0.104675134766389,0.101423995959574,0.098312820896498,0.0953330684964845
0.159785191204363,0.164853554092445,0.170172008042477,0.175745222944614,0.181608932738043,0.18778498308182,0.194314248220508,0.201211849246039,0.208437609043305,0.216081237028907,0.224070961154331,0.232516458455247,0.241754227235449,0.251416643137319,0.261658787428533,0.272486492724872,0.28400187427619,0.296296570808666,0.309349501774767,0.323363738762908,0.338272703057712,0.354324126901429,0.372279038614091,0.390054827620425,0.409285994065292,0.430423276999345,0.45311818638431,0.47753440904076,0.503828582469662,0.53214301556436,0.562674100186323,0.595515773005754,0.630861896234148,0.6687966135556,0.709391477147549,0.752659659305416,0.798487752314657,0.846599261843082,0.896482186824625,0.947280274907302,0.997649238552173,1.04563695912604,1.0890476027464,1.1239789997723,1.14658482655304,1.15308131232354,1.13943943243483,1.10256507849459,1.04164933833373,0.957562230108469,0.854275199522919,0.737662570493175,0.613404041403522,0.487267839999204,0.365398655262632,0.252221166497135,0.150585075186039,0.0627126936211825,-0.0100131063261352,-0.0663902995109057,-0.106322331751756,-0.130537177000267,-0.139135960870054,-0.133465340722272,-0.114941764046658,-0.0848216635771736,-0.044991604535729,0.00269951330429526,0.0563045819857737,0.113965031639737,0.173767517320499,0.23402009385203,0.292723889369629,0.348502175076807,0.399908653640051,0.445811337648537,0.485366192342423,0.518021308368196,0.543479197172972,0.561641341622634,0.572496789660922,0.576511394797874,0.574110304744182,0.56609097826383,0.55352702451198,0.537386731113279,0.518758716215207,0.498487619854496,0.477507717960165,0.456252472689457,0.435184721802294,0.414609105135984,0.394733288546569,0.375695591734373,0.357562127543981,0.340358617384204,0.324082723776263,0.30871629537866,0.294228526785126,0.280575469046096,0.267717753378669,0.255605220959757,0.244206637079176,0.233470918339716,0.22336378691045,0.213851166569814,0.204886751360939,0.196430430044456,0.188448279266113,0.180907082020489,0.173773645554585,0.167023057404816,0.160627942520718,0.154566952773462,0.148818899005559,0.143362352923036,0.138180187593694,0.133259508334098,0.12858007849511,0.124129666879885,0.119894282756859,0.115862801838506,0.11201959790402,0.108351507707286,0.104849560462301,0.101502926713204,0.0983038317273605,0.0952426247933195,0.0923121498223888
0.15513993197719,0.160101669730778,0.165307482478947,0.170781213337669,0.176513728329959,0.182589164163713,0.188979827300421,0.195770673687446,0.2028825192263,0.210425691471423,0.218447394371367,0.226184144711856,0.235379821626979,0.245369363161654,0.25541036513019,0.266172032419601,0.277632028838472,0.289894549394524,0.302924061459177,0.316972681686923,0.331871320904439,0.347765348962218,0.366038116653481,0.384530328738458,0.403604353365721,0.425177066517438,0.448419248541725,0.47354771957896,0.500746526391009,0.530231490623948,0.562204653445872,0.596903130781307,0.634514839311732,0.675332719122802,0.719522135069628,0.767237172573487,0.818538984280978,0.873337325494402,0.931302574304805,0.991743542890461,1.05339016853607,1.11429804635073,1.17164745606824,1.22123887132102,1.2573958898,1.2746385736611,1.26669426818828,1.22844963166963,1.15794135073339,1.05709322582311,0.930300096207775,0.786459905422728,0.633652878735936,0.480747899200652,0.33488514400803,0.201201476720905,0.0824844155248284,-0.0184912978733483,-0.0999886554786138,-0.162303728381656,-0.204664738221201,-0.228320668281865,-0.233962959460461,-0.222838830449641,-0.196917765966217,-0.157639487940238,-0.107744359912248,-0.0488659432728897,0.016548557166984,0.0862416741886285,0.158078791011036,0.229853322150888,0.299540653205732,0.365159949077356,0.425140677064956,0.478173631913734,0.523350014891351,0.56014424963303,0.588289914990613,0.607711584467434,0.618474681674447,0.621010923721315,0.615850614863759,0.604263746507154,0.58719704302073,0.566560111611419,0.543320091249592,0.518817517174599,0.493968770889022,0.469366127136955,0.445359869823487,0.422291854026655,0.40032971855113,0.379545913236464,0.359957529315613,0.341545295152592,0.324267384281601,0.308069318054236,0.292895684185566,0.278680904059309,0.265345629952758,0.252856714477474,0.241150857425003,0.230172714837984,0.219876303240659,0.210212194978477,0.201140025913029,0.19260761979037,0.184572430898059,0.176997059554934,0.169849933066969,0.163098653458801,0.156712664969696,0.150667596858349,0.144943341151878,0.139519093821357,0.134374406075869,0.129493666993726,0.124861497610791,0.120462817720631,0.116282758738623,0.112305610769513,0.108520960857996,0.104913968278209,0.101472320412671,0.098185320523448,0.0950447181530607,0.0920423366913481,0.0891672238750816
0.150252650790087,0.155094962217506,0.160160206808042,0.165502846825393,0.171101829994354,0.177050414211181,0.183292174772553,0.189949066901705,0.196924905693043,0.204308674795797,0.212169591756557,0.220374651004454,0.229069385340423,0.238451087503691,0.248543093079612,0.25917785128956,0.270483980744561,0.28263578999574,0.295550622841629,0.30950727329646,0.324374125459685,0.340410437114268,0.358142012197996,0.376889158031835,0.396372695146214,0.418162076116333,0.441796040982701,0.467444305446463,0.495348102430914,0.525767238859799,0.55896534709395,0.595243185469558,0.634880464638082,0.678320323176015,0.72590568499742,0.777952887621917,0.834755140386793,0.896496903403841,0.963160604989488,1.03391965741849,1.10872801541726,1.18573560747342,1.26097400644339,1.33045218511483,1.38640187463684,1.42037705784282,1.42327285241081,1.38560017544059,1.30410733088761,1.18081566083347,1.02231149065831,0.841542866992236,0.651873153228599,0.465592024994919,0.290620927693921,0.133211642109193,-0.00483804435436644,-0.119302784717381,-0.210666698506891,-0.278583273376273,-0.322872779423058,-0.344886230098145,-0.345994083695345,-0.3277580300423,-0.292560494183154,-0.24200270857254,-0.179811151091018,-0.107389075294837,-0.0279305446535408,0.056151848056461,0.14183280427768,0.227473581980079,0.310095004728955,0.387292706156824,0.457159611016767,0.518277123917948,0.569586814872058,0.61083182761157,0.641690806860173,0.66223280373989,0.672586950804946,0.673034473475545,0.664184946051379,0.64736570469016,0.624604990256027,0.597953364246435,0.569048263185779,0.539489584052339,0.5101909657051,0.481732539323937,0.454547630740092,0.428851104512193,0.404732085080334,0.382186425719596,0.361163148826524,0.341584830990923,0.323370935173081,0.306395530435827,0.290580027788947,0.275848237527883,0.262114503613197,0.249303650321211,0.237347715875913,0.226183075762514,0.215750753661535,0.205989480851962,0.196847716423328,0.188277224148294,0.180225721595097,0.172655256843888,0.165526985759693,0.158803825345254,0.15245268276617,0.146448718565039,0.14076726699302,0.135391293038182,0.130299470038287,0.125476216644463,0.12090639262262,0.11657426455986,0.112462962513791,0.108556788397688,0.104844284472858,0.101310955111548,0.0979416360007123,0.0947245770688371,0.0916496590010176,0.0887087326949574,0.0858955221446384
0.145154790337431,0.149843638203157,0.154763202801498,0.159942847337892,0.165381261824892,0.17115645445901,0.177238834363198,0.183719336797209,0.190524520270892,0.197756506103177,0.205340469858221,0.213296986764988,0.221861840651741,0.231114035285116,0.240958471720866,0.251427859836582,0.262539624559427,0.274518585688516,0.287258588837229,0.301037006584301,0.315758240542591,0.331763845423655,0.349233019491199,0.36859261991674,0.387452427869824,0.409309102295281,0.433101533595751,0.459041336085232,0.487395364294144,0.518465381030773,0.552579623627612,0.590064639880302,0.6313775704769,0.677045866996333,0.727605371597024,0.783623163277943,0.845655020564018,0.914251703990936,0.989847303771908,1.07261115091463,1.1619398553539,1.25727415686468,1.35519782167079,1.45082527719284,1.53543603238187,1.59599279274552,1.61870994873312,1.5862993347997,1.49130031853198,1.33638669476548,1.13339663165081,0.901802446594386,0.663921479592879,0.436065950873442,0.227046236965986,0.0420019122979994,-0.116608172831494,-0.24575069484831,-0.346533102256465,-0.419342743803882,-0.46464469358644,-0.483446894421766,-0.478288990389063,-0.450752107157883,-0.403821343657117,-0.339721942172279,-0.262134599154461,-0.173741075224954,-0.0774819962149585,0.0236049519293249,0.125839915843627,0.227537134568358,0.325316936435365,0.415949950007734,0.497310808344187,0.56764504446082,0.625653493119791,0.671363020595325,0.704999751730769,0.726719429405268,0.736573127637803,0.734292244519552,0.720350362896116,0.696261770902258,0.665807211558772,0.631313389964923,0.59540786384997,0.559780073163411,0.525323432139552,0.492699350712055,0.462167217958117,0.433791323070544,0.407532063488809,0.383283762466115,0.360909619789353,0.340271331324465,0.321189680274714,0.303536313474659,0.287183276005669,0.27202297795226,0.257963489126982,0.244901768823608,0.232758231436363,0.2214612707191,0.210945195746734,0.201143411779822,0.1919856436556,0.183416064802855,0.175394500494165,0.167869000146625,0.160794717106845,0.154131309057823,0.1478475701541,0.141907723910486,0.13629044724784,0.13097674741348,0.125953435632634,0.121202877357862,0.116710602889703,0.112460355063892,0.108435464824542,0.104617886927147,0.100989916939962,0.0975405006899119,0.0942547632618183,0.0911154665092709,0.0881166025694591,0.0852468204277719,0.0824990330503
0.139814187712274,0.14435821038527,0.14911330049495,0.154112862203741,0.159372141034233,0.164948456838855,0.170841335085819,0.177114459718686,0.183716235063644,0.190717925849556,0.19812698315557,0.205944583349477,0.214080618618254,0.222986373531885,0.232779447066565,0.243009111980612,0.253828988415824,0.265533112414085,0.278011723114112,0.291495703174889,0.305971950904427,0.321577197531175,0.339236072124034,0.35779444046508,0.376876053530328,0.398495466709098,0.422214410049556,0.448177233846356,0.476680122112517,0.508057405340352,0.542648241458184,0.580935451807479,0.623444082224276,0.670811544801895,0.723723753261246,0.783013043744602,0.849680022017085,0.92458631400188,1.00879584247603,1.1032589827531,1.2086386939294,1.3245344970458,1.44957232944717,1.58018622980438,1.70511640513049,1.80794727422662,1.86577478523145,1.8478445135481,1.73723469253086,1.53592649993859,1.26679393215078,0.964332469621424,0.662842607630282,0.383311511942693,0.13399563770301,-0.0810595931488662,-0.260869578375222,-0.402750988364974,-0.512541081648698,-0.589205937420073,-0.634120112295618,-0.647838181304509,-0.634032811241532,-0.594409998483559,-0.532856585521415,-0.452293595401586,-0.356724552332938,-0.24859740402501,-0.132520915135447,-0.0122904385864047,0.110458159919713,0.231289380572228,0.347055295236313,0.453664904443097,0.548432104887787,0.62887466559475,0.693854525345946,0.743477489039071,0.779421207124935,0.80267161683815,0.812923757337448,0.807263454714481,0.785849194369181,0.751811871897854,0.710534333281359,0.665863467049409,0.621326034538616,0.578516845912805,0.538459341042882,0.501468764185055,0.467551198259102,0.436555239748364,0.408270525108309,0.382485295995837,0.358904054617197,0.337330583424482,0.317539675799607,0.299348481381064,0.282583070270229,0.267102084252165,0.252795345970002,0.239561500338087,0.227303946331648,0.215944589906244,0.205414709033315,0.195633468098064,0.186516071704275,0.178017014252873,0.17006536366674,0.162626003363788,0.155644258634069,0.149083289617597,0.142891843967453,0.137041272775194,0.131507917953791,0.126274807339293,0.121330807176248,0.116666341410679,0.112265701224668,0.108116113684396,0.104194771822432,0.100481458273792,0.0969579063871022,0.0936081260066191,0.0904171924992189,0.0873701286219619,0.0844538449257983,0.0816570832310891,0.0789794027282708
0.134237716290304,0.13860193689157,0.143180581763914,0.148010285574926,0.153077203269275,0.158430695543172,0.164119973887525,0.170164233787269,0.176517524628889,0.183267354131395,0.190445941862812,0.198015949670395,0.205902510312143,0.214534551747584,0.223794620680868,0.233818463773902,0.244317186266719,0.255668097651297,0.267774244066444,0.280926195732657,0.295003070645691,0.310345965801241,0.327039941448208,0.345310112029235,0.364347752974058,0.385640214626706,0.409058173635557,0.434731928526066,0.463031714328552,0.494278183986162,0.528924873879788,0.567481881212716,0.610557985269141,0.658895787876826,0.71335902692409,0.774988512539597,0.845078122903491,0.925196864906625,1.01685892232896,1.12212057865701,1.24304733418236,1.3814476806018,1.53661121638154,1.70868144385335,1.89180258121587,2.06093098563996,2.18117220922757,2.20125388013965,2.07248351172702,1.79539310565115,1.42319194759527,1.0173166209924,0.633081153841237,0.29357352074886,0.00211857960647201,-0.241193349281039,-0.435329947044529,-0.596771237811693,-0.714124297611038,-0.793869756325025,-0.836752957149625,-0.842724903768886,-0.816822036740064,-0.762018498729376,-0.682338760779048,-0.581543408220522,-0.464720154211542,-0.333212820162854,-0.194900682220466,-0.0503097002290097,0.0959649223357213,0.241526827897257,0.376662058793295,0.502508690003091,0.614179962335275,0.705718254813715,0.776949229433074,0.82863869341929,0.865079643554174,0.891533122010115,0.90457271347466,0.89625897293312,0.863811772044755,0.81446097380257,0.757680947916649,0.699915032343672,0.644870183044602,0.594242122874786,0.548359732157306,0.507055709259641,0.46993839800848,0.436602463511974,0.406501426214441,0.379377209216496,0.354838910978158,0.332558431370597,0.312263594586212,0.293715666408478,0.276686734183444,0.261008600206718,0.246558843558221,0.233247274837998,0.220945516290912,0.209595769885689,0.199111790464399,0.189445857198177,0.18046974531402,0.17205239279885,0.164227308228804,0.156917986203065,0.150076839174906,0.143653321321022,0.137593031190962,0.131856149819125,0.126423091694175,0.121283730431259,0.116427633417846,0.111854379598021,0.107565159476393,0.103542471997597,0.099749546639419,0.0961578196877708,0.0927506241552148,0.089515999652883,0.0864396198875109,0.083496482717675,0.080668881891625,0.077951407565475,0.0753405729440796
0.128471394866468,0.132626404422546,0.137015818136566,0.141622148658901,0.146457755282741,0.151620212819365,0.157064129174445,0.162859770205873,0.168932682180553,0.175407118381008,0.18227090769266,0.189561075554045,0.197139879962979,0.205218645628598,0.214579910350349,0.224049350508847,0.23403250533155,0.244932385681553,0.25664391191751,0.269281842678444,0.282912572321776,0.297849103484327,0.314499999108864,0.33095769873722,0.34991683755924,0.370741384683181,0.393571054474878,0.418651979100843,0.446316303511751,0.477023544922633,0.511200737844132,0.549402465922376,0.592297693809643,0.640708938765371,0.695647683324719,0.758354653731979,0.830357363115513,0.91360475433472,1.01049510760817,1.12433578651434,1.25847961270592,1.41751015543097,1.60627202539424,1.82552314486367,2.07837528206986,2.34842401980641,2.5880591715462,2.69691405858927,2.55610959258299,2.13930177755598,1.58875044349976,1.02929635166116,0.547502703980098,0.143463253710671,-0.185596414619237,-0.445014598759714,-0.666890784739214,-0.844957821053587,-0.963516871844708,-1.04588892640699,-1.08126590908495,-1.08009166364581,-1.03450947602299,-0.959305525222756,-0.85776211067416,-0.729640676481881,-0.588298450185127,-0.432085692418263,-0.262579250649671,-0.0960307534138695,0.0835781765629509,0.252010965760702,0.41723419890918,0.568558407332026,0.697868811757643,0.803295580667849,0.878150769444553,0.928925007284863,0.959117267649233,0.991287386644272,1.0181460952437,1.01028630888324,0.959014522329832,0.883920012141381,0.804758963360415,0.730348287212986,0.663745224494715,0.605087977022619,0.553625075521226,0.508402273717905,0.468605039205408,0.433275955890781,0.401790572581173,0.373630452406713,0.348469104643915,0.325758346598362,0.305245331641121,0.28656031211781,0.269431675328384,0.253672928689789,0.239187350509322,0.225895284164604,0.213614174975119,0.202342193938056,0.19195788282976,0.182544686354601,0.17398805932586,0.165443905108072,0.157881942971516,0.150739023228056,0.144076830343856,0.137848575015514,0.131962188477899,0.126356259878297,0.121036415533786,0.116006860818908,0.111245377147321,0.106754505800164,0.102588969338719,0.098739362230557,0.0951052712229924,0.0916464547463678,0.0883640452216321,0.0852579068556238,0.0823149249864013,0.0795018278930946,0.076773645610152,0.0741291874514307,0.0715887204451642
0.122498416156835,0.126449060856033,0.130621278594152,0.134984081995967,0.139586039312517,0.144478210038631,0.1496534806797,0.155183223549115,0.160985273716823,0.167137787567111,0.17364106406416,0.180575700100894,0.187878290637186,0.195596303838169,0.203709443147082,0.212949780815554,0.222903336416459,0.233435497068807,0.244510474742087,0.256622064899797,0.269618045736149,0.283769646301352,0.298935288873506,0.315995424853242,0.334010300798869,0.35379738597842,0.375738710931287,0.399883478446534,0.426573988222041,0.456222560317244,0.489360131327441,0.526516963862402,0.568388355406432,0.615839437818187,0.669975863229556,0.732147127586024,0.804012178654095,0.887881328801682,0.986926601048482,1.10490338107409,1.24704320067819,1.42130168737112,1.63635988448978,1.90510411703411,2.24048352068401,2.64691478230947,3.09434165413914,3.42827417895438,3.30679680484878,2.61758966181679,1.70305943000449,0.931795495749304,0.350437163951714,-0.0899439575076623,-0.438151853402573,-0.719533958125216,-0.94086718867981,-1.11985532085307,-1.2552519701037,-1.33714030499779,-1.3651495145544,-1.34305968259685,-1.28100255529727,-1.18332041428281,-1.05407416047674,-0.899875199024128,-0.72375148233826,-0.536706150556148,-0.34093359996951,-0.137956313312026,0.0672316715212397,0.27517121394969,0.472451115042974,0.645584615030421,0.805188568218575,0.927435809757736,1.00878705317984,1.05135548816747,1.04572201830765,1.08896622180589,1.16308555998369,1.17330152320941,1.07635099912368,0.953974050596832,0.844735999234543,0.75209038366388,0.674341619235747,0.608573289911887,0.552540628232583,0.504323681034364,0.462475413202261,0.426244535425563,0.393456505138104,0.36487146657401,0.339757127012454,0.316535435381684,0.296433692330419,0.277701298020241,0.260807321359769,0.24504963984294,0.230572846358984,0.21756717916632,0.205308823115016,0.194149802185282,0.18381229318588,0.174742088532706,0.166600921486353,0.158494007956451,0.151090242776266,0.144126670670251,0.137694847182645,0.131737946859835,0.126120887417449,0.120607429730124,0.115359193844652,0.110465415441908,0.105834493115409,0.101367862140854,0.097346337796565,0.0938288945309148,0.0903837986515963,0.087061153892317,0.0839181336843319,0.0809571935177728,0.0781805665269864,0.0755534098076683,0.0729075801867672,0.070317086840371,0.067863731037252
0.116296669239365,0.120037679944154,0.123988909633668,0.128124381443934,0.1324585857157,0.137062490378093,0.141954230612595,0.147165951474765,0.152649258341745,0.1584869212039,0.164600518561645,0.171131104577286,0.178042345673835,0.185593602589665,0.193420390125613,0.201365675139625,0.211365978604211,0.221062074967063,0.231573118279043,0.242952770682979,0.25536512662213,0.268831722476901,0.283282439198232,0.298862727996516,0.316223897556481,0.334842492434176,0.355602361505993,0.378491658342032,0.403806311309395,0.431948935604076,0.463407505049381,0.498795898939733,0.538746040008298,0.584118199565222,0.636016357478946,0.695804982056694,0.765316615358745,0.846873468230111,0.943785813877423,1.06074183852245,1.20378604381495,1.38208881866024,1.60958716495557,1.90716132730953,2.30814744091738,2.86536632061153,3.64014224694119,4.52869029469785,4.6278177784191,3.08629956502365,1.59442479426544,0.633688336709164,0.0186264708286911,-0.42146434048659,-0.775416622880098,-1.0500879606009,-1.26434778408009,-1.4517560092747,-1.5995665347069,-1.68562065415499,-1.68948269510482,-1.63565087277096,-1.55140091626774,-1.42709140111593,-1.26601252310223,-1.07968870879264,-0.870244841979268,-0.64532578129206,-0.420869693618475,-0.189618282861196,0.0549619506682633,0.301523879401855,0.532244923041728,0.738837474664376,0.939988668507913,1.10168434137626,1.16728315469395,1.23473063213053,1.09817462619337,1.09602603147704,1.4192356192126,1.42144351501078,1.18997373105246,1.00443562965151,0.865866090477474,0.7576561714648,0.672252145578771,0.601603207146649,0.542984469923243,0.493730585208371,0.451004874241333,0.414574522770059,0.382356997230814,0.353313803543351,0.328503933422415,0.305103866695854,0.286073475725887,0.267999574064277,0.251254047676607,0.23582359422101,0.22170208611734,0.208921259319961,0.196887981177562,0.186137680107627,0.175291605408526,0.166665511999166,0.160040781649454,0.152001450039179,0.14450583253113,0.137678251536462,0.131456292803829,0.12579015409859,0.120647024873628,0.115264359813211,0.110133474399954,0.105497798666528,0.101094318304524,0.0964394177330117,0.0924843837081701,0.0894905290695638,0.0861030618704004,0.0828193686856342,0.0797324626388604,0.0768547871896044,0.0742399779418604,0.0718635777424998,0.0693417073841183,0.066857871870207,0.0645366483079688
0.109929036686535,0.113430975895885,0.117128682648437,0.121012347689189,0.125082167997825,0.129398058776593,0.133996192160861,0.138832413019711,0.143984776402892,0.149449964013296,0.155168555816808,0.161258067701744,0.167814735170547,0.174816668401112,0.182733679987896,0.189101449235944,0.198528689338084,0.207870465829481,0.217641218934704,0.228356600520204,0.239774156390109,0.252500960148451,0.266225861243936,0.280302844061179,0.296527489393097,0.313925799142859,0.333277608174027,0.354583565642006,0.378128707772914,0.404297517806929,0.43352807602364,0.466377391241357,0.503505238734217,0.545647470806128,0.593854979804232,0.649458052468979,0.714149147428145,0.79008961694485,0.880459520719587,0.989655063683659,1.12424405632065,1.29304139238914,1.51067562908527,1.80070354678908,2.20622310855851,2.81557054622673,3.83448989675425,5.83135944418169,8.38592630715154,2.73987314703135,0.115045186548277,-1.07251078459979,-1.73576346784987,-2.15518739655869,-2.51039763426739,-2.77372298590324,-2.96908163370654,-3.12762327875546,-3.23933275068245,-3.29853596894339,-3.27108864031074,-3.18058997420837,-3.04998912424788,-2.87966745635578,-2.67301289264238,-2.43859316876654,-2.17930411490677,-1.90424982163912,-1.62858034944053,-1.34536987657695,-1.04684803713159,-0.749124335628596,-0.46471156689283,-0.202543436927208,0.0508170254383611,0.294204906385733,0.51299976529291,1.01577967288168,1.54994257406382,1.75164542618321,1.78281183539899,1.48016822240482,1.19230123149905,0.995710285442418,0.851709927011772,0.742124052722182,0.655344740286531,0.585390813635638,0.527310149585264,0.478262331427039,0.436178838392878,0.399862961988921,0.368206850102153,0.340074044540162,0.315410143145545,0.29355461255073,0.274130266145533,0.256672306586791,0.240448651290498,0.225726243493586,0.212110437117295,0.199691532903471,0.1883178550065,0.17772694601616,0.16782428923951,0.15931733971587,0.151935879799207,0.144652107128592,0.137629621473614,0.13111951703284,0.12511056863975,0.119570419558919,0.114318866821168,0.109274574172189,0.104427242891998,0.100074147490207,0.0958095359724587,0.0916831825946454,0.0879671367496952,0.0846612841212261,0.0814742605135713,0.0784193012644536,0.0755322468946394,0.0728000529471981,0.070249981510126,0.0677919053079214,0.0653765305468575,0.0630386403269874,0.0608810864915005
0.103407759637979,0.106643734782384,0.110090992002018,0.113681341032302,0.117454087748674,0.121485049330524,0.125734453582518,0.130248505334445,0.135005503094453,0.140036002709513,0.145406480586419,0.150991864364103,0.157057245807481,0.163570504737979,0.170394095426751,0.177346907140655,0.185325728023461,0.193930480400293,0.203051752849163,0.212828063464731,0.223176698187507,0.234521031395807,0.247070219833629,0.261795685759314,0.275442807065413,0.291233848001702,0.308854130770446,0.32833153874633,0.34973948530457,0.373490095279568,0.399966401016677,0.429626614966797,0.46302743854514,0.500885854433209,0.544073418477028,0.593714582422814,0.651217997388766,0.718339070971399,0.797753315783295,0.892935523860474,1.00910597577197,1.15321209465469,1.33639331832771,1.57633270566155,1.90414344022699,2.37366761763341,3.0886663246314,4.20549489879395,0.844272431403827,-6.31420480173032,-5.35380234009631,-5.10750051529693,-5.03269758726944,-4.98651909670072,-4.98819674055304,-5.00924520494181,-5.03151969537654,-5.04535565594223,-5.04698468330476,-5.01068182291205,-4.91626996493685,-4.7696138003495,-4.59535242389754,-4.39146649154042,-4.16049536306808,-3.91238915161674,-3.64777338273091,-3.37688177681239,-3.11214994359581,-2.84920578103774,-2.48917530470046,-2.0020321138084,-1.51814843881118,-1.04205292411404,-0.573148026883756,-0.115006268448171,0.324126385922011,0.739102245360701,1.09594241999525,1.29922283738798,1.28721867056821,1.2066082710238,1.04404137771185,0.897211163104672,0.77935511407318,0.684968042524047,0.608172529194596,0.544888584288483,0.491744067220671,0.446485861400654,0.407577997641291,0.374013846412438,0.34459323876415,0.318461029507137,0.295376431148435,0.274948238084869,0.256622611467486,0.240102566232831,0.225057766256591,0.211284654202235,0.198639791259083,0.18699003739188,0.176287119841546,0.166446405427836,0.157465439408427,0.149401784703043,0.142090119949802,0.135231072315251,0.128736139458318,0.122654087214851,0.116998602070836,0.111717953898538,0.106758293995181,0.102061730647198,0.0975724129619689,0.0933962002631156,0.0894289135129588,0.0856855633813968,0.0822160047877661,0.0790259386869804,0.0760300809095211,0.0731728454174797,0.0704218730787863,0.0678423271947289,0.0654031334347033,0.0630682496191689,0.0608251685793142,0.0586738179459102,0.0566561653386577
0.0966864352679644,0.0996850207527895,0.102875138650048,0.106158272252454,0.109620741431293,0.113317257046953,0.11723139428286,0.121396258726841,0.125747573332222,0.130343210847529,0.135235317766802,0.140368341595999,0.145882469673723,0.151818696175126,0.158002625856498,0.164475217130268,0.171468475321043,0.179620775757018,0.187697307819897,0.196533855533308,0.206118527310904,0.216400589191717,0.227503076241882,0.240326613162474,0.252791929750529,0.266918403370593,0.282681641309298,0.29997010694252,0.318849261084367,0.33985486923159,0.363088646413569,0.389015638429577,0.417980787215105,0.450603415549436,0.487597944009096,0.529754768235624,0.578056041950781,0.633662358951613,0.69839673569939,0.774424274043692,0.864628430449959,0.972117094087756,1.10229066719657,1.25932624937971,1.44577504504248,1.65576012895883,1.75316019436307,1.28659199496819,-1.27459482750389,-4.58369453081627,-6.13980121350898,-6.68378037198938,-6.90678438893196,-6.99195203577415,-7.01273096089584,-6.98582456074963,-6.92923701485189,-6.86139361349693,-6.76665185955129,-6.62255756152015,-6.40214379038532,-6.12082768612619,-5.80205673142034,-5.44339917675741,-5.04970873404141,-4.63205000913777,-4.1969079340491,-3.75335889195651,-3.30818261745049,-2.85980321613231,-2.4105437556334,-1.96694258066603,-1.52007918550547,-1.08118100133308,-0.671454052379782,-0.270154622682484,0.102077721615212,0.434543571939482,0.706979061421769,0.874639957844935,0.933738924217921,0.912029853904798,0.842191557581861,0.756761927790869,0.675600940880722,0.604082416366365,0.542677745069905,0.490127228517748,0.444880604919702,0.405695080682642,0.371568515723686,0.341707023981169,0.315384799097072,0.292060692443287,0.271287080235105,0.252737580066348,0.236057482437975,0.22095812004336,0.207205008705631,0.19463775002872,0.183111388029431,0.172493844333428,0.162731718932203,0.153785481560287,0.145540551787478,0.13803799066213,0.131153927228538,0.124755857761977,0.118786377074962,0.113198436718073,0.107959893154432,0.103054427942457,0.0984515293692303,0.0941053355106035,0.0899956775058931,0.0861433272025023,0.0825016035687512,0.0790796559170719,0.0758745329068367,0.072870215808226,0.0700410404984634,0.0673688094002748,0.0648422071678519,0.062454351225482,0.0601902493219139,0.0580155299799204,0.0559358702000319,0.0539394083023587,0.052022404926438
0.0898246753521687,0.0925649565684267,0.0954597232682653,0.0984680939726307,0.101605097364279,0.104949253560904,0.108480058853686,0.112277549253796,0.116216099524735,0.12038001509349,0.124770775476161,0.129418128099871,0.134333997761854,0.139672617813414,0.145339836815828,0.151260147430525,0.156840804256279,0.163531443397386,0.171674483442204,0.179503717127845,0.188016761287301,0.197262687620186,0.207056371826082,0.218161177709016,0.228514597960899,0.241282337892238,0.254891979793091,0.269786795821061,0.285999729184887,0.303806400935782,0.323441449193482,0.345154537890534,0.369164614556583,0.395829704878659,0.42570014662049,0.459240898960159,0.49688462940524,0.539103831254274,0.586700002052846,0.640413761589582,0.700666988262331,0.766217091540856,0.83547178591974,0.901383284648157,0.943801136777565,0.911424102716492,0.678182944354887,-0.0422818650402181,-1.48927659827293,-3.26112566342312,-4.59392021699736,-5.36570904694041,-5.80473900494153,-6.05318549327029,-6.18249961289896,-6.24050365864145,-6.24867910180916,-6.21527302607181,-6.13950019820338,-6.01135099865451,-5.82628498191277,-5.5890997743709,-5.31057776482931,-4.99922488373253,-4.6578308586373,-4.29192546637978,-3.91456886583654,-3.51573404715997,-3.12650226857244,-2.7137527641101,-2.31458622322311,-1.91141409050752,-1.52221690348024,-1.13629533990407,-0.769782544383803,-0.419001138709679,-0.0965788788284619,0.18175281926233,0.406287511877239,0.560832049391945,0.643825117976422,0.666099539173508,0.648045581926381,0.608198317047247,0.560143667209408,0.512205786538715,0.467690258747128,0.427484426662511,0.391539484690624,0.359556563692842,0.331089466071893,0.305810758877146,0.28324562093759,0.263039910678389,0.244886001961188,0.228574151988643,0.213812971066459,0.200391524630032,0.188134582979961,0.176898947173593,0.166569335077489,0.157058142678801,0.148297966073165,0.14023054124133,0.132850085600217,0.126006700885499,0.119711822807332,0.113869189779958,0.108417347567558,0.10331569272655,0.0985388669139158,0.0940766927872921,0.0898562403565758,0.0858962561981647,0.0821630388448577,0.0786400656170685,0.0753238413600385,0.0722007995718008,0.0692649156326652,0.0665053843411105,0.0639037242500743,0.0614505767950194,0.0591284353341441,0.0569266155896016,0.0548303548659863,0.0528328450480729,0.0509235646921998,0.0490954975945519,0.0473510847637196
0.0828562410477511,0.0853089104497106,0.0878951944597795,0.0905966260543608,0.0934185548433178,0.0964067590088653,0.0995582126713127,0.10293203325207,0.106439236679079,0.110164787153944,0.114032458419701,0.118134626569537,0.122491954411188,0.127181959727882,0.132219690749705,0.137647826742777,0.144011785943998,0.149070286043676,0.155198980623136,0.161998894937984,0.169238231559891,0.177116843574414,0.185807662556092,0.19382670485187,0.204250683369354,0.214448309079687,0.225769491837646,0.23811204927146,0.251392198869262,0.265808099757492,0.281502197611498,0.298613625571234,0.317250816722501,0.337764517308897,0.359916074873312,0.384154406906803,0.410363168683032,0.438313346224117,0.467966778371034,0.498485540968685,0.528167462646413,0.552733256927265,0.565898958166623,0.553993282840257,0.490104858354498,0.324033669331235,-0.0322140056141902,-0.677911786031729,-1.64352624923844,-2.73552965937418,-3.72102005907993,-4.44163473805294,-4.93073218869567,-5.25972421631671,-5.44377834452284,-5.56950324343394,-5.6087171938502,-5.60206661627183,-5.5508841142423,-5.44680761362037,-5.30340268283584,-5.0984705727323,-4.86174339964507,-4.59802511266713,-4.30236009819934,-3.98298672025999,-3.643900127673,-3.30174283629109,-2.94460192187013,-2.58139539853497,-2.22517018813594,-1.86725877336203,-1.51632738672969,-1.17604697895527,-0.851936063545354,-0.54673193389801,-0.268220337110954,-0.026596734604842,0.170225267478825,0.316238051861639,0.409507623493675,0.458629036308824,0.471803702865019,0.463822178265271,0.44292260407056,0.41604703763193,0.387884121946486,0.360198090214769,0.333997941752696,0.309609563461844,0.287308951641486,0.26707320114407,0.248633043927823,0.231871708018412,0.216631221177335,0.202809209451428,0.190184849525899,0.178622507685992,0.167984345328124,0.158208917459467,0.149194337414519,0.140893950882818,0.133193952384559,0.126099494222777,0.119524288675055,0.113442519724433,0.107805247139147,0.102564698815077,0.0976826966346493,0.0931070859254483,0.088821009295274,0.0848168634704268,0.0810171691144552,0.0774584693376278,0.074108537575094,0.0709376953121723,0.0679513478743774,0.0651403629638545,0.0624832322565276,0.0599825547439522,0.0576224129258353,0.0553957251867695,0.0532865798305256,0.0512852795101713,0.0493810113915217,0.0475677036792033,0.0458345420050966,0.0441783483176112,0.0426020473032965
0.0757551900703493,0.0779378649437117,0.080221267635494,0.0825887379235676,0.0850607607963747,0.0876996157208268,0.0904629944125629,0.0934021885205635,0.0964684648151988,0.0997257496511026,0.103067642872071,0.106595271177699,0.110360216628987,0.114366763797952,0.118676610084237,0.123089281276516,0.127603037025587,0.132647585308926,0.138179733015737,0.143822377759919,0.149920870493095,0.155987089514457,0.163480638935063,0.171551334669119,0.178352495428574,0.186705905816568,0.195671599689079,0.205309559005048,0.215512206755407,0.226415207386512,0.238049284642438,0.250425756928735,0.263753605915273,0.277566683744506,0.291910692989735,0.306612251885174,0.32128426851081,0.335233552192094,0.347358549225423,0.355778225343217,0.357325748443857,0.346293343420937,0.314100359123255,0.246137213596474,0.11775575032935,-0.106372657421269,-0.469015451335576,-1.00236777202089,-1.70527943334046,-2.47250532437699,-3.19898996815644,-3.80337286762345,-4.26377469226796,-4.6175988332032,-4.81576842835025,-4.95378229170999,-5.0296745146156,-5.04868192469262,-5.0166283058178,-4.93968544494699,-4.82423414184711,-4.65493347924264,-4.45600637687618,-4.22690688341661,-3.97135376499624,-3.69418195896467,-3.40108758819813,-3.09498000562266,-2.7798742595924,-2.46136090437682,-2.1406106030438,-1.82348782397534,-1.51143215083332,-1.20888314628487,-0.921603983839848,-0.653012310575032,-0.408847670548246,-0.195230615131258,-0.0180537415720903,0.119554141964373,0.219051217528734,0.282129228893011,0.31691386356106,0.330097963097336,0.329698185042495,0.320603847479559,0.306805121536683,0.290756691353394,0.273956333311038,0.257305225428518,0.241340633844034,0.226318349755098,0.21224948342335,0.199126966273801,0.186973627917283,0.175793246309323,0.165447979187096,0.155846955892584,0.146951874256273,0.138732932120587,0.131112407765735,0.124028031885916,0.117433354402938,0.111326126660493,0.105679296003485,0.100402366098992,0.0954909040744804,0.090908888472688,0.0866228543866065,0.0826116211197949,0.078846011284754,0.0752871021179533,0.0719545653809452,0.068812981223747,0.0658491276744735,0.0630451305913284,0.0603985482544323,0.0579027198021073,0.0555480604694236,0.0533145959064484,0.0512091227811344,0.0492205386654607,0.0473347413441233,0.0455434523772387,0.0438378361466541,0.0422135243407131,0.0406631534683744,0.0391826915498914,0.0377764337806848
0.0685453475412855,0.0704295413029278,0.0724415221936418,0.0744667718214489,0.0765913465782753,0.0788221471061307,0.0812269709693735,0.0837407394861335,0.0863202108975012,0.0890871633884483,0.0919182651202662,0.0948587436318869,0.0979945047445375,0.101344271319544,0.104568817196361,0.107862309295786,0.112355544374373,0.116528692728757,0.120839814584696,0.125327786438113,0.130160837633854,0.135192587084287,0.140526811676671,0.146133495405094,0.152122476648562,0.158342693176644,0.164914397418591,0.171792654287185,0.178915823098682,0.186259944788862,0.193793893249155,0.201625207210713,0.209208575056976,0.216492141457517,0.223164935777801,0.228743997324359,0.232470655721757,0.233221524848739,0.229331240477861,0.218243363489782,0.196071988454912,0.156956276696631,0.0920981595730602,-0.0109023405578306,-0.170848766088121,-0.407824876242977,-0.742218939847556,-1.18385075166244,-1.71577172167794,-2.29426607913493,-2.85154517475334,-3.34485757517577,-3.74503814117914,-4.05182008791433,-4.28168216010105,-4.43321434929561,-4.52312660145443,-4.55904580679619,-4.54681602657537,-4.49048647946289,-4.39372683064956,-4.25910424739536,-4.09169730421718,-3.89567917459813,-3.67490932452726,-3.4340323473146,-3.1767734255469,-2.90674348092754,-2.62876083748648,-2.34529367268505,-2.06150892327874,-1.77907665711497,-1.50249341218591,-1.23289990320296,-0.977684520086352,-0.739707533181067,-0.522988121207139,-0.331582711151337,-0.170099655235838,-0.0393513093537649,0.0610247244937075,0.13321359568511,0.180614591073497,0.209428197102171,0.223901873203995,0.228738229829161,0.227289377615103,0.221582967105076,0.213519491376377,0.204182232086321,0.194348911020454,0.184459466345831,0.174729340208162,0.165326698670632,0.156325916003227,0.147860537964189,0.139846528080314,0.132310787026832,0.12523799296126,0.118636019534355,0.112453912571267,0.106661433630986,0.101243459938574,0.0961547359994354,0.0914201978614064,0.0869889638149254,0.0828385390559286,0.0789466033741601,0.0752920607826634,0.0718548392502032,0.0686245111316118,0.0655794562124711,0.0626978636345992,0.0599865234206296,0.057421202541807,0.0549937634202517,0.0526971032664463,0.0505241153242985,0.0484712736464274,0.0465291816497699,0.0446816197002142,0.0429396076183827,0.0412852879162532,0.0397107359142316,0.038209931599633,0.0367836052948358,0.0354214927023012,0.0341199469325408,0.0328768264696908
0.0612513664589964,0.0628605462314745,0.0645416945128834,0.0662511140868592,0.0679909110862426,0.0698736913940239,0.0718416434552449,0.0739508076735236,0.0760743149213737,0.0782890691616257,0.0806204594521125,0.0829570278717651,0.0854710871494634,0.0881898666213945,0.0909521310127751,0.0930413930076727,0.0966925124245663,0.0998818995652146,0.103145413708781,0.106581284160026,0.110128079103197,0.113770914185702,0.117559492784562,0.122381618951707,0.125395589611694,0.129631379169186,0.1337515767879,0.137903974576028,0.141944715389352,0.145800014731347,0.149377461633049,0.15245708586748,0.154671504412947,0.155728903615414,0.155165005371657,0.152352529565254,0.146128809237391,0.135089352913525,0.117392354422803,0.0902175192156853,0.0496188974896589,-0.00980868842009138,-0.0955694933729272,-0.217594945994445,-0.387986668200205,-0.61776626602293,-0.915694447654585,-1.28394181757798,-1.70698319741208,-2.15643812131321,-2.59740704369768,-3.00054220507641,-3.34469055865389,-3.62206857573855,-3.83441557243964,-3.98624155537879,-4.08235348136275,-4.12902328686117,-4.13102727619306,-4.09223692391096,-4.02090654811656,-3.90524387867276,-3.76436791861261,-3.59612807892884,-3.40553784959806,-3.19639225358676,-2.9710179145654,-2.73350655827685,-2.48812660569447,-2.23676708771463,-1.98466268535638,-1.73358298366404,-1.48677549406482,-1.24907081214296,-1.02118653341407,-0.808752516051417,-0.614393815868653,-0.441790619167358,-0.292789700881624,-0.169167465494531,-0.0695183019349567,0.00664545552918564,0.0627164903391835,0.101444477566002,0.127151869192507,0.142780867553062,0.1510751392298,0.154459061313328,0.154074647521419,0.151385975373783,0.147279490831313,0.142284330257042,0.136760163376559,0.130985320285667,0.125146958073913,0.119368063583463,0.113730516721081,0.10828373725467,0.103056728127484,0.0980965509214412,0.0933773206568814,0.0888950865022025,0.0846494385835399,0.0806348984693854,0.076841157079648,0.0732630625761014,0.0699151288318219,0.0667372432166536,0.0637356650732762,0.0608980439893975,0.058213273170121,0.0556792796945642,0.0532791178969833,0.0510066579221633,0.0488519354627523,0.0468076903671071,0.04486831535603,0.0430283845346309,0.0412827266130817,0.0396296213375237,0.0380605722881174,0.0365681993591432,0.035150387330096,0.0337989236417975,0.0325106164865284,0.03128605364276,0.0301163979311428,0.0289972910549632,0.027927125679107
0.0539336240342717,0.0552163251362294,0.0565749792798663,0.0579321601134941,0.0593367921898722,0.0608360700888414,0.0623597646919846,0.0640512801002186,0.0657115308718697,0.0674117623279635,0.0691813653364576,0.0709416772157567,0.0728416594065531,0.0748695649089852,0.0770437672044332,0.0788742088339612,0.080988615640882,0.0832080590297957,0.0854433687374032,0.0876544108449869,0.0900046808536402,0.0922729603176848,0.0944486631734938,0.0971746250023527,0.0996221055683975,0.100794014062532,0.102514877816393,0.104008157718669,0.105041255274777,0.105505546777707,0.105204942832349,0.103871984312765,0.101035865947744,0.0963492341795166,0.0892380766019268,0.0788249617592805,0.0639017769230727,0.0429387914773556,0.013990225476208,-0.0256644122213388,-0.0796288019853211,-0.152596510595205,-0.250389507135905,-0.379834871864735,-0.548898019015537,-0.762973090833114,-1.02630462745534,-1.33606983278795,-1.68029190980401,-2.04172100334292,-2.39879910114008,-2.73076445589038,-3.022986131693,-3.26666458187393,-3.45954800326729,-3.60350488905155,-3.69952898406556,-3.7515661615984,-3.76349820368198,-3.73824866506099,-3.67716842378178,-3.58815415986897,-3.46984753108328,-3.32568528524404,-3.16197558693814,-2.97963937538047,-2.7823756467934,-2.57388645418679,-2.35736202835566,-2.13421839222057,-1.9102735463343,-1.68741490241818,-1.4678334787813,-1.25561831285412,-1.0526992317099,-0.862323524418382,-0.687287079923772,-0.530054747578557,-0.392599882596622,-0.275588379429766,-0.17832102946272,-0.1002577983334,-0.039694909254585,0.00623772951870548,0.0396718640765334,0.0635635289385939,0.07975527866224,0.0903049531548072,0.0967366710219262,0.0999007706712439,0.100956963999818,0.100482212579446,0.0989110619624103,0.096582718910587,0.0937638499639706,0.0906697543734622,0.0873728189398594,0.0839964728153218,0.0806080895690117,0.0772887685535067,0.0740357846816713,0.0708700533085571,0.0678087167941256,0.0648644906874888,0.0620362895285021,0.0593342164919924,0.0567565369547645,0.0543385029453191,0.0520038647903797,0.0497790482943029,0.0476588034673127,0.0456394167347669,0.043726617109444,0.0419041875027081,0.040167339739214,0.0385123891745279,0.036936010976331,0.0354347439600031,0.0340052279705642,0.0326440143311864,0.0313511725921556,0.0301209953521883,0.0289482468110323,0.0278218606419995,0.0267506737918492,0.0257314641744915,0.0247564323620903,0.0238233204074043,0.0229286806175815
0.0465177109214328,0.0475253468745678,0.0485618943721103,0.0495623857056447,0.0506271157198233,0.0517242731415327,0.0528396147291571,0.0540629992677525,0.0552693127147985,0.0564751228553873,0.0576795552071392,0.0588831979536777,0.0599887975564627,0.0610902389226181,0.0619292031308374,0.0640763612945729,0.0652874297071383,0.0664323909331549,0.0675998893296171,0.068757676303067,0.0696999831552021,0.0705492753867536,0.0715340168116211,0.072404654144848,0.0712324600893231,0.0721311259744536,0.071536807416648,0.0704483236438353,0.068610109094647,0.0659150027219081,0.0619508915016101,0.0565033521565672,0.0490872798265968,0.0392588277833654,0.0262955096751856,0.00930111749733222,-0.0129260706746845,-0.0419495112926526,-0.0796163271858788,-0.128393853539184,-0.191387283625242,-0.272350994882246,-0.375352197452018,-0.505385037884858,-0.667152863430165,-0.863074091074306,-1.09457132074373,-1.3574391113883,-1.64301052549104,-1.9413594165882,-2.23474369895223,-2.51102392554475,-2.75873337879243,-2.97058800179553,-3.14344794971807,-3.27552368929629,-3.36752167110708,-3.42161340799826,-3.43955707552423,-3.42445001847364,-3.37805938865828,-3.30375175894131,-3.20432254461624,-3.08152868547468,-2.94044244566786,-2.78220620767628,-2.60934106803269,-2.42598297215466,-2.23490063997457,-2.03831486345132,-1.83877073099251,-1.64027833971382,-1.44493547212834,-1.25493791632967,-1.07327999781279,-0.902617557765167,-0.744369627617329,-0.600692080461567,-0.473431730062587,-0.362882327844278,-0.268922789149624,-0.190921575786042,-0.127679244075697,-0.0776313397055795,-0.0385053100017814,-0.00866983621608958,0.0137690548899258,0.030153223666406,0.0420615201123449,0.0504419242739668,0.0560368044096549,0.059632440313444,0.0616761095258889,0.0625649941247841,0.0626174384864839,0.0620738710181711,0.0610522839615523,0.0596846491131117,0.0580915859421309,0.0563825656481836,0.054575026342792,0.0527098366725458,0.0508140134829484,0.0489489181501272,0.0470913565356452,0.04526946680428,0.0434933323311425,0.0417770449912514,0.0401381455226158,0.0385324981863595,0.0369840607859801,0.0354982340905957,0.0340701330172558,0.0327024261993299,0.031388660039553,0.0301278570540895,0.0289190848033148,0.0277609960287341,0.0266521297554453,0.0255908327181938,0.024577781662292,0.0236119342388932,0.0226870367623835,0.0218010462557683,0.0209415308302007,0.0201304017105347,0.0193524061043861,0.0186060737522874,0.0178900995716576
0.0390780252512363,0.039788436483838,0.0405139897316171,0.0411822225211725,0.0418702352971061,0.0425940738121485,0.043292317084476,0.0440346100585476,0.0448048432644769,0.0455136398098369,0.0461573451539997,0.046797218247822,0.0472209105170084,0.0473652643064811,0.0489527038088117,0.0490855426653565,0.0494444779754638,0.0497271943487878,0.0498290461447839,0.0498508765619457,0.0496822601457347,0.0490585583939968,0.0483396998792119,0.0473543745325382,0.0475708327100553,0.0438705892611798,0.0410814147167821,0.0375797781764909,0.0331275625854964,0.0273525312092811,0.0200640690857248,0.0109358636728371,-0.000558470635317166,-0.0149354744587432,-0.0329206437605433,-0.0554170648957008,-0.0835595807956872,-0.118808065335962,-0.16287673154597,-0.217861503790402,-0.286245141718359,-0.370876921722098,-0.474733397577818,-0.601357823692935,-0.752907333289826,-0.930498110314158,-1.13384080341043,-1.35882088880956,-1.59938494790822,-1.84950070986312,-2.09449968586943,-2.32668466707395,-2.53758092049529,-2.72103083126591,-2.87335472587116,-2.99289163104551,-3.07902312719102,-3.13202100520063,-3.15369837885776,-3.14587337318845,-3.11056590303007,-3.04945281338305,-2.96587656004746,-2.86143450232119,-2.73920828251627,-2.60127131445217,-2.45004031620895,-2.28908979811818,-2.1203228111518,-1.94649809633045,-1.76952208648648,-1.59295615877848,-1.41851301733877,-1.24868409729478,-1.08568840247246,-0.931495842994575,-0.788173804477713,-0.656499492490929,-0.538478187515935,-0.434626691752172,-0.344191066185777,-0.267495461031222,-0.203414158286145,-0.150698057390898,-0.108047530078244,-0.073736208156992,-0.0467793978438931,-0.0255788747981475,-0.00923025574887642,0.00337761281210417,0.0129888270618225,0.0201850438697014,0.0254871661516715,0.0293214340659148,0.0320289965117884,0.0338641147807185,0.0349932795841351,0.0355595551889782,0.0356945147311036,0.0355423090176318,0.0351370344897885,0.0345365646448107,0.0337978622428694,0.0329762319672262,0.0320950669257991,0.0311460314847782,0.0301673474519893,0.0291821051774432,0.0282004151695274,0.0272193806743333,0.0262500152236238,0.0252933070040969,0.0243546378822764,0.0234386326317382,0.0225490092897621,0.0216835439340695,0.020843728453045,0.0200303655039612,0.0192439380176228,0.0184876878006935,0.0177580040585587,0.0170549190595436,0.0163799946040754,0.0157295193761101,0.0151027190561444,0.0144937790581802,0.0139144599305094,0.013356363863872,0.0128171916265502
0.031635043560589,0.0320407854830915,0.0324294090731328,0.0327965809392677,0.0331071045957165,0.0334313824402021,0.0337527380417844,0.0340420133500391,0.0343284357945642,0.0345400291979763,0.0346638275311351,0.0347245413459944,0.0347008302709978,0.0349733500883995,0.0347636597031942,0.0340920031958043,0.0337100746553437,0.0329929637504717,0.0322377039774094,0.0311298279352448,0.0296676094254771,0.027941128338988,0.0255391234911879,0.0230157861334065,0.0204682703822924,0.0161989396974619,0.0113712821401371,0.00569346408329298,-0.00132062900012524,-0.00981315218503454,-0.0200481549667727,-0.0324258962165988,-0.0474900366399297,-0.065747654493201,-0.087906441038841,-0.114834081294873,-0.147580418473972,-0.187408629064716,-0.235846188585334,-0.294646218637625,-0.365741462983742,-0.45114280668081,-0.553009257218912,-0.673680310980059,-0.813986330016894,-0.974107420590281,-1.15299758731118,-1.34852199018178,-1.55457970922231,-1.76463763799687,-1.97163724143877,-2.16851256284571,-2.34879367697494,-2.50752258617998,-2.64145717111567,-2.74834023848083,-2.82745160542504,-2.87785006228953,-2.90134570094834,-2.89868044251858,-2.87157781034522,-2.82195181250582,-2.75158921659655,-2.66194570078168,-2.55625754759751,-2.43617342086954,-2.30412985848558,-2.16267360657205,-2.01356869719057,-1.85952881593668,-1.70264096641173,-1.54513829537386,-1.38917907342504,-1.23691806814815,-1.09043549549232,-0.951078794651387,-0.820459689979017,-0.699960993799365,-0.590712743254749,-0.493018774255477,-0.406785962757934,-0.331993888079613,-0.26816513690604,-0.214326541049899,-0.169290879848723,-0.132132789925014,-0.101606477773084,-0.0769271963698408,-0.0568832161820494,-0.0407663427752273,-0.027863378798361,-0.0174980137480882,-0.00930642852208803,-0.00284087663853789,0.00227329049532227,0.00629697665096118,0.00941480598291245,0.0118013893795282,0.0135854108226594,0.0149114292628854,0.0158495724186891,0.0164797624802601,0.0168628663064693,0.0170659471517482,0.0171134725435132,0.0170329547470229,0.0168448950883691,0.0165815191253736,0.0162618340402286,0.0158893631478981,0.01548048540621,0.0150637212243886,0.014613218540051,0.0141496505616917,0.0136799596589501,0.013208929553347,0.0127375636925539,0.0122691859702077,0.0118089491685494,0.0113551122487532,0.0109091655906541,0.0104722355342105,0.0100458920407694,0.00963189274002093,0.00922830556491356,0.00883538036591417,0.00845314332054347,0.00808210346320409,0.00772191166472979
0.0241877699810549,0.0243305668128831,0.0243697481527709,0.0244134577985671,0.0243694902624049,0.0242919072318728,0.0241987482965481,0.02408112743505,0.023912474243898,0.0236018501007078,0.0232256464604927,0.0227508998479086,0.0224340245130503,0.0211955328672358,0.0202767332581959,0.0193587680262084,0.0180816530754264,0.0166264318208512,0.0148449515594182,0.0126037149151916,0.0101464820152516,0.00720935997824533,0.00362030162565251,-0.000542256726733699,-0.00610965543531733,-0.0107585427623471,-0.0173814336202992,-0.0251433561469461,-0.034388840693448,-0.0452649750134795,-0.0581114840978822,-0.0733175696618314,-0.0914034877683334,-0.112868830261705,-0.138380104936165,-0.168731959638822,-0.204861682801892,-0.247862702448831,-0.299006249336573,-0.359728158992055,-0.431418388143314,-0.515622506658436,-0.613744188309839,-0.727196872254945,-0.856113334987248,-1.00032336258608,-1.15864176564562,-1.32848197505756,-1.50582518628213,-1.68560206247172,-1.86218939752545,-2.03044132424288,-2.18553353734875,-2.32332651041184,-2.44057326037208,-2.53543998981665,-2.60694152222664,-2.6545250812912,-2.67818368125557,-2.67902930821182,-2.65836757077436,-2.61757733173839,-2.55849902513253,-2.48169937674123,-2.39025390717033,-2.28548387614563,-2.1701147319636,-2.04555686249976,-1.91392796998806,-1.77731090202673,-1.63791845761911,-1.49738111871207,-1.3578285160442,-1.22112469049939,-1.08907121603935,-0.962925926429521,-0.84394237009245,-0.733276134201309,-0.632038510077668,-0.54039387932693,-0.45843746645524,-0.386197985847579,-0.323367324009011,-0.269321904189846,-0.223134217921582,-0.183953267595781,-0.151150838505463,-0.12364149041506,-0.100855190359891,-0.0818795196903111,-0.0661702321305805,-0.0532370323663493,-0.042485973083038,-0.0336814132802667,-0.0264279231870832,-0.020423269288622,-0.0154836214721,-0.0114258693693373,-0.00809825579829276,-0.00537139976736855,-0.00315293319418863,-0.00135000656805065,0.000107950168321632,0.00129753590653887,0.00224959067964195,0.00300093494170682,0.0035850798166348,0.00402912781384526,0.00435731786628271,0.0045882491730422,0.00473859898315404,0.00482572068696012,0.00487875753575352,0.00486453904455068,0.00481198246215289,0.00473020196598753,0.00462572206085357,0.00450338732924885,0.00436403864710858,0.00421131912686658,0.00404827516983196,0.00387744334111584,0.00370092729823128,0.00352147796620457,0.00334102341420685,0.00315922393125064,0.00297907214366695,0.0027948729356735,0.00261417775761603
0.0167525733991344,0.0166071450492373,0.0163498304970772,0.0160510237247642,0.0156633647574271,0.0152155034439643,0.0147138739144091,0.0141615716786722,0.0135576427367379,0.0127442941791642,0.0118701180582075,0.0108586534999489,0.00974506845570441,0.00822326047521071,0.00652909925103769,0.00480103902531559,0.00275351063891062,0.000406505247693048,-0.00232092952463039,-0.00541389131917801,-0.00897072788210961,-0.0131068357436092,-0.0177936169716673,-0.0240396098487112,-0.0291707463695029,-0.0366427204208349,-0.0450140338175072,-0.0546527641992121,-0.0658367956544378,-0.078826584865008,-0.093932799745002,-0.111530810524197,-0.132106683648609,-0.156145964326702,-0.184255677314211,-0.217153762804223,-0.255613903767388,-0.300612915073958,-0.353083703258802,-0.414246186811995,-0.485156208528545,-0.566804826515683,-0.660144333818783,-0.765867027840474,-0.883884022084738,-1.01372435403318,-1.15429796493951,-1.3028194667187,-1.45650672506747,-1.61166054556192,-1.76353779758211,-1.90849577338734,-2.04258629962362,-2.16230340373338,-2.26516881904646,-2.34922920946173,-2.41338760498997,-2.45724238613228,-2.48042666145569,-2.48371300477542,-2.46801075086855,-2.43434714905362,-2.38440873159817,-2.3184134590159,-2.23920473653028,-2.14818593612686,-2.04681439123969,-1.93715082700089,-1.82065734817381,-1.69929413327257,-1.57553392060794,-1.4503402299101,-1.32498109412055,-1.20204946461852,-1.0828226090507,-0.968371003516452,-0.859846180189342,-0.758172839608857,-0.664290710828433,-0.578499898613547,-0.500787642750382,-0.4315012737747,-0.370274655209777,-0.3166520592932,-0.270099075526778,-0.229871626384778,-0.195381505916818,-0.166043836026209,-0.141041030343169,-0.119854533958896,-0.101899889118682,-0.0867302266912693,-0.0739212979201212,-0.0630516962702343,-0.0538997466980395,-0.0461314456823913,-0.0395493200160033,-0.0339706171116599,-0.0292304239627918,-0.025184940839904,-0.0217635256887207,-0.0188554764043229,-0.0163784995333241,-0.0142487850523706,-0.0124304527262265,-0.0108789146124245,-0.00955765343819418,-0.00842383200820719,-0.00745914887295197,-0.00663993847435536,-0.00594304026677022,-0.00534687614324752,-0.00483444259280981,-0.00439314832788715,-0.00403222658407208,-0.00372758996775075,-0.00346816691632802,-0.00325149509902099,-0.00307270379242787,-0.00292654257356059,-0.00280849965863467,-0.00271468736229104,-0.00264206457805971,-0.00258741934087281,-0.00254654175498258,-0.00251597056952311,-0.00249726765005272,-0.00248874120021029,-0.00249685897721766
0.00936499531580675,0.00890464690695448,0.00839263786088813,0.00773860139624152,0.00700304447285508,0.00623015912651769,0.00529891742715527,0.0043332773758388,0.00329276893971081,0.00201421467337838,0.000618265014956297,-0.000912362903020004,-0.00265928470719121,-0.00473095589757035,-0.00699491438186673,-0.00945034015305454,-0.0122713632735855,-0.0154446617782773,-0.0190355444461788,-0.0230756803577793,-0.0277691970933315,-0.0328937307367173,-0.0392721495308899,-0.0463017142427402,-0.0530829827659291,-0.0615540567221368,-0.0714385831019944,-0.082653031436938,-0.0955577304800603,-0.110363991109597,-0.127372472027874,-0.14694085452885,-0.169503317505901,-0.1955316185176,-0.225553903073873,-0.260220806034311,-0.300187735804613,-0.346098800392142,-0.398882303908521,-0.459477819798795,-0.528578576342354,-0.606825841071779,-0.694820026565312,-0.792818388260417,-0.900625549499317,-1.01803941030872,-1.14284759874957,-1.2735837481291,-1.40771927823147,-1.54227138176191,-1.67400914667927,-1.79962183217955,-1.91602991688181,-2.02043872974424,-2.11051847065597,-2.18504279881341,-2.2424512821102,-2.28247375688114,-2.3047111515274,-2.3094829466848,-2.29756095392986,-2.26964955156481,-2.22732512340581,-2.17044190864361,-2.10165083808927,-2.02219691422896,-1.93329618372982,-1.83647696245458,-1.73336312359833,-1.62590385048485,-1.51534791477449,-1.40339524987565,-1.2914198440577,-1.18039407531154,-1.07260014137051,-0.96862093769375,-0.869474275170494,-0.775999929463551,-0.688979491194716,-0.608657437477679,-0.53528942550473,-0.469078134933268,-0.409819254910642,-0.357279055763989,-0.310849429101682,-0.270224378170531,-0.234828929572506,-0.204116701877771,-0.177629248786463,-0.154680682412163,-0.134973814859488,-0.117994990031486,-0.103413641233092,-0.0908558829788409,-0.0800276160597807,-0.0706961346523247,-0.0626547595246754,-0.0557040656402247,-0.0496803696790826,-0.0444404333250137,-0.0398904583915363,-0.0359502805501615,-0.0325173541445544,-0.0295006535340229,-0.0268606400004749,-0.0245492797752602,-0.022521206221846,-0.0207280100044819,-0.0191434908412735,-0.0177540226900521,-0.0165268198850275,-0.0154356768807202,-0.014461764594544,-0.0135964345664346,-0.0128261762812557,-0.0121397856760662,-0.0115275450911211,-0.010978420381984,-0.0104865157850399,-0.0100457794397504,-0.00965032939368965,-0.00929500430257461,-0.00897529627597335,-0.00868628834192239,-0.00842367782998901,-0.00818524551538251,-0.00796881352452527,-0.00777275567656992,-0.00759491443958299
0.00204485575140097,0.00128946748978661,0.00047256965030615,-0.000488700604461252,-0.00155793816766207,-0.00273602921966678,-0.00399010771963092,-0.00537192081802132,-0.00686199398249634,-0.00855578284253316,-0.010451960427235,-0.012542794087588,-0.0148232183516389,-0.0174792415257982,-0.0202735663742911,-0.0234328440059431,-0.0270122428051001,-0.0308966945440039,-0.0353131923933935,-0.0401897599622286,-0.0457719732877985,-0.0518877695530347,-0.0593266278553156,-0.0675636699694117,-0.0747253710520284,-0.0852455243367449,-0.0964663543043321,-0.109081922530276,-0.123455712700049,-0.139784700542958,-0.158352565320457,-0.179491572397973,-0.203580125952964,-0.231064418990773,-0.262406002491902,-0.298121527933505,-0.338749867928447,-0.384946666200464,-0.437291776872251,-0.496561070290637,-0.563170779307077,-0.637548988654395,-0.720041514505195,-0.810658939365864,-0.909448763379385,-1.01492638248266,-1.12629333290592,-1.24189752160152,-1.35968208651119,-1.47737496641709,-1.59217835628509,-1.70148477016719,-1.80295497614563,-1.8942811082631,-1.97347899255047,-2.03934855955311,-2.09058806708044,-2.12698796734308,-2.14813320757668,-2.15372429660162,-2.14458378030044,-2.12135229043454,-2.08529711338273,-2.03615064819757,-1.97654375005584,-1.90696444695927,-1.8286767568112,-1.74312951069385,-1.65183224058965,-1.55627451254021,-1.4577131010834,-1.3573806798671,-1.25678062940747,-1.15678600268987,-1.05919114949469,-0.964610821058011,-0.873877586189355,-0.787808931040282,-0.707149761485222,-0.632140273374084,-0.563050274126989,-0.500021626383697,-0.443009223954739,-0.391826966110263,-0.346127370832281,-0.305500369132033,-0.269709240216257,-0.238237035550898,-0.210635308524645,-0.186486727070601,-0.165361501367171,-0.146994217951408,-0.130939513546537,-0.116950152725766,-0.104732723689852,-0.09404388676101,-0.0846967047345462,-0.0765305876911466,-0.0693583896717955,-0.063035605061801,-0.0574692615562137,-0.0525597697748479,-0.0482380135099822,-0.0443934777134145,-0.0409838810053749,-0.0379524659682366,-0.0352513600244247,-0.0328298969936059,-0.0306598873146203,-0.0287150961963789,-0.0269771116101475,-0.0254079010403613,-0.0239871428149438,-0.0227049019684208,-0.0215450584960645,-0.0204829014405015,-0.0195239963190929,-0.0186511172823635,-0.0178528078409479,-0.0171231005214062,-0.0164551253648119,-0.0158425619773075,-0.015278350145737,-0.0147575283482042,-0.0142775154354238,-0.0138343563696301,-0.0134232199555078,-0.0130418902649095,-0.0126880513497306
-0.00521902962539401,-0.00624770003038705,-0.00736122465842348,-0.00863938450466846,-0.0100095898362982,-0.0115590289278737,-0.013146850293326,-0.0149307485158173,-0.0168530315396141,-0.0189877387496649,-0.0213070520705963,-0.0239371625703065,-0.0267687851422341,-0.0298879941156672,-0.0332845577214889,-0.0371277927964731,-0.0412724477694983,-0.0459292466549822,-0.0511220013023426,-0.0568080363632334,-0.0631818235985721,-0.0702188673052691,-0.0781614882449373,-0.0869847346886207,-0.0969916284252485,-0.107707463533798,-0.120077779811265,-0.133878218633495,-0.149481755258006,-0.167051151145858,-0.186851690283207,-0.209190877532285,-0.234406345962508,-0.262879114021847,-0.295014445992225,-0.331238625287805,-0.372017518887594,-0.417838767357876,-0.469178420225253,-0.526563962082476,-0.590249220499554,-0.660553366370729,-0.737570340520606,-0.821329908744871,-0.911260764946281,-1.00651885038238,-1.10617509089791,-1.20884585948529,-1.31287659381185,-1.41627910874533,-1.51689379289358,-1.61251271912117,-1.70131037910897,-1.78144639144294,-1.85124726079501,-1.90945898768624,-1.95533384350485,-1.9881350314123,-2.00766918874389,-2.01389642858812,-2.0069738439758,-1.98755223421918,-1.95663441227625,-1.9141541601432,-1.86232378073491,-1.80125362614204,-1.73226233224243,-1.65659326542392,-1.5757128797554,-1.49060427524467,-1.40251457875908,-1.31257046760654,-1.22195923324261,-1.13190497881802,-1.04328560911736,-0.957054905486067,-0.87396293292991,-0.794777077735974,-0.719985922823188,-0.650004090492411,-0.585034426892904,-0.525218573211192,-0.470637589825225,-0.421073568132537,-0.376374516753529,-0.336231782793945,-0.30039619774152,-0.268567636584673,-0.240338368130408,-0.215279266546941,-0.193199331138589,-0.173669223707809,-0.156502913136091,-0.141327496703331,-0.127919588629536,-0.11610651705966,-0.105633527245222,-0.0963777373216913,-0.088192959560717,-0.0809010287030837,-0.0744156881145923,-0.0686382103259909,-0.0634815735864997,-0.0588731832952241,-0.054744132716495,-0.0510372841380019,-0.0477028607466734,-0.0446875100494045,-0.041961701475913,-0.0394955877637798,-0.0372608382352369,-0.0352329542014014,-0.0333841469054791,-0.0316983769073531,-0.0301582607109443,-0.0287469226016239,-0.027438994070996,-0.026248923988865,-0.0251537245044634,-0.0241418913019958,-0.0232074974736106,-0.0223410115937371,-0.0215368155206532,-0.0207905256191192,-0.0200968576307646,-0.0194510777589161,-0.0188489316803584,-0.0182852855957837,-0.0177578724476997
-0.0124222025097657,-0.0136857267511274,-0.0151014165783478,-0.0166690389708869,-0.018371773410923,-0.0202195191474134,-0.0221779384190868,-0.0243522308050973,-0.0266251671400431,-0.0292096262299629,-0.0319811895217602,-0.035028215799519,-0.038410485188633,-0.0420051218792495,-0.045987787973952,-0.0503330309149825,-0.0551360089122163,-0.0605126844991445,-0.0662817178265846,-0.0727730389338284,-0.0798599847548015,-0.0876900714897129,-0.0965942721705988,-0.107110258741141,-0.116004204874072,-0.128834738767039,-0.142213934964523,-0.15700646500857,-0.17361124753702,-0.192167399410355,-0.212917047863244,-0.236131466275066,-0.262107986920619,-0.291151110266437,-0.323642606657291,-0.359931462967411,-0.400405237621421,-0.445403276449287,-0.495299671424965,-0.550433363777471,-0.611015111579151,-0.677157460187007,-0.748899032648376,-0.825958547968391,-0.908028331231699,-0.994205349968998,-1.08365862226355,-1.17522143402852,-1.26744210257318,-1.35872119732715,-1.44731639910164,-1.53136428831121,-1.60940019700856,-1.67991557628952,-1.74152007561229,-1.79318709227437,-1.83411108402166,-1.86366875551444,-1.88169213618631,-1.8880114920618,-1.88288985331709,-1.86657063431119,-1.83996005638014,-1.80324007299647,-1.75789276351041,-1.70423021920968,-1.64333348289394,-1.57636291121583,-1.50451982758305,-1.42860355679997,-1.34973561747081,-1.268985320472,-1.18735543761132,-1.10583144262362,-1.02545831276383,-0.94675292552525,-0.870622133493223,-0.797634156514522,-0.728399259354808,-0.663123664384719,-0.602099825653849,-0.545480212052524,-0.493383260242778,-0.445675317479432,-0.402152501071245,-0.362790202301285,-0.327290730887979,-0.295393095978443,-0.266862906073126,-0.241289145332013,-0.218464000455505,-0.198194279582967,-0.180053417972073,-0.163972572610487,-0.149612897933749,-0.136808604239823,-0.125419240490721,-0.115221256447972,-0.106123156406569,-0.0979819914269037,-0.090676080843858,-0.0841154546338293,-0.0782139676133075,-0.0728878865593484,-0.0680948675436228,-0.0637612143912605,-0.0598357567072196,-0.0562634683846068,-0.0530140142281525,-0.0500547235256587,-0.0473545254221016,-0.044884518502392,-0.0426247696409283,-0.040551236108862,-0.0386455808526243,-0.0368891033527518,-0.0352639289014923,-0.0337559879774459,-0.032370741854615,-0.0310865676508921,-0.0298899163709803,-0.0287766821549647,-0.0277400790058825,-0.0267734264977701,-0.0258706556454129,-0.0250263297579146,-0.0242355279404429,-0.0234938222660081,-0.0227958868666811
-0.0194980860169277,-0.0210392525229899,-0.0227356372569103,-0.02456067125817,-0.0265956906491461,-0.0287277339091413,-0.0310581531546291,-0.0335830236294607,-0.0362359474882954,-0.0391927963400125,-0.042383085375657,-0.0459182099801881,-0.0497078414370183,-0.0537797625923754,-0.0582412275597426,-0.0631689282418027,-0.0685946862234712,-0.0744573968173776,-0.0809114936424097,-0.088092731050332,-0.0959244914676315,-0.104551125837201,-0.114023604614748,-0.124666942390747,-0.136180742359951,-0.148683906490929,-0.162854645500279,-0.178456670941429,-0.195851374469132,-0.215156700304309,-0.236590961417267,-0.260393370418796,-0.286803868382302,-0.316103415719722,-0.348596902863006,-0.384616023409939,-0.424401622199975,-0.468238584173405,-0.51640134184394,-0.569091602710384,-0.626430965485356,-0.688462505235595,-0.7551958138739,-0.826139159217725,-0.900979202533302,-0.97907328710201,-1.05958912490304,-1.14148507145055,-1.22355807627752,-1.30447793270549,-1.38282193643885,-1.45701050941593,-1.52586216165206,-1.58810279737205,-1.64258617640973,-1.68860127950652,-1.72506465537388,-1.75168104562226,-1.76818446185082,-1.77444693204741,-1.77061114115589,-1.75694225114348,-1.73408349192472,-1.70219029889783,-1.66223312216828,-1.61501894089962,-1.56116141418172,-1.50178249134176,-1.43769043409722,-1.36985505941871,-1.29920559280316,-1.22660238953272,-1.15296619058472,-1.07919464463571,-1.00610201502085,-0.93440802326381,-0.864489886128394,-0.79722240655091,-0.733069249176289,-0.672233822979678,-0.614979095348843,-0.561482390572565,-0.511889454836824,-0.466084518320255,-0.424001573950247,-0.38558742050713,-0.350669595586366,-0.319034833905668,-0.290421656632904,-0.264607547136015,-0.241364476320929,-0.220486527964335,-0.201747375520106,-0.184898222432473,-0.169772071220443,-0.156190853677307,-0.143984910736007,-0.13302400700928,-0.123140210238116,-0.114236723248504,-0.106205656603393,-0.0989474497163655,-0.0923776625006532,-0.0864109985558626,-0.0809982230728219,-0.0760880147943584,-0.0716155671518532,-0.0675251316981725,-0.063786036528543,-0.0603635141831276,-0.0572265792629159,-0.0543402646031983,-0.0516843366169869,-0.0492413004569715,-0.0469862620255914,-0.0448990876337147,-0.0429616547958321,-0.0411666895857016,-0.0394939656372821,-0.0379439558138354,-0.0364941162296301,-0.0351423063137743,-0.0338793436394995,-0.0326977308327298,-0.0315907230328628,-0.030552215317922,-0.0295766969414427,-0.0286591729053062,-0.0277933755735631
-0.0264635471898197,-0.0282746638899165,-0.0302373771612363,-0.0323310158908156,-0.0346455772273635,-0.0371026920938534,-0.0397252573331951,-0.0425916826967432,-0.0456349797377752,-0.0489324647016052,-0.0525400824415811,-0.0564844399524906,-0.0606521609089133,-0.0652315360132685,-0.0701862398777371,-0.0755835198846258,-0.0814352407269553,-0.0879294568137779,-0.0949873271968286,-0.102656091806743,-0.111060712809249,-0.120351446859767,-0.130319739740203,-0.141644191581183,-0.153668837665808,-0.167128489304196,-0.181990363381407,-0.198245427614901,-0.216234283413525,-0.236074391551465,-0.257959181433023,-0.282079763548092,-0.308669284502477,-0.337956054962363,-0.370187669325001,-0.405631504541152,-0.444470634115539,-0.486907970619663,-0.533146183855418,-0.583303210423561,-0.637424853305437,-0.695572806371471,-0.757392607421919,-0.822712095704081,-0.891125605776181,-0.962002600143732,-1.03454932773455,-1.10802598325013,-1.18132838343374,-1.25334083528849,-1.32288955969103,-1.38862957386684,-1.4495998627142,-1.50474054310902,-1.55310888113402,-1.59391702457003,-1.6266020871276,-1.65057871048618,-1.66572476824288,-1.67173345640835,-1.66884283836882,-1.65735645756707,-1.6375865307761,-1.60975687491142,-1.57455811421893,-1.532873102326,-1.48519270904176,-1.43238470942401,-1.37520310643988,-1.31449156370254,-1.25102788610778,-1.18564045447814,-1.1191355485842,-1.05230381076274,-0.985764462490359,-0.920195003608902,-0.856208010415175,-0.794078572845905,-0.734623974988493,-0.677941066681009,-0.624278793463901,-0.573787626692718,-0.526646351337209,-0.482839088458874,-0.442324188481249,-0.405045481334765,-0.370876358321266,-0.33968921121176,-0.311286664966865,-0.2854042158023,-0.261970398053201,-0.240736476445152,-0.221531004473952,-0.20416263720962,-0.188429777845176,-0.174225693550799,-0.161373095483039,-0.149742838502027,-0.139213080223826,-0.129653740499309,-0.120973235852929,-0.113102133185187,-0.1059392176261,-0.0994001666146963,-0.093434106891898,-0.0879872929172401,-0.083012986318801,-0.07844447478913,-0.0742510440151801,-0.0703971662894957,-0.066849530113239,-0.0635733024794949,-0.0605455267161048,-0.0577484077462557,-0.0551613494634769,-0.0527590134997955,-0.0505231260995002,-0.0484365131442926,-0.0465093741405391,-0.0446983560318138,-0.0430039801164698,-0.0414231315071632,-0.0399414730200022,-0.0385517323364118,-0.0372466160964519,-0.0360194826300086,-0.0348642455543312,-0.0337733494864638,-0.032743558673385
-0.0333269494931207,-0.0353759991636165,-0.0375823980971816,-0.0399504559908783,-0.0425243812309085,-0.0452820899335818,-0.0482176766139563,-0.0513576764160145,-0.054757121604863,-0.0584355287410467,-0.0624259078811352,-0.0666787914680009,-0.0712690622674352,-0.0762344062967686,-0.0816515430219227,-0.0875476870268203,-0.0939077546818502,-0.10078756921991,-0.108329631962131,-0.116568397335625,-0.125567837393396,-0.13527142042363,-0.146102815660126,-0.158334471522653,-0.169862432739736,-0.184289611666888,-0.199665772395384,-0.216407714991772,-0.234812839409947,-0.254997870698843,-0.277112731407506,-0.301354163012991,-0.327904337206802,-0.356950910541072,-0.38869846719404,-0.423344939928876,-0.461039883559726,-0.50192194636474,-0.546121312671927,-0.593707270272198,-0.644732936034508,-0.698957700724183,-0.756288652678856,-0.816456938336617,-0.879047953289007,-0.943513786721491,-1.00909996837614,-1.07512922009838,-1.14080378972309,-1.205115341019,-1.26707181074972,-1.32554113049932,-1.3797157839821,-1.42869952700694,-1.47174409670203,-1.50819211352971,-1.53738619236782,-1.55896450915193,-1.57273316026884,-1.57854911482869,-1.57646979677592,-1.56667390216101,-1.54956938718728,-1.52509556517912,-1.49410063195872,-1.45715288998531,-1.41488514877952,-1.36786637791323,-1.31669401427896,-1.26223063427859,-1.20516022011429,-1.14618796323222,-1.08607704393331,-1.02539665284105,-0.964769495410981,-0.90477030117301,-0.845956215102302,-0.788704319544758,-0.733586894712585,-0.680776803982357,-0.630457658526644,-0.582873507816685,-0.538193554703887,-0.496407434073436,-0.457516567507669,-0.421480840058822,-0.38823954870849,-0.357640644916775,-0.329601813698565,-0.303893435769726,-0.280412099454784,-0.259026012232528,-0.239545006758846,-0.221780467523738,-0.205635856010332,-0.190930646739189,-0.177569811242563,-0.165400799080043,-0.15430658709914,-0.144206010127405,-0.134981919015382,-0.126557244469844,-0.118872792660727,-0.111828649788543,-0.105369877011996,-0.0994437850023109,-0.0940037534596646,-0.0889977228515002,-0.0843858379107487,-0.0801317896561776,-0.0762022224666641,-0.0725617856901333,-0.0691876489890735,-0.0660575515228371,-0.0631538297182082,-0.0604528169525682,-0.0579333604449431,-0.0555843374091004,-0.0533899563098848,-0.0513392195699961,-0.0494126508826933,-0.0476064203928068,-0.0459140169465622,-0.044323335387562,-0.0428266668843053,-0.0414168228826755,-0.0400846964318797,-0.0388270076788391,-0.0376384461176899
-0.040066385584642,-0.0423407232085611,-0.0447834679492536,-0.0473929078101533,-0.0502365695882927,-0.0532595469809111,-0.0564581240952185,-0.0599361743681121,-0.0634801963334218,-0.0677014563316984,-0.0716779874485777,-0.0765329636077805,-0.0815010283891739,-0.0868916256677445,-0.0926752405168786,-0.0989593083611953,-0.105766023437466,-0.113135722888933,-0.121116881859307,-0.129729909844756,-0.139178742296156,-0.149512892833379,-0.160591752268625,-0.173573923049369,-0.187383883515019,-0.200145698267837,-0.215918595997147,-0.232997802076824,-0.251654392593891,-0.272004093352938,-0.294196117685768,-0.318378523294413,-0.34470575285412,-0.373328169513766,-0.404413391899038,-0.438099962433348,-0.474512403331708,-0.513738897716665,-0.555849849726731,-0.600899278018721,-0.648789959988677,-0.699394455825244,-0.752558556332138,-0.807993574028557,-0.865315347885263,-0.924039803798255,-0.98347583145732,-1.04304299741544,-1.10200600245051,-1.15961780125768,-1.21499450259079,-1.2671718883007,-1.31546786212486,-1.35915874044553,-1.39760793135443,-1.43022825851724,-1.45634728732487,-1.4758898776395,-1.48835414060064,-1.49384137688148,-1.49232071938367,-1.48391870587098,-1.46902084593571,-1.4475404916816,-1.42002146683798,-1.38739283198135,-1.34975349034462,-1.30767541826622,-1.26189603383783,-1.21297137795918,-1.16154278594691,-1.10833594577618,-1.05385206685644,-0.99867791015909,-0.943366846425074,-0.888431624021634,-0.834338570488416,-0.781543490880243,-0.730398984973317,-0.681144766635283,-0.634034892643683,-0.589249724343101,-0.546968039619349,-0.507190262983064,-0.469948008399089,-0.435226510694945,-0.40300668057895,-0.373165208877134,-0.345583657727517,-0.320202130744847,-0.296863511415059,-0.275447494113413,-0.255843786426282,-0.237868006616769,-0.221397824132722,-0.206359908591168,-0.192585901534608,-0.179996487842502,-0.168456673040396,-0.157880543843608,-0.148208107678714,-0.13932038784626,-0.13116379718272,-0.123678762092858,-0.116783941899053,-0.110432917932323,-0.104575450435814,-0.0991648357890886,-0.0941708007837085,-0.0895492389168875,-0.0852669947261678,-0.0812886870424143,-0.0775917487391848,-0.0741530459512085,-0.0709507879455929,-0.0679663232422751,-0.0651791421944955,-0.0625738720662943,-0.0601350614595553,-0.057849938775375,-0.0557025539274004,-0.0536849657945781,-0.0517874645071958,-0.0500034444800279,-0.048321878824447,-0.0467328573979861,-0.0452322284108196,-0.0438136086854882,-0.0424711451634712
-0.0466444691501944,-0.0491340779304042,-0.0518190270169298,-0.054660538386417,-0.0577562336286407,-0.0610360955617463,-0.0644994608348886,-0.0681988862267328,-0.0721622695270183,-0.0765348461314957,-0.0810747423294101,-0.0860341229049258,-0.0914060242865398,-0.0971458549961618,-0.103252920262961,-0.10990237713775,-0.117062051502509,-0.124799491649641,-0.133181132921734,-0.142243665956013,-0.152055848305433,-0.162742547107447,-0.174499721109227,-0.188050210287988,-0.200667614025639,-0.21477795749241,-0.230803037248154,-0.24809060584336,-0.266849228034836,-0.287221361463704,-0.309340715366503,-0.333314444460192,-0.359267901217197,-0.38732066497461,-0.417607811430049,-0.450228563654132,-0.485258721351827,-0.522769439775435,-0.562820425319215,-0.605313873005476,-0.650233009019939,-0.697435156625567,-0.746725695069641,-0.797827328110544,-0.850382726798371,-0.903954391713947,-0.957940288124207,-1.0118129263608,-1.06495201142672,-1.11667841650175,-1.16632427709893,-1.21303212136133,-1.25626710614489,-1.29537844137175,-1.32975402130205,-1.35892845411628,-1.38244110953782,-1.40000728384216,-1.41141309172713,-1.41661366274855,-1.41545503821369,-1.40821531052586,-1.39517974001898,-1.37617534244473,-1.35193621317952,-1.3228856172403,-1.28928141907578,-1.25163820582185,-1.21050577827476,-1.16638437892115,-1.1201086315419,-1.07195564783822,-1.02250228460172,-0.97227013146061,-0.92175080372987,-0.871402478798885,-0.821644604341943,-0.772852388892265,-0.725423283092192,-0.679509325658808,-0.635419193554783,-0.593299534945514,-0.553332238748773,-0.515535674194096,-0.479947227708539,-0.446583899615572,-0.415447855331877,-0.386442800476977,-0.359469827057924,-0.334499576259609,-0.311432470841541,-0.290146742001523,-0.27052051041152,-0.252455094230892,-0.235817371737802,-0.220516112839573,-0.206471987164598,-0.193545355335528,-0.181649784885843,-0.170710596595153,-0.160634502918361,-0.151372276176674,-0.142822192099943,-0.134937903538185,-0.127661239939203,-0.120932987777314,-0.114708309231133,-0.1089369604761,-0.103590323941292,-0.0986340262776507,-0.0940286093740011,-0.0897391042015085,-0.0857433391502846,-0.0820176567826151,-0.0785400819874764,-0.0752876482639364,-0.0722468630027228,-0.0693999842724733,-0.0667304050098906,-0.0642231599090584,-0.0618641389656081,-0.0596448213094537,-0.0575543739655279,-0.0555831600984239,-0.0537216072380597,-0.0519630504279352,-0.0503001356755711,-0.0487261061214153,-0.0472348979684264
-0.0530887454926138,-0.055798249001567,-0.0586654077472588,-0.0617407405039856,-0.0650614022947889,-0.0686279538220718,-0.0722740913829527,-0.0762327193580057,-0.0805439054270343,-0.0852250116688484,-0.0900158996678018,-0.0952683008580398,-0.100876071483233,-0.106929168439437,-0.113423127946742,-0.120369223886345,-0.127844500946903,-0.135906681492403,-0.144601314090102,-0.153969079004478,-0.164111834527538,-0.175088716456623,-0.187092199530399,-0.200528964109956,-0.213240297410999,-0.228197782725268,-0.244354605376207,-0.261709320638698,-0.280479790969966,-0.30076734945735,-0.322682189298663,-0.346319920122404,-0.371778662218819,-0.39915029301424,-0.428539138857546,-0.460016416156199,-0.493630637385178,-0.529446022020681,-0.567388153331142,-0.607457578989367,-0.649563002652418,-0.693525766031276,-0.739229275658199,-0.786368449377469,-0.83461091299262,-0.88356210785541,-0.932695257112993,-0.981533676229783,-1.02955077598166,-1.07616262031589,-1.12077008722739,-1.16276009268899,-1.20156905373397,-1.23661198788111,-1.26749432825156,-1.29363917965072,-1.31477575042645,-1.33065552370305,-1.34104942058082,-1.34589043300543,-1.34506638749474,-1.33880457018342,-1.32733362617578,-1.31055804575714,-1.28908193916786,-1.26314384231146,-1.23302167267233,-1.19924961409055,-1.16229646755689,-1.12261191186674,-1.08070333776167,-1.0370242740494,-0.99206411163485,-0.946263828875095,-0.900060417869026,-0.853863968613946,-0.808051691028477,-0.762988076752947,-0.718950138002331,-0.676231114428567,-0.63494519370133,-0.595354747088332,-0.55760881146456,-0.521743180382142,-0.487803957196738,-0.45581443018308,-0.425823488173546,-0.397664086888283,-0.371423036256927,-0.346974372302048,-0.324260209855485,-0.303202233894525,-0.283700634673882,-0.265620564848123,-0.248921396910861,-0.233489261915781,-0.219232179223763,-0.206083742973257,-0.193911341601518,-0.182678210800897,-0.172299855207648,-0.162699675902027,-0.153831173866228,-0.145611145451158,-0.137990514052362,-0.130935650533989,-0.124387659868785,-0.11830000974045,-0.112638094115015,-0.107373745169265,-0.102474615194,-0.0979007024995657,-0.093630204933543,-0.0896391757604633,-0.0859059672541207,-0.0824074696569153,-0.0791262171352343,-0.0760520835237052,-0.0731649469850173,-0.0704486820947904,-0.0678891314075064,-0.0654778456900158,-0.063203676709878,-0.0610560702306216,-0.0590237617422601,-0.0571028861252569,-0.0552843189104455,-0.0535609933455287,-0.0519264364722442
-0.0593551154486802,-0.0622918139261541,-0.0653176200223426,-0.0686299704542274,-0.0721673641773706,-0.0758826147825826,-0.0799752939330094,-0.0839229365478088,-0.0886515033773184,-0.0933399403184333,-0.0985791122770662,-0.1040649824918,-0.109992756208084,-0.116257230979664,-0.123027884959458,-0.130305243740205,-0.138085672517006,-0.146419610753596,-0.155338263970741,-0.164957072212493,-0.175367818384495,-0.186543026856157,-0.198682451076104,-0.211448974361437,-0.22584322390894,-0.240399715175299,-0.256600890136797,-0.273952910164717,-0.292632990196997,-0.312736552674873,-0.334349448069959,-0.357549740585665,-0.382419850724249,-0.409027115818493,-0.437446596129006,-0.467731141990779,-0.499926568886073,-0.533981950443029,-0.569907786216647,-0.607650741116056,-0.6471128141343,-0.688097157498315,-0.730446536592412,-0.773947125840983,-0.81828458180103,-0.863085746914165,-0.90788906343264,-0.95226375575919,-0.995759560584361,-1.03787488855411,-1.07815042716933,-1.11595218227122,-1.15085546800394,-1.18236825133188,-1.21007625109978,-1.23364084008175,-1.25268135351774,-1.26702787434238,-1.27650962466137,-1.28099250554913,-1.28045910614481,-1.2750139677842,-1.26487519881951,-1.25001341434534,-1.23087856590796,-1.20769575810128,-1.18068235601889,-1.15031351789388,-1.11699559808593,-1.08119734485819,-1.04327331156658,-1.00360716567251,-0.962651155351847,-0.920832679517571,-0.878522779833688,-0.836088508030389,-0.79389030411036,-0.752167334935923,-0.711311031225848,-0.671493278294355,-0.63293173528192,-0.595705100119465,-0.560082392486139,-0.526086281328467,-0.493758809441085,-0.463126669774765,-0.434248451581139,-0.40708279426187,-0.381601875145516,-0.357758092295412,-0.335498737254273,-0.314742437843614,-0.295444168356511,-0.277472352478534,-0.260776408731556,-0.245299950964621,-0.230944471622355,-0.217623625000447,-0.205271937336597,-0.1938104945625,-0.183189826500409,-0.173335576612649,-0.164183977810894,-0.155687056877956,-0.147786973922844,-0.140435123097132,-0.133606344108915,-0.127241607132664,-0.121303991113336,-0.11576401144603,-0.110595301281307,-0.105763579613461,-0.101241596467458,-0.0970070548522551,-0.0930383172567866,-0.089312103663638,-0.0858114343897736,-0.0825210890747036,-0.0794301468805362,-0.0765176032874083,-0.0737694184009928,-0.071176583967868,-0.0687281005779357,-0.0664127778651099,-0.064219302863585,-0.0621423761302226,-0.0601750469636623,-0.0583087528993409,-0.0565367953639671
-0.0654701019667617,-0.0685696658513569,-0.0717966424751044,-0.0753001553435684,-0.0790018567811789,-0.0829798638739763,-0.08711854771216,-0.0913341788657247,-0.0966646663912242,-0.101323522967303,-0.106766222184773,-0.112498786047799,-0.118630913140797,-0.125208842319431,-0.132178150083303,-0.139664125615399,-0.147678976484382,-0.15629345156652,-0.165477941243913,-0.175314788589545,-0.185858484001804,-0.197231270402311,-0.209352966407697,-0.222492519626643,-0.237244607892993,-0.251447563555503,-0.267629729813259,-0.284901014077001,-0.303407073853442,-0.323241139301499,-0.344470816386232,-0.367158033819925,-0.391363518064205,-0.417146310111662,-0.444549795387459,-0.473632862318949,-0.504347955084921,-0.53671074145248,-0.570687742732703,-0.606209895040575,-0.643171164040068,-0.681387155212936,-0.720687487932665,-0.760850777676537,-0.801620314163544,-0.84264478958284,-0.883590730546929,-0.924004634491557,-0.96352846728814,-1.00173166370185,-1.03814860838288,-1.07226952612877,-1.10373431110004,-1.13213325502219,-1.15711675465577,-1.1783097739268,-1.19553686058521,-1.20851167938447,-1.2171864333643,-1.22131968058836,-1.22100703156605,-1.21626089063593,-1.20727547589018,-1.19413251416763,-1.17694898517162,-1.15617469791465,-1.13191757683023,-1.10450109429396,-1.07455267909605,-1.04213726736045,-1.00772526474668,-0.971649312588229,-0.93429565943448,-0.896043551343892,-0.857250054799824,-0.818244730548829,-0.779334482661619,-0.740810001784981,-0.702827314650321,-0.665639482866028,-0.629541772873358,-0.594601856588555,-0.561001058415635,-0.528792540313743,-0.498021376049095,-0.46875796479811,-0.441058785707423,-0.41486879434682,-0.390193239080937,-0.366999284493128,-0.345258741213239,-0.32489355932001,-0.305848217045554,-0.288064138271804,-0.271470408701534,-0.256009273858358,-0.241624522043902,-0.228229550489541,-0.215740698128019,-0.204135239585151,-0.193326426170911,-0.183271541663574,-0.173904659830062,-0.165165997411623,-0.157034781741875,-0.149445404258966,-0.142360737680109,-0.135756625072541,-0.129577739570998,-0.123797983785704,-0.118387446388975,-0.113318728606915,-0.108569668186521,-0.104113597897956,-0.0999292247485904,-0.0959936488885126,-0.092290278892932,-0.0888034985175708,-0.0855184094938208,-0.0824223894378675,-0.0794973736891925,-0.0767338152442631,-0.0741206815278159,-0.0716468112364649,-0.0693007474463638,-0.0670765328836876,-0.0649665109551801,-0.0629638562554794,-0.061060589551972
-0.0714107191346501,-0.0746667313402223,-0.0781102153698933,-0.0817458785606158,-0.0856199284464748,-0.0896743654997532,-0.0940658265004532,-0.098814216711252,-0.103732170271094,-0.108988253711394,-0.114640869108027,-0.120559793543505,-0.126884358904214,-0.133666381811781,-0.140854468523147,-0.148563692179787,-0.156743464118729,-0.165523974697212,-0.174905212143767,-0.184902731263833,-0.195647885800595,-0.207077786809599,-0.219252430579059,-0.232687056419831,-0.246907323126886,-0.261420421638422,-0.277500249393074,-0.294617882899542,-0.31289590641906,-0.332390658408874,-0.353171123727045,-0.375285691483296,-0.398777394982108,-0.423688881269539,-0.450054517786626,-0.477889818644932,-0.50717237976819,-0.537889399879319,-0.569993017164982,-0.603405456498601,-0.638017834125129,-0.673657559996573,-0.710146580744491,-0.747284944561491,-0.784824978903995,-0.822580173388599,-0.859986396250244,-0.896817373188024,-0.932844725779377,-0.967536227643919,-1.00054232857309,-1.03141995141969,-1.05986033178698,-1.0855154618811,-1.10807441597532,-1.12726569257113,-1.14276895019562,-1.15458551357639,-1.16241536523224,-1.1663314139351,-1.16618862386179,-1.16205554711889,-1.15409061846941,-1.14235374258964,-1.12695227735331,-1.10823497844158,-1.08643741162689,-1.06177551461963,-1.03462107362862,-1.00526375887474,-0.973961538928532,-0.941097855286737,-0.906987131823949,-0.871953631997306,-0.836339477538462,-0.800453621861333,-0.764525307206983,-0.72867585576916,-0.693530197896149,-0.658920290755048,-0.625072841033145,-0.59227101988292,-0.560578065117089,-0.530072377344433,-0.500834504756882,-0.472915892092678,-0.446370919536068,-0.421185559347414,-0.397348411549544,-0.37484443952481,-0.353662443383087,-0.33374315811262,-0.315020410915564,-0.297476214813126,-0.281054400148497,-0.265692501368148,-0.251328353884488,-0.237919694178676,-0.225375397976682,-0.213661304417605,-0.202736400350089,-0.192526959357046,-0.182989423709376,-0.17407482099455,-0.165736726850586,-0.157954254532772,-0.150665099695848,-0.143840856025894,-0.137455594252606,-0.131465026036233,-0.125844102618968,-0.120564674142525,-0.115608340122169,-0.11095231643771,-0.106572231476511,-0.102445748017842,-0.0985564411071975,-0.0948884278233702,-0.0914268986122523,-0.0881565648465444,-0.0850666003447332,-0.0821434095381202,-0.0793757907163422,-0.0767525712904991,-0.0742624618249626,-0.071899067672861,-0.0696543124593996,-0.0675212201464916,-0.0654916733957174
-0.0771588138601482,-0.0805945100962646,-0.0841968776203573,-0.087984438755341,-0.0920206462843835,-0.0962774067348464,-0.100900353156353,-0.105828127084954,-0.110914772575371,-0.116300539163126,-0.12209854549623,-0.128231773203201,-0.134718155731132,-0.141690858280033,-0.14905948816384,-0.156911070352391,-0.16531408265485,-0.174171418677338,-0.183688065250225,-0.193793201253351,-0.204634642425407,-0.216157738575594,-0.228375689467163,-0.241397102767037,-0.256681128074141,-0.270554113596363,-0.286344205204016,-0.303223960975631,-0.321193321224114,-0.340291552372881,-0.36057043194219,-0.382067670195695,-0.404814284649242,-0.428838637039348,-0.454158430043894,-0.480759946216567,-0.508619226719621,-0.537740450039558,-0.568052424798004,-0.599468929478566,-0.631880496623566,-0.665126368840852,-0.699027957485589,-0.733414288356649,-0.768069430654923,-0.802715053091104,-0.837000001813331,-0.87074763611711,-0.903589829088702,-0.935162688788002,-0.965147807832401,-0.993157570599675,-1.01892779107758,-1.04215878505175,-1.06259478957264,-1.07995339434569,-1.09405784809659,-1.10474854623023,-1.11193992701964,-1.1155059939529,-1.11550915369785,-1.11192939103228,-1.10481626950356,-1.09429681106249,-1.08041972176226,-1.06360914691062,-1.04395499304933,-1.02162093394176,-0.997044861048891,-0.970320241300262,-0.941833231032212,-0.911847260395585,-0.880652662788019,-0.848547158293391,-0.815828661340768,-0.782745386111052,-0.749539921739153,-0.716327908490395,-0.683547771154871,-0.651344903664754,-0.619706581811649,-0.588882202477351,-0.558993408193383,-0.530137030496215,-0.502377988477203,-0.475771488604562,-0.450376335640766,-0.426189880603553,-0.403207984182545,-0.381423067245613,-0.360836090260324,-0.341388151803624,-0.323053170119471,-0.305803270237335,-0.289596299209201,-0.274384364953209,-0.260118882409467,-0.24673216268167,-0.234191430985659,-0.222439111966807,-0.211428793519045,-0.201128161729177,-0.191461751309225,-0.182403981943388,-0.173919116577431,-0.165960666972796,-0.158508758791199,-0.151510902548822,-0.144935215149461,-0.138763729146768,-0.132960677027048,-0.12749934333023,-0.122356918818661,-0.117518671612107,-0.112961891631238,-0.108662656661549,-0.104604430487226,-0.10077034950377,-0.0971460654607678,-0.0937168836548294,-0.0904708540298003,-0.0873991453899716,-0.0844874648719698,-0.0817242582284907,-0.0790986421626086,-0.076604100032779,-0.0742322236593508,-0.0719753674539917,-0.0698255453576563
-0.0827255080167968,-0.0863290209269432,-0.090066492388027,-0.0940299721255988,-0.0981993560380314,-0.10265011246748,-0.107307169266716,-0.112715446423568,-0.117622836748733,-0.123277401681801,-0.129230748129677,-0.135508798794612,-0.142157080021837,-0.14925906689523,-0.156775982529014,-0.164759609481335,-0.173307818545804,-0.182277628486312,-0.191923407438087,-0.202095686307528,-0.21300134683436,-0.224526496962705,-0.236849792600733,-0.249945007110568,-0.26496816668321,-0.278534486068852,-0.29416156124,-0.310771060491671,-0.328387640492262,-0.347044993129911,-0.36678225216534,-0.387630115664303,-0.40960780498597,-0.432731217707883,-0.456993403251105,-0.482398160939861,-0.508902779775345,-0.536472612704608,-0.565064036461676,-0.594597920047801,-0.624951902232379,-0.655979175777437,-0.687505904908155,-0.719378628690855,-0.751380126113959,-0.783251353946436,-0.814770308323337,-0.845698023845236,-0.875698072170002,-0.904495524789005,-0.931797374508689,-0.957264239817897,-0.980669772812078,-1.00175483845213,-1.0203080663242,-1.03610202510997,-1.04886767203429,-1.05858724087359,-1.06519423327231,-1.06851022352045,-1.06859505743721,-1.06542708872971,-1.05910850773273,-1.04965384299409,-1.03712140382549,-1.02194895065091,-1.004192426123,-0.983968924360326,-0.961593232328155,-0.937299770295601,-0.911315972404502,-0.883909694203091,-0.855345787137293,-0.825902599812424,-0.795790609790936,-0.765247411972215,-0.734521095654141,-0.7038087370907,-0.673237395143131,-0.643127737947609,-0.613550942018894,-0.5846129236529,-0.556451416367457,-0.529155535259271,-0.502815030269569,-0.477479446265773,-0.453210189443118,-0.430014711843907,-0.407893004566866,-0.386837613034742,-0.366855156270264,-0.347924999673369,-0.330018654825502,-0.313112109304279,-0.297172779591295,-0.282156534137962,-0.268029793572887,-0.254732683335255,-0.242225474682199,-0.230491137794019,-0.219468788130273,-0.209084126789639,-0.199315799542072,-0.190172609681648,-0.181592944538737,-0.173500360571203,-0.165888298234852,-0.158753828116699,-0.152028936684915,-0.145690931882479,-0.139731288152454,-0.134114365191659,-0.128810868356183,-0.12381307440814,-0.119093505400393,-0.114633319614238,-0.110421488692211,-0.106436573549669,-0.102664200775782,-0.0990878659728154,-0.0957026106326491,-0.0924912403010862,-0.089446870878066,-0.0865553219843255,-0.0838006264165938,-0.0811829867100211,-0.078691474980211,-0.0763201000684704,-0.0740578199519229
-0.0881360503069004,-0.0918571600548191,-0.0957598399882465,-0.0998203845087885,-0.1041595114823,-0.108729166841293,-0.113533764534762,-0.118734295816185,-0.124272215144139,-0.12997718585872,-0.136007906430503,-0.14243323609844,-0.14919669075254,-0.156435934722791,-0.164068089284331,-0.172146492549584,-0.180758727106786,-0.189816241287359,-0.199535891297776,-0.209773397495572,-0.220655291824909,-0.232149312757821,-0.24451314684389,-0.257624245650112,-0.271317459100704,-0.285643755038629,-0.301025232180386,-0.31734097744951,-0.334564919379018,-0.352747210040564,-0.371913274074416,-0.392089837687365,-0.413283433007913,-0.435492946570989,-0.458723095957173,-0.482957397892713,-0.508151339661944,-0.534256990447013,-0.561219159345158,-0.58896172077987,-0.617396838876856,-0.646372009331013,-0.675711796076045,-0.705271074932969,-0.734847783874069,-0.764242920291467,-0.793291907200759,-0.821638559837547,-0.849105903728394,-0.875426409486964,-0.900338321738913,-0.923544088960308,-0.944849789341701,-0.964029240697192,-0.980892719490535,-0.995266164782627,-1.0069366093106,-1.0158339596448,-1.0218526065901,-1.02492599633547,-1.02504141785883,-1.02223509295097,-1.0165936435654,-1.00809295394125,-0.996768772879999,-0.98307057663667,-0.966970360850791,-0.948600413224324,-0.928217392955139,-0.906033617235028,-0.882326278796644,-0.857240341077645,-0.831072432120558,-0.804003679225111,-0.776255429145841,-0.748042511231558,-0.719567872699911,-0.691047563370986,-0.662607462032596,-0.634493003508011,-0.60677233869629,-0.579606992170038,-0.553074563672537,-0.527277781308915,-0.502293370912038,-0.478181739973106,-0.455015257073191,-0.432800886401019,-0.411525937174685,-0.391203663682934,-0.371854024943262,-0.353452196100275,-0.335996552033354,-0.319457794870888,-0.303827160180383,-0.289048613520169,-0.275082017274877,-0.261908610617544,-0.249471471141961,-0.237934132301683,-0.226827084989343,-0.216450239977867,-0.206637472373286,-0.197349888606249,-0.188701464253317,-0.180540320096524,-0.172844826374574,-0.165576806294509,-0.158728227187716,-0.152253433093514,-0.146163222420002,-0.140392494537869,-0.134992726562864,-0.12982143135538,-0.124973998516412,-0.120361342103236,-0.116021275947634,-0.111896388432612,-0.107995026194861,-0.104290717383244,-0.100775151748769,-0.0974360794529388,-0.0942634114346381,-0.0912592406072456,-0.0883765215166665,-0.0856479800353566,-0.083046385525746,-0.0805617888828446,-0.0782013766979009
-0.0933482619969312,-0.0971896599390307,-0.101218192932474,-0.105385056567209,-0.109881579184281,-0.114550086507727,-0.119533601993165,-0.124813883796823,-0.130405545914484,-0.136254953288811,-0.142423310466357,-0.148963200114555,-0.155871045311408,-0.163180393087735,-0.170896512268159,-0.179105536251087,-0.187737320341345,-0.196823633336851,-0.206567299669645,-0.216805594700978,-0.227638393486561,-0.239115938377455,-0.251219691999382,-0.263876044560881,-0.277811029656137,-0.292074486426721,-0.307055751324633,-0.323011908090601,-0.339814122357241,-0.357492301542189,-0.376067264561726,-0.395554132928765,-0.415952648307764,-0.437266138655838,-0.459482699409459,-0.482579172568489,-0.506510910920712,-0.531219013263425,-0.556650817911498,-0.582725589644164,-0.609351644377414,-0.636424934760389,-0.663744216002185,-0.691186430517341,-0.718564694094635,-0.745779932925435,-0.772515359742356,-0.798568183355564,-0.823756686103465,-0.847858728023388,-0.870636845947311,-0.891828881405058,-0.911264638594861,-0.928766085661642,-0.94417287418407,-0.957201261910114,-0.967906352600506,-0.976042289500891,-0.98155539195827,-0.984384093821182,-0.984545815465958,-0.982044250997948,-0.976956166381783,-0.96929555979327,-0.959095657877747,-0.946674856205462,-0.932022008252768,-0.915268665490411,-0.896745030574372,-0.876504400324519,-0.854780614074759,-0.831841129923654,-0.807773612370926,-0.782849382542875,-0.757241319561555,-0.731165498429261,-0.70477758673168,-0.67824916873857,-0.651799409317177,-0.625521596074163,-0.599551149782257,-0.574023697200998,-0.549011699102015,-0.524614420351168,-0.50091147580442,-0.477973243402995,-0.45586887828058,-0.434592834603897,-0.414164132595741,-0.394597696074859,-0.375903297252849,-0.358079216907072,-0.341108544007325,-0.324979364999425,-0.309690293586173,-0.295203156994256,-0.281453365729132,-0.268456302129756,-0.256246978550209,-0.244492085589226,-0.233511850084713,-0.223165085606765,-0.213344136781719,-0.204066663524148,-0.19538491818524,-0.187115529086621,-0.179339565169432,-0.171992918118473,-0.165037759917641,-0.15844377112089,-0.152304875127135,-0.146386688333246,-0.140864680941846,-0.135581566321339,-0.130588602249808,-0.125839116845677,-0.121389102090136,-0.117160295800088,-0.113127848786256,-0.109296311038563,-0.105643146715403,-0.102306398105813,-0.0989348195962618,-0.0957930049764967,-0.0928988215109155,-0.0900407911536642,-0.087230307840951,-0.0846329022479719,-0.0821551321264671
-0.0983679506980034,-0.102325658887174,-0.106452658727164,-0.110771299561116,-0.115340287303328,-0.120152728623431,-0.125220615346878,-0.130598403797196,-0.13624715661846,-0.142224557687761,-0.148480667068345,-0.155131016840688,-0.162093668741722,-0.169485577859958,-0.177266999988782,-0.185477525379016,-0.194199266277789,-0.203338618904111,-0.213014791769415,-0.2231990858491,-0.234021886847391,-0.245389576631673,-0.257342509014606,-0.269663801405652,-0.284105444077882,-0.297468494282827,-0.31227466375745,-0.327849717430569,-0.344204515970412,-0.361365798452405,-0.379341272609484,-0.398126677424343,-0.417737597742297,-0.438171947857303,-0.459399438723632,-0.481411678147002,-0.504130022791148,-0.527515059115586,-0.551512925087625,-0.576020350367638,-0.60097438599991,-0.626262015979725,-0.65173752598483,-0.677255376321066,-0.702672730005554,-0.727822335372123,-0.752451629780904,-0.776470693491639,-0.799590016277815,-0.821723899800114,-0.842576834914559,-0.861943477069748,-0.879751267990457,-0.895756279748584,-0.909817365353709,-0.921756912955243,-0.931486323154996,-0.938925420842193,-0.943962314497903,-0.946603493331716,-0.946770727921485,-0.944539800430489,-0.94005174356148,-0.933132863771901,-0.923775307914727,-0.912577800020345,-0.898083713418852,-0.884358853612294,-0.867082388217345,-0.848681996856174,-0.828566640344777,-0.807503229845655,-0.785392224862735,-0.762383958486886,-0.738748141926081,-0.714579711428875,-0.690059094237399,-0.665429783662099,-0.640780049021492,-0.616189666482341,-0.591793658916216,-0.567793945558855,-0.544299385243566,-0.521219834573586,-0.498779608672803,-0.476892383785942,-0.455738660701176,-0.435329859268647,-0.415691346973552,-0.39682904326901,-0.378795588824858,-0.361803516774636,-0.34527877410112,-0.329533122859297,-0.314594977951438,-0.300375843651954,-0.28692172567226,-0.274234201237974,-0.261951153471245,-0.250606952000855,-0.239581449316003,-0.22930638510281,-0.219693998737255,-0.21022633486891,-0.201686613525891,-0.193191853176211,-0.18548270714299,-0.178060195624607,-0.170803150628629,-0.16413965166652,-0.157964062029704,-0.151785279727043,-0.146430784856124,-0.141054322472019,-0.135690917424909,-0.131109692354521,-0.126237585599703,-0.121983400153721,-0.117791144528006,-0.114047090356227,-0.110338096374986,-0.106730344860989,-0.103235609904156,-0.10019763419521,-0.097084307484433,-0.0941313979978723,-0.0912681946459513,-0.0886415132418615,-0.0860942200244037
-0.103214136828929,-0.107251931059802,-0.11148821435006,-0.115900765024066,-0.120569149500664,-0.125472799566897,-0.130634252322134,-0.136076697991167,-0.14181649855763,-0.147858812658143,-0.154211339666029,-0.16090293933926,-0.167967240272643,-0.175387992127825,-0.183219591128297,-0.191444356208087,-0.200166461842081,-0.209292618126313,-0.218994564387152,-0.229116398400605,-0.239841483762399,-0.251126522097723,-0.263034605103704,-0.275542339599719,-0.288683913775544,-0.302153111800075,-0.316719372029549,-0.331938353155482,-0.347851559653747,-0.364473368754975,-0.381836218372158,-0.399935194648181,-0.418764798437363,-0.438326368920798,-0.45859438095107,-0.479529160240899,-0.501090580192238,-0.523204148911426,-0.545816007581667,-0.568872383933814,-0.592274671316303,-0.615940272296907,-0.639672031927295,-0.663414667320071,-0.686977281348404,-0.710237740991414,-0.733057592408552,-0.755195926677868,-0.776513696697597,-0.796871944552547,-0.816029509141917,-0.833789000161909,-0.85010619462053,-0.864794334941177,-0.877615644717171,-0.8885323221112,-0.897431838700728,-0.904222881624185,-0.908892020075849,-0.911331719983715,-0.91157349243518,-0.909578359836247,-0.905537659084515,-0.898699897360904,-0.890446012018016,-0.880563727262936,-0.868051094657727,-0.853994845397543,-0.838735044440107,-0.821636962837147,-0.803424628639576,-0.783992527347656,-0.764148210873736,-0.742669116639051,-0.720610440301496,-0.69889653608039,-0.675953492046391,-0.652657780028692,-0.629391222906478,-0.607151895692836,-0.584059474921991,-0.561123235053981,-0.539836392873899,-0.517488068632925,-0.495858886309114,-0.475431895354877,-0.455586921860268,-0.435633553914372,-0.417703088448088,-0.398888175948101,-0.382019525414631,-0.365158002860398,-0.348335032970957,-0.333482361109282,-0.318808873672712,-0.305470907218463,-0.291708219237327,-0.279204382300302,-0.267260572476635,-0.256214681505828,-0.245034191253406,-0.234877884636582,-0.22553756510767,-0.215926804618524,-0.206650601223567,-0.198523061708781,-0.191014437456549,-0.183334486738906,-0.176365131420948,-0.169448128179181,-0.163330731246146,-0.156968149530498,-0.150644677725359,-0.146181788537108,-0.14078645018722,-0.136234172068773,-0.13138870307721,-0.126855820787629,-0.122674395853584,-0.11863783164433,-0.114868333294285,-0.111367345577062,-0.107736327284771,-0.104433690895024,-0.101262287737754,-0.0982781088036887,-0.0953647188726722,-0.0925932662619138,-0.0899502831658039
-0.107868566220266,-0.111972272513391,-0.11632591901985,-0.120828025603163,-0.125538320338788,-0.130509518356233,-0.135764798456369,-0.141281015802154,-0.147103191079126,-0.153181861736671,-0.159608507664146,-0.166341273656195,-0.173430213960114,-0.180861355678933,-0.188730108300002,-0.196952080694703,-0.205652579110525,-0.214762049592109,-0.224376757988168,-0.23451033332537,-0.245099265016238,-0.256238962673089,-0.267959775237097,-0.28031696271261,-0.293102981798526,-0.306596873908502,-0.320539728384643,-0.335314793233246,-0.350775412926402,-0.366924616637762,-0.38343512030534,-0.400961231905398,-0.419065035486994,-0.437719123905163,-0.457431010522453,-0.477413969110681,-0.497571419219026,-0.518799578816971,-0.540134849658738,-0.561990384014566,-0.583513999046022,-0.60577902521894,-0.628049382380381,-0.649926381350438,-0.671614634127236,-0.693417435573099,-0.714248424252241,-0.735071388526381,-0.754318801632791,-0.773486463547997,-0.79170075130572,-0.807260887449138,-0.822641688052444,-0.834819596852155,-0.847430258896897,-0.857517553378222,-0.864888621302362,-0.872162633383793,-0.876207672201575,-0.878477581807133,-0.878686159010005,-0.878041848662813,-0.873498978564946,-0.868372739751117,-0.860983095350489,-0.851030789896005,-0.840021286575152,-0.82644242475848,-0.812738819330806,-0.796414376119401,-0.780859047010725,-0.764175966769731,-0.743457384640323,-0.723632920359373,-0.70402541541348,-0.684048876383328,-0.660994707144128,-0.640198520366413,-0.61924841943259,-0.597779324765422,-0.576092734142792,-0.554922679546154,-0.534399777968436,-0.512799145997737,-0.493466265331706,-0.473080099163956,-0.454832212639689,-0.435477943947998,-0.418214716179819,-0.399849067364974,-0.383292597241938,-0.367395489414078,-0.35159298292587,-0.336664557325344,-0.322578857152111,-0.309181983272747,-0.296018764804648,-0.28399867653481,-0.272130109194542,-0.261408872354443,-0.250431692743522,-0.239951907657605,-0.23094325415133,-0.221206623600098,-0.212274183471931,-0.204075494877364,-0.196677026479901,-0.188964279147546,-0.181704922865338,-0.175013203791815,-0.168822334431175,-0.162576828345858,-0.156762853495777,-0.150946969303241,-0.145772482083073,-0.140972040502129,-0.136209454718117,-0.131515032502908,-0.127238720509182,-0.123124585603721,-0.119244474616411,-0.115534235051296,-0.111943563975581,-0.108543512682443,-0.105304273415211,-0.102205875254139,-0.0992274104011444,-0.0963815103827417,-0.093650858453222
-0.112322612765005,-0.116520185719617,-0.120938377139244,-0.1255535120593,-0.130323018563908,-0.135297533082463,-0.140606302051359,-0.1462239490316,-0.152087407703701,-0.158233838992198,-0.164671468039646,-0.171431056189587,-0.178528940854614,-0.185991765880377,-0.193816585151745,-0.202053730624436,-0.21068945298744,-0.219775361501323,-0.22929356112102,-0.239289447560586,-0.249790464413162,-0.260730995945847,-0.272264120240218,-0.284307191755346,-0.296813538202053,-0.309997145348696,-0.323786976809458,-0.337811854633209,-0.353014416827073,-0.367967735682271,-0.38412763292374,-0.400782673516007,-0.418528811624947,-0.436810855174457,-0.455243885643226,-0.474150473450877,-0.492993726198734,-0.513542251369273,-0.53360445544341,-0.552689407732625,-0.574167646077618,-0.595427738052938,-0.616084229558704,-0.636867640385639,-0.657263216752564,-0.676345352756232,-0.69621547297487,-0.715762813502739,-0.734200205979543,-0.751124183272216,-0.767365955700159,-0.78207610540375,-0.796487335644438,-0.80864511667014,-0.820594668882045,-0.829155011115574,-0.836779698091617,-0.841998711920375,-0.84655911333142,-0.848774200272014,-0.849199228128482,-0.846809775091426,-0.843189998683746,-0.839332601697267,-0.831676445373941,-0.822484836441957,-0.812402273444095,-0.800552088226401,-0.78724704045427,-0.77315656610173,-0.757256585381427,-0.740550437249207,-0.723698123631916,-0.706021247774947,-0.687993571611042,-0.667058878385953,-0.64778876145539,-0.627931861907853,-0.607951346557057,-0.588089177579063,-0.567725777111833,-0.547701161869561,-0.527674199378074,-0.508246354124845,-0.48923729281184,-0.47047209990384,-0.452324386914279,-0.434630927081623,-0.4178150919414,-0.401062600924794,-0.3841236221505,-0.368775805443716,-0.353803585018011,-0.339608176163636,-0.325978269360189,-0.312697565622954,-0.299622085103271,-0.287685401964382,-0.276071074932841,-0.26527327256078,-0.255161535586546,-0.244400328304296,-0.234980025394568,-0.225932176444331,-0.217196374914774,-0.208971918908147,-0.201238005843498,-0.193648798292749,-0.186492193698953,-0.179841309665749,-0.173667611984325,-0.167068863005739,-0.16127156313712,-0.155720576355885,-0.150468494911481,-0.145449792115871,-0.14061916641584,-0.135994963483989,-0.131601723862577,-0.127423380991223,-0.123452926479515,-0.119645909646878,-0.116013893560439,-0.112532282578132,-0.109192588472755,-0.106006363846967,-0.102946504752819,-0.100034331876142,-0.0972342934166357
-0.116604468141547,-0.120857607056259,-0.125331699422897,-0.130011133041832,-0.134930696056789,-0.140117288543632,-0.145314833843615,-0.150923183529153,-0.156789798641701,-0.162955548613432,-0.1694088847451,-0.176193882265314,-0.183279062895233,-0.190743730567778,-0.198541041878873,-0.206746265605158,-0.215322875140906,-0.224311996506755,-0.233703079002585,-0.243612443953437,-0.253870292588484,-0.264720254343421,-0.275935999046597,-0.287718382301685,-0.300046534163065,-0.312817751335726,-0.326056552448237,-0.339496004539294,-0.35459317778957,-0.369192882779271,-0.385054666001284,-0.400995915478573,-0.417563361869689,-0.435285849397987,-0.452700882024068,-0.470424248048061,-0.488607119057273,-0.50789881928852,-0.526550088952907,-0.546096617504588,-0.566301733621514,-0.584947862815559,-0.604207114519327,-0.623337143045241,-0.643655625620475,-0.661765556965698,-0.679494811458046,-0.696592901878059,-0.71333219145603,-0.73007191902846,-0.744665314544493,-0.758338757683569,-0.771111730767997,-0.781878528874561,-0.7925566321412,-0.801168790298663,-0.807551723581981,-0.813461798269812,-0.816814127858225,-0.818357433305011,-0.819225744582561,-0.817784539965952,-0.814314604242229,-0.808988997541763,-0.802384179391478,-0.795585258043205,-0.786705235365839,-0.776498665631453,-0.763516223308264,-0.750347775946087,-0.736227524783544,-0.721786189766593,-0.704134399206807,-0.688374993416487,-0.670300407515189,-0.65220818660675,-0.634072703872643,-0.61589198977209,-0.598066329866503,-0.57855360975988,-0.558668622557954,-0.540297096276717,-0.521622684489888,-0.503164910557381,-0.485134707261908,-0.467299183749019,-0.449994970204289,-0.433099454071049,-0.416711264635603,-0.400811547370838,-0.385126432026276,-0.369950453754426,-0.3553833498427,-0.340736855897323,-0.328597157046931,-0.315515336014589,-0.303169924118788,-0.291463882229828,-0.279941203411863,-0.269220767826938,-0.258945371227126,-0.248884290132947,-0.239353300380386,-0.230324419237066,-0.221717141739428,-0.213569563845374,-0.205783741778612,-0.198326657318301,-0.191083504857342,-0.184122914525881,-0.178142909253401,-0.171625533530061,-0.165763513652276,-0.160174573209281,-0.154837705784067,-0.149737487579219,-0.144898852538729,-0.140226480165529,-0.135756322193689,-0.131535033744956,-0.127502753463398,-0.123624876057241,-0.119930450555099,-0.116368140161514,-0.112940047050669,-0.109667021338532,-0.106570914358228,-0.103583360999805,-0.100706250345317
-0.120697285927755,-0.124995163161634,-0.129520626521281,-0.134244859540771,-0.139283851416178,-0.14400662046835,-0.14951841388458,-0.155331337768297,-0.161223130947928,-0.167379495187704,-0.173865551045976,-0.180610086671705,-0.18772275478722,-0.195122859493183,-0.202906396740795,-0.211023398339776,-0.219529735990807,-0.228409191714697,-0.237720312743234,-0.247400494290737,-0.257591992179074,-0.268178584679006,-0.279194231332604,-0.290740614970688,-0.302745795175103,-0.315221290045696,-0.328085279763203,-0.34151149712615,-0.355559991205239,-0.370274582871852,-0.385216033825959,-0.400538571843146,-0.416464701129715,-0.432910950381059,-0.449655716467767,-0.46663802965423,-0.484113930893361,-0.501969816223443,-0.519796018082219,-0.53755557063021,-0.555837375548679,-0.574744821801035,-0.592654189871547,-0.610478005116012,-0.62831437781711,-0.646172416696852,-0.662815569032087,-0.679308351144091,-0.693781764522964,-0.709162263676847,-0.723240094338304,-0.735885688046897,-0.747479135109754,-0.757824822354536,-0.766932436314088,-0.775006855763878,-0.781428061439395,-0.786408834602649,-0.789686198452409,-0.791348376414418,-0.791643920266789,-0.790531534750288,-0.787506855140281,-0.782971830227511,-0.777130504958478,-0.770250050323308,-0.761887723005804,-0.751740985789221,-0.740427875223592,-0.728656988046769,-0.71570144688427,-0.701211154286391,-0.686240371542314,-0.670871597476347,-0.654798536292274,-0.637878594603168,-0.620931247023574,-0.603737837571191,-0.586026265369173,-0.567668846375969,-0.549875697699111,-0.533237260094579,-0.515287069024353,-0.497862093584725,-0.480685212714901,-0.463715320840436,-0.447312185680526,-0.431113845076686,-0.415450270966392,-0.40013310953173,-0.385144559552642,-0.370605591603534,-0.356742119018004,-0.343565781923271,-0.330336740613434,-0.317829095367612,-0.306141469402082,-0.294240649224045,-0.283143190319182,-0.272547812501647,-0.262399874798232,-0.252624380888489,-0.243274978143288,-0.234364671059476,-0.22581710051712,-0.217727589905251,-0.209953881828281,-0.202493466005767,-0.195379218875405,-0.188653919795648,-0.182291704550185,-0.175915021925562,-0.17003946813447,-0.164396446381342,-0.15899692409801,-0.153863004913291,-0.148950757047359,-0.144251718939551,-0.139742846507754,-0.135449232215512,-0.131334167795727,-0.127399145795238,-0.123629009098563,-0.120003707758945,-0.116549907778565,-0.113210684105934,-0.110024775449706,-0.107002922767687,-0.104062124202582
-0.124591978060256,-0.128954402763822,-0.133491607170479,-0.138259940166988,-0.143163258303555,-0.148066824528418,-0.153843838060947,-0.159453487489917,-0.165353042071685,-0.17155045025763,-0.177993434815509,-0.184766324724583,-0.191803682529395,-0.199186749102779,-0.206899027761581,-0.214942601630521,-0.223360148144781,-0.232141258812502,-0.241322754480763,-0.250884554705027,-0.260847577577181,-0.271239471018646,-0.282046671544498,-0.293310268733007,-0.304976108518251,-0.317133597803322,-0.329694099434833,-0.342690005427073,-0.356218564095428,-0.370275079325541,-0.384722129313605,-0.399546890758159,-0.414731607635749,-0.430424630362707,-0.446322594686549,-0.462559954910577,-0.479083336595929,-0.495908612505536,-0.512761706192798,-0.529725950103601,-0.546897934376804,-0.564232718084445,-0.58131251307337,-0.59808377877795,-0.61456147287779,-0.630873635724344,-0.646571957927608,-0.661225757856838,-0.675615396549766,-0.689619890487312,-0.702669273767179,-0.714481135643421,-0.725287456293025,-0.73496600869672,-0.743558464720417,-0.750358162004128,-0.75618919865747,-0.761032196928098,-0.764156052477547,-0.765850073004926,-0.766014756574355,-0.764892553505404,-0.762278797661001,-0.758346703893827,-0.752908466980463,-0.746504528304348,-0.738650626913559,-0.729498638429466,-0.719210174249813,-0.708021213934899,-0.695962127028342,-0.682715904472221,-0.668984523465841,-0.65453523824421,-0.639471009803904,-0.623983761965497,-0.607963914705822,-0.59177010699723,-0.575247448347607,-0.55856686246575,-0.542033473409768,-0.526371217532051,-0.508620227041445,-0.492225855542541,-0.475996321483315,-0.459990626936035,-0.444215574049502,-0.428791573797178,-0.413753651052299,-0.399058894584371,-0.384788132165885,-0.370889671694817,-0.357479067185929,-0.344521729540954,-0.332134794980155,-0.319360729575419,-0.308357152471208,-0.297063258365001,-0.285837429760043,-0.27552840416828,-0.265525662700871,-0.25593284678544,-0.24676967313708,-0.237956861741577,-0.229551970709211,-0.221494477698656,-0.213771482696882,-0.206385013791378,-0.199324152107798,-0.192575784968096,-0.186152459783483,-0.179940788360328,-0.174003042975877,-0.168341725666338,-0.162911986256625,-0.157746758760995,-0.152796369291907,-0.148066128877006,-0.143504667898664,-0.139171496361223,-0.135005979001517,-0.131017087439894,-0.12718024810969,-0.123534546626526,-0.120013681591077,-0.116625292248241,-0.113380222162933,-0.110282963014982,-0.107302358494635
-0.128325921492653,-0.132708688128144,-0.137287763686782,-0.14204668333104,-0.146980941873714,-0.152212438017823,-0.157708597192615,-0.163353988145833,-0.169239241145349,-0.175409102886227,-0.181867978320408,-0.188576583323083,-0.195605038652424,-0.202925240917759,-0.210560418992335,-0.218548603564428,-0.226831963262498,-0.235499928217573,-0.244513867795638,-0.253940459977045,-0.263711531248403,-0.273875695971318,-0.284445092815158,-0.295439400915603,-0.306849833682186,-0.318607150619717,-0.330784912418074,-0.343436111209056,-0.356442160629431,-0.369927411082469,-0.383774814816248,-0.398053258177269,-0.412650900044744,-0.427518974726249,-0.442774002607524,-0.458203174216904,-0.473905752654893,-0.489830604709221,-0.505702087410348,-0.521711322831127,-0.537983762498454,-0.554168203694842,-0.570108211150561,-0.585904285612574,-0.601312576429539,-0.616465422658525,-0.631335285170858,-0.645647836684896,-0.658516881829805,-0.67138638957231,-0.68315232607905,-0.69422206704444,-0.704151270794543,-0.713228033246608,-0.721041153255191,-0.727777647343188,-0.732465924819177,-0.737260992079041,-0.740228310634118,-0.741693203827249,-0.741990680739315,-0.740887866371201,-0.738499324895788,-0.734916977277754,-0.730043502388163,-0.723985829379925,-0.716801746257723,-0.708322851777765,-0.698807358841775,-0.688429702149106,-0.677157466069026,-0.66510858449154,-0.652243798125458,-0.638833445249016,-0.624830238412211,-0.610279750147639,-0.595426413143977,-0.580179274318265,-0.564717202263826,-0.549157709931582,-0.533758482604548,-0.517808675605504,-0.502001192046208,-0.486526865317797,-0.471102292165541,-0.455889560787956,-0.440863416180191,-0.42619101521422,-0.411740506880189,-0.397700295983981,-0.383947364941067,-0.370627393339955,-0.357683595341935,-0.344841643529494,-0.333318419796193,-0.320763858457253,-0.310165426742637,-0.299112635807929,-0.288367981903645,-0.278085157690902,-0.26830026855217,-0.258896407102158,-0.249881022448265,-0.241186174704944,-0.232897231884594,-0.224932340534215,-0.217278262189397,-0.20997999071279,-0.202953092215113,-0.196208573540255,-0.18978311627194,-0.183593696538754,-0.177677313735192,-0.172040471888675,-0.166593642779946,-0.161401926074078,-0.156428439186546,-0.151648468677554,-0.147077809165681,-0.142705069514439,-0.138497912570342,-0.134454493531715,-0.130603292258522,-0.126882945902798,-0.123321832157884,-0.119895992300941,-0.11660734018087,-0.11345529438156,-0.110422883146471
-0.131869109537106,-0.136282895928633,-0.140883541903546,-0.14566378690796,-0.150657898441322,-0.155867966607569,-0.161318209786974,-0.166979928250906,-0.172878215065222,-0.179027406901504,-0.185433783125302,-0.192132496204598,-0.199089334842901,-0.206346139141718,-0.213919894841521,-0.221774763991761,-0.22999101007583,-0.238509585351166,-0.24738466148298,-0.256597152316336,-0.266171558238772,-0.276107930383809,-0.286468768272459,-0.297172849641129,-0.308197605757745,-0.319677512026101,-0.331509828088317,-0.343708845004413,-0.35630037462427,-0.369230650745091,-0.382577206047835,-0.396186279479406,-0.410177988402514,-0.424426678390515,-0.438898576961909,-0.45365372799323,-0.468539654926223,-0.483673198369834,-0.499672472199238,-0.513824337561606,-0.529208094996021,-0.544231572869349,-0.559227453661702,-0.57399673871603,-0.58845631401554,-0.602477857850244,-0.61613504358982,-0.629001004157357,-0.641957761607801,-0.653738758786536,-0.664737535012963,-0.67484086667639,-0.684225491553272,-0.692491663220978,-0.699970040382213,-0.707300596350985,-0.711382481069522,-0.714972571962227,-0.717549019599616,-0.719057313012979,-0.719227943029001,-0.718199532577739,-0.716025447775881,-0.712816428843341,-0.708275697849146,-0.702696308100314,-0.696026257977373,-0.688238089351309,-0.679447341498138,-0.669701710011004,-0.659351492341585,-0.648100484174235,-0.636234210236527,-0.623674162582883,-0.610634089614143,-0.597090785021866,-0.583153799847907,-0.568939078553017,-0.554424553558807,-0.539849868555261,-0.525062581149538,-0.510155625940791,-0.495312346676043,-0.480612111609184,-0.466063852288479,-0.451543094414827,-0.437317745204593,-0.423248367665378,-0.409471141925531,-0.396002139433425,-0.382842328500644,-0.370041757603498,-0.357478505224379,-0.345394369600198,-0.333885389083899,-0.322379531000731,-0.311300735982412,-0.300592792956808,-0.290250051994781,-0.280275195356436,-0.270694486657524,-0.261463767662546,-0.25261058365872,-0.244085270832943,-0.235911315907471,-0.228033934801495,-0.220470818516969,-0.213244527365193,-0.206259585765863,-0.199576279453316,-0.193181825819675,-0.187023698789485,-0.181122167051018,-0.175460567032821,-0.17004949851851,-0.164829008144062,-0.159841744030393,-0.155051762319668,-0.150456092494686,-0.146045165612922,-0.141802697186607,-0.137748812558297,-0.133853074615623,-0.130109451610318,-0.126493216244967,-0.123033997679261,-0.119700530424232,-0.116509680676251,-0.1134388021446
-0.135234359135969,-0.139675093827293,-0.144280236439946,-0.14909300277339,-0.154096859761268,-0.159302726372448,-0.164707477657417,-0.170371044659668,-0.17625620868253,-0.182378842171167,-0.188757845049263,-0.195385102465333,-0.202290445757164,-0.209480349459975,-0.216938700132932,-0.224723910329913,-0.232775644237027,-0.241195808916829,-0.249884940181754,-0.258940552213347,-0.268314773212396,-0.278003450550739,-0.288106472908256,-0.298466342437056,-0.309256186730373,-0.320383374821413,-0.331824100558745,-0.343631216393349,-0.355741696539148,-0.368238814560739,-0.380973267476874,-0.394091713001089,-0.407430282158108,-0.421042946605352,-0.434864791922641,-0.448888154473998,-0.46302380748004,-0.47722032730584,-0.491390884182794,-0.506346529674978,-0.5204732836164,-0.534558678432976,-0.548634516888506,-0.562405975357947,-0.575939590478993,-0.589123660852032,-0.601710390370075,-0.613779544906694,-0.62490378914812,-0.636856163257512,-0.647071536212251,-0.65657549123702,-0.665106426524653,-0.672900975888104,-0.679611528940987,-0.6850871274001,-0.69022812909243,-0.693722831265747,-0.696242958191329,-0.69760480934783,-0.697816066182221,-0.696678567692407,-0.694929759267506,-0.691932773154318,-0.687756070524306,-0.682504396201479,-0.676299051213276,-0.669092696106781,-0.660925089018963,-0.651993957073953,-0.642244419666272,-0.631905139306418,-0.62076625333773,-0.609071510552528,-0.596873410080123,-0.584311869778739,-0.571299219956453,-0.557924158107518,-0.544358779013635,-0.530524697108475,-0.51664200859207,-0.502569100757145,-0.488594352016894,-0.474658318725563,-0.460806561341822,-0.447063746236491,-0.433476579261278,-0.420045881977975,-0.406941663860806,-0.393990460766029,-0.381374451642032,-0.369056255968656,-0.357057436953837,-0.345396848543446,-0.334072512861019,-0.32297799386204,-0.312239094967897,-0.30188361380994,-0.291794700011609,-0.282084081782482,-0.272732208880751,-0.263686614898987,-0.254999608243872,-0.246630033945744,-0.238590938818658,-0.230820294340436,-0.223364747865408,-0.21621325451314,-0.209300774770915,-0.202660484941831,-0.196318880137543,-0.190203194786802,-0.184317019307846,-0.178680477199049,-0.17324809682101,-0.168050112740352,-0.163051667255209,-0.158252645684519,-0.153642668213554,-0.149216137148502,-0.144953176974222,-0.140881811014355,-0.136948312764626,-0.133177310430994,-0.129527529472495,-0.126029537514443,-0.122663484756124,-0.119445397815568,-0.116326369457466
-0.138437302326576,-0.142874132805643,-0.147508571071113,-0.152307692324744,-0.157341057637938,-0.162540153783265,-0.16775492931738,-0.173719033371286,-0.179389868041789,-0.185496745717228,-0.191805079061896,-0.198385703083058,-0.205219201118859,-0.212306674783785,-0.219699736898733,-0.227336476943969,-0.23530103049657,-0.243525130927349,-0.252057748546624,-0.260924005274783,-0.270113752285389,-0.279567496937742,-0.289396253396296,-0.299509187005348,-0.309994399587779,-0.320707775838083,-0.33181886323025,-0.34321941059483,-0.354944593894042,-0.366892557244704,-0.379196599637114,-0.391668027104916,-0.404467706306486,-0.41743751534758,-0.430637669853936,-0.443949461282951,-0.45740013640811,-0.470907802985403,-0.484453273120169,-0.498053302927298,-0.511561548976102,-0.52501839276923,-0.538170553611687,-0.551200701133283,-0.56382619974416,-0.576194514209772,-0.588095594917304,-0.599771233536491,-0.610884030457569,-0.620401024095627,-0.630146874904685,-0.639035643041752,-0.647117276683288,-0.654204909447129,-0.660529443080201,-0.66576241854975,-0.670195289348277,-0.673587209216492,-0.675980175474177,-0.677257498834535,-0.677514499759456,-0.676812771435169,-0.675003538525217,-0.671916185157775,-0.668187394094712,-0.663273437312934,-0.657627605774576,-0.650864469795985,-0.643333724245905,-0.635006278398268,-0.626022138315799,-0.616471301107363,-0.606006335539816,-0.594975865820125,-0.583435873403491,-0.572072238908222,-0.559793595044022,-0.547202057199865,-0.534383530522217,-0.521423166481996,-0.508241967599102,-0.495072030474083,-0.481822951478937,-0.468665207676025,-0.455481153060088,-0.442454609591983,-0.429464725948961,-0.416717806613443,-0.404105671868582,-0.391731761191011,-0.379644653879206,-0.367780827042688,-0.356398757321688,-0.344964650820795,-0.333993944649295,-0.323285172097765,-0.312887235017952,-0.302825034494034,-0.29302420172623,-0.283581673755922,-0.274440627077245,-0.265604524623577,-0.257083984084904,-0.248867038119175,-0.240954418506049,-0.233313807600923,-0.225966786862139,-0.218896336473847,-0.212071383028553,-0.205499905542547,-0.199198227217852,-0.193134205302209,-0.187258566890888,-0.181654546522108,-0.176259379899626,-0.171063272904232,-0.16606906090637,-0.161268554179097,-0.156651741060732,-0.152207277567618,-0.147938392988078,-0.143853493418182,-0.139900462718177,-0.136097780023838,-0.132433688389095,-0.128908489733345,-0.125512191132083,-0.122252293814931,-0.119108163052298
-0.141458753037187,-0.145918639395,-0.1505378817056,-0.155356158951426,-0.160356978687662,-0.165670908446733,-0.170881855278908,-0.176334965992867,-0.182284801870663,-0.188359501418861,-0.194630704317304,-0.201123935732728,-0.207873697938264,-0.214896410534008,-0.22214040932676,-0.229704467596276,-0.237491273336246,-0.24559200544729,-0.253958776732614,-0.262625032912984,-0.271572136269664,-0.280835409546608,-0.290354186829638,-0.30021193667338,-0.31033456328938,-0.320794370965561,-0.331499863989927,-0.34252477190843,-0.353778872724186,-0.365338663095761,-0.377079499952231,-0.389117336596219,-0.401286466917555,-0.413717494093426,-0.426237465672359,-0.438951765347637,-0.451700607893197,-0.464544012321653,-0.477389029293821,-0.490218862875678,-0.50301335968865,-0.515611468163554,-0.528061258281791,-0.540224981821817,-0.552164045242253,-0.563672467220705,-0.574838262126196,-0.585527010550829,-0.595458207495255,-0.605120040782875,-0.613990348940281,-0.622430956718405,-0.629841231269637,-0.636587045531919,-0.64237784035675,-0.647318176231764,-0.651365477917173,-0.654517739810259,-0.656758592959904,-0.657987602068749,-0.658157043588631,-0.657900772076666,-0.655567231323418,-0.652959396601308,-0.649465902440913,-0.645122233438537,-0.639791912437498,-0.63361180983202,-0.626547072720311,-0.618857357170046,-0.610405002847827,-0.601597340140265,-0.591914749084827,-0.581582815322267,-0.570774418107293,-0.560872769771813,-0.548610575400517,-0.536638986678609,-0.524662886122834,-0.512445666193319,-0.500038370160348,-0.487566559889616,-0.475029210462681,-0.462524781401359,-0.450079262614921,-0.437638703050227,-0.425330980646599,-0.413155479815138,-0.401098209043148,-0.389297008376879,-0.377638205282127,-0.366141253939646,-0.354344317736879,-0.344989957452347,-0.33353308467361,-0.323271272740582,-0.313216823273596,-0.303455835418482,-0.293946162940667,-0.284769790885785,-0.275838917706281,-0.267210202078217,-0.258881398306209,-0.250813456078553,-0.243035695265117,-0.235530095274431,-0.228289075801445,-0.221315562229248,-0.214584116783404,-0.208085739243166,-0.201843532311448,-0.195831285966415,-0.190004166801776,-0.184430924268112,-0.179059868577979,-0.173881687223051,-0.168899210433653,-0.164104783700988,-0.159490142734525,-0.155050575285633,-0.150772097275017,-0.146657087442222,-0.142695957933928,-0.13886863222026,-0.135193883652227,-0.131654710763898,-0.128242509198193,-0.124941928637808,-0.121763341801864
-0.144328529311461,-0.148777065997304,-0.153401909685211,-0.158193426764006,-0.163173093825171,-0.168300305050155,-0.173627249404353,-0.179344568074678,-0.185048343441052,-0.19100076476583,-0.19718465073561,-0.203613311590874,-0.21029305293139,-0.217187371561351,-0.224373681444829,-0.231758840247298,-0.239428988444569,-0.247362917351317,-0.255562368850856,-0.264008775708692,-0.272782362620158,-0.281760851295096,-0.291072231375351,-0.300620414639391,-0.310440997162789,-0.320546211971019,-0.330934320098567,-0.341524926801563,-0.352408659043645,-0.363471849994654,-0.374806757719685,-0.386274368743973,-0.397991472358325,-0.409786873299981,-0.42179318914386,-0.433820599710534,-0.445998186214172,-0.458131689813688,-0.470336042345822,-0.48243649614861,-0.494505576167423,-0.506398801637989,-0.518121468147825,-0.529599155201759,-0.540800451276342,-0.551620959730366,-0.562076396960122,-0.572057954388084,-0.581482489903342,-0.590083303731714,-0.59875576718606,-0.60650059083367,-0.613487399543644,-0.619685718926075,-0.625139363429801,-0.629759888361476,-0.633452700374348,-0.63640483846586,-0.638548973732012,-0.639724272075609,-0.639995146414505,-0.639237813386856,-0.637626077717103,-0.635061129231704,-0.631927061024531,-0.627802919679743,-0.622872749344069,-0.617116625538868,-0.610644569089937,-0.603133415271024,-0.595629236456384,-0.587811571359646,-0.578227415749164,-0.568692750740606,-0.558897260626864,-0.548438435254937,-0.537255190122003,-0.526360862311319,-0.515183827059877,-0.503608323891445,-0.491945983904855,-0.480132364047025,-0.468318941151669,-0.456408918350283,-0.444605486344176,-0.432768647041017,-0.421081020653109,-0.409407106388483,-0.397922242358511,-0.38659415047895,-0.375466131273905,-0.364549305886367,-0.353890142552592,-0.343453477108074,-0.333050309483678,-0.323030440985886,-0.31329659028437,-0.303821196433784,-0.294595958850002,-0.285662093429209,-0.276960178221339,-0.268537861586505,-0.260396737634358,-0.252493424112176,-0.244859119976048,-0.23748748805181,-0.23035723410222,-0.22348244737128,-0.216847014917375,-0.210436814385299,-0.204240822162862,-0.198282807879319,-0.192538540361381,-0.187000916028225,-0.181664334373408,-0.176511205954931,-0.171547531208836,-0.166766369710108,-0.162160164158505,-0.157724089815859,-0.153443795753796,-0.149327867375249,-0.145365505339399,-0.141530606815911,-0.137825780346254,-0.134269404574255,-0.13082719090762,-0.127520182015859,-0.124323073824557
-0.147030470048974,-0.151476187162759,-0.156083117622891,-0.160861536717679,-0.165815202768329,-0.170914651363217,-0.176262458250801,-0.181790706670383,-0.187505714747348,-0.193408392488791,-0.199523413621606,-0.205855605255882,-0.212445786755781,-0.219276835622708,-0.226302111624878,-0.233596258071417,-0.241102458854917,-0.248875875847294,-0.256895429986454,-0.26513885907159,-0.273669080204106,-0.282450806190338,-0.291466837210484,-0.300753893656612,-0.310305137180345,-0.320061952361899,-0.33006870649144,-0.340327239080578,-0.350762877545087,-0.361450420718423,-0.372272681728499,-0.38332869900486,-0.394469006010348,-0.40581215817365,-0.417191396298166,-0.428712658032614,-0.440220139202061,-0.451802204329995,-0.463303000309997,-0.474800841663111,-0.486142667993327,-0.497405473699045,-0.508416831191217,-0.519264513669812,-0.52976056913787,-0.539994960002401,-0.549745857905927,-0.559182133507611,-0.568229677975404,-0.576709271579029,-0.584380161450465,-0.591379489549742,-0.597854753230264,-0.603663442208922,-0.608743803597785,-0.613029027576387,-0.616580648635074,-0.61922078630226,-0.621210585984696,-0.622332543805554,-0.622647714615776,-0.621978196991467,-0.620405891171015,-0.618188512237289,-0.61518271371321,-0.611310407210064,-0.606746552154456,-0.601383052538122,-0.595403594925846,-0.588783178838994,-0.58201347150363,-0.573234005917741,-0.56494940104356,-0.556131313135009,-0.546895408180067,-0.536834103311135,-0.526782169725704,-0.516437320965768,-0.505814430028668,-0.494975105410185,-0.483939930968239,-0.472796116203743,-0.461556074200861,-0.450362565335463,-0.439080606426725,-0.427866424236625,-0.416671521798512,-0.405570495342376,-0.394618938237993,-0.383749068976087,-0.373072375572923,-0.36267126883527,-0.352438805805494,-0.342167940027851,-0.332249396337676,-0.322555880265864,-0.313117961988168,-0.303929008347664,-0.294978993146619,-0.286288278107745,-0.277813215442633,-0.269602534737478,-0.26165107442949,-0.253916411849875,-0.246433034763629,-0.239210680196817,-0.232201243209259,-0.225425953584405,-0.218874870438296,-0.212555407841413,-0.206451321495028,-0.200556285949656,-0.194865722714189,-0.189373643277891,-0.184074823568063,-0.17895802381267,-0.174019887342393,-0.169258545496955,-0.16466812425027,-0.160240120759059,-0.155969455888702,-0.15185201268436,-0.147877906826523,-0.144038234812784,-0.140330228419702,-0.1367570540756,-0.133304048666599,-0.129977575822,-0.126770755520519
-0.149577606287648,-0.15401059726212,-0.158598556444471,-0.163355767521923,-0.168274109632404,-0.17337023184841,-0.178656670498401,-0.184147806026108,-0.189835365561593,-0.195704117081464,-0.201532610978979,-0.207868791165821,-0.214406726743751,-0.221105157928422,-0.228040282622854,-0.235157843512768,-0.24252758935422,-0.25013548244717,-0.257987163306462,-0.266014954408852,-0.274353295116506,-0.282851861545665,-0.291655390932756,-0.300649128027678,-0.309885861311812,-0.319347476963325,-0.32902098846489,-0.338876236873486,-0.348965247002551,-0.359189363384596,-0.36963311807932,-0.380164236338057,-0.390893590504979,-0.401668089064743,-0.412581935074991,-0.42350370286508,-0.434496507559065,-0.445450164312613,-0.456399836104095,-0.467249198145396,-0.478014886701789,-0.488603123704158,-0.499030069875857,-0.509187865602553,-0.519106567504644,-0.528657718701011,-0.537896377427756,-0.546675455884235,-0.554969004566217,-0.562787414329975,-0.570201820709739,-0.576860154952707,-0.582959987243729,-0.588370353738984,-0.593115889408662,-0.597148420060299,-0.600415869349484,-0.602956642579683,-0.604713262143087,-0.605814057343793,-0.60608483511293,-0.605536371624482,-0.604095541772236,-0.602065991222553,-0.599172251031105,-0.595663815803764,-0.591323005791162,-0.586443748016581,-0.580721965318465,-0.574544309612053,-0.567648396994237,-0.560116070268071,-0.552373123877316,-0.543967153816644,-0.535244459209493,-0.525983538220365,-0.516550444637228,-0.506776111692417,-0.496740364069723,-0.486507173434548,-0.476077301026544,-0.465516573167484,-0.454905014410347,-0.444282018782177,-0.433577448923955,-0.422903446264753,-0.412196083316482,-0.401611535847724,-0.391137986249033,-0.380745672122332,-0.370383897146734,-0.360612279612988,-0.350716128016801,-0.34073184248542,-0.331214470279049,-0.321849799940723,-0.312715611997774,-0.303801456135804,-0.295114963941768,-0.286666166848155,-0.27842012949563,-0.270418842066374,-0.262655890976977,-0.255097446460166,-0.247769847418688,-0.240685901588088,-0.233814814852752,-0.227125351303996,-0.220695235058685,-0.214472089355968,-0.208442322110642,-0.202616333021698,-0.196988086207297,-0.19155174010335,-0.186301534600889,-0.181227515381787,-0.176322034977536,-0.171586360201889,-0.167016536888311,-0.162598510491344,-0.158344466793059,-0.154215888611217,-0.150256943314423,-0.146403989071569,-0.142707305513114,-0.139124767326541,-0.135670297637981,-0.132345703380728,-0.12911035640444
-0.151975746897969,-0.156384873558103,-0.160956554810924,-0.165675699725503,-0.170573209396423,-0.1756221622301,-0.180861005824466,-0.186277398231873,-0.191899207789982,-0.197745936178961,-0.203341544632024,-0.209718477088621,-0.216117236648832,-0.222762919592997,-0.229512219846059,-0.236535924694329,-0.243733873247643,-0.251156186299237,-0.258815419045495,-0.266688908058846,-0.274771961066021,-0.283092874445028,-0.2915975802937,-0.300325557154068,-0.309251314768553,-0.318419599176322,-0.327739623207397,-0.337277092553832,-0.346943671132773,-0.356821906699261,-0.366786484250303,-0.37694423076156,-0.387152846468433,-0.397500768596177,-0.407870185768164,-0.418314084944755,-0.428743114095007,-0.439173811320091,-0.449543795090242,-0.459837304878333,-0.470012015146192,-0.480030236671663,-0.489857560104433,-0.499451025860625,-0.508768739179473,-0.517781603893865,-0.526421129174004,-0.534696737621312,-0.542446283500842,-0.549792925111966,-0.556638075063936,-0.56298961833715,-0.568692383109895,-0.573810354761176,-0.578239751381122,-0.582008251559305,-0.585066510556678,-0.587397007972314,-0.589088457693624,-0.5900528439301,-0.590396844297449,-0.589837825120206,-0.588618473061079,-0.586627329624558,-0.584019488476901,-0.580694592092844,-0.576715755549468,-0.572059409868005,-0.566817957355774,-0.560887827715039,-0.554474730410203,-0.547593684868056,-0.540193126528925,-0.532371161248097,-0.524093960882079,-0.515433254715825,-0.506515542982799,-0.497363285381353,-0.487934119165954,-0.478185170255183,-0.468344844248493,-0.45831584717448,-0.448237732327192,-0.438155387537639,-0.428176283707027,-0.417872473592645,-0.407674472100737,-0.397578528692777,-0.387510128556369,-0.377536717991386,-0.3672757504159,-0.358471891927614,-0.348819743780553,-0.339135161137139,-0.329970470352193,-0.320941664393251,-0.312106901064315,-0.303469081727507,-0.295024969708954,-0.286815036952116,-0.278801716608609,-0.271004410177215,-0.263426915823066,-0.256052600025368,-0.248882168016048,-0.241940387607384,-0.235165739162437,-0.228637184073972,-0.222316996946197,-0.21618235541283,-0.21023713731015,-0.204485765105151,-0.198923349072302,-0.193544857562714,-0.188345023257523,-0.183318552851416,-0.178457838642216,-0.173755383219688,-0.169210960903972,-0.164812573501614,-0.160573150648244,-0.156461142622465,-0.152502422945248,-0.148675592726499,-0.144959830556481,-0.141380058258836,-0.137907842665183,-0.134558158929801,-0.131324343386729
-0.154219479140934,-0.158615909842245,-0.163147156423329,-0.167848955599969,-0.172688966678366,-0.177709582239539,-0.182884752797259,-0.188239732819087,-0.19375779436918,-0.199480966968212,-0.205316389736876,-0.211451965302041,-0.217686228447569,-0.224151957124566,-0.230809197815999,-0.237669971114167,-0.244715761900806,-0.251984927065501,-0.259472744682525,-0.267115030059956,-0.275002672664383,-0.283046095255185,-0.291343030721307,-0.299800843007703,-0.308474201821138,-0.317284989668697,-0.326314829180283,-0.335465612955743,-0.344818717085785,-0.354256677497544,-0.363882438017802,-0.373562499663538,-0.383380429590319,-0.393230436292944,-0.403158638062987,-0.413089797832877,-0.42303106764665,-0.432938699424195,-0.442782386396943,-0.452546644352578,-0.462169783085208,-0.471656568372944,-0.480925752504132,-0.489989386854025,-0.49876350458136,-0.507254538329607,-0.515388123448782,-0.523162674338003,-0.530492328085915,-0.537344165400611,-0.543719901805271,-0.549704130791838,-0.555145221584904,-0.559884976624109,-0.564045618937547,-0.567538622723991,-0.570438012744887,-0.572643794622245,-0.574163480183615,-0.575123745234626,-0.575344606920223,-0.574958090126783,-0.573752590256606,-0.571966153396659,-0.569515438765304,-0.566427351221001,-0.562731058114647,-0.558361405040508,-0.553456599469599,-0.547868001401674,-0.541857007569782,-0.535406211644844,-0.528522062797963,-0.521170878776279,-0.513348599925592,-0.505208191361647,-0.496938444281123,-0.488265806183093,-0.479295741835756,-0.470108652171532,-0.460770331551443,-0.45126301408255,-0.441669780412549,-0.431752559717825,-0.423476904112484,-0.412763531484311,-0.403115619758356,-0.393453737606298,-0.383835967440227,-0.374336877633307,-0.365110867236469,-0.355962355035069,-0.346561075822458,-0.337463859334317,-0.32857939902782,-0.319845479182166,-0.311303399055323,-0.302942729809091,-0.294754331438808,-0.286766659942592,-0.278972699205328,-0.271375879984897,-0.263984495545331,-0.256793361739636,-0.249789288032346,-0.242964026073643,-0.236360491789219,-0.22995288786615,-0.223736087258279,-0.217701937635369,-0.211845030431443,-0.206172984445102,-0.200681364028886,-0.195365627789879,-0.190221113856316,-0.185242922618967,-0.180425974498565,-0.175764147838055,-0.171251935566021,-0.166879218843536,-0.162656994764435,-0.158567161552829,-0.154607048640077,-0.150784997364874,-0.147091666619082,-0.143514240818381,-0.140041483230727,-0.13668431774429,-0.133440068108319
-0.156332437818676,-0.160686680845076,-0.165203398697617,-0.16984693020346,-0.174663090837896,-0.17961792086274,-0.184746298349279,-0.190026478408843,-0.195486074941499,-0.201091193776454,-0.206912128508094,-0.212738977701657,-0.219032214454919,-0.225414473648005,-0.23190947818049,-0.238609460163231,-0.24551595513697,-0.252601348184126,-0.259898039706426,-0.267370959927227,-0.275001214598917,-0.282873288230993,-0.290885379555846,-0.299097788701801,-0.307454930735039,-0.316017058136316,-0.324690055062424,-0.333555371265721,-0.342502736040969,-0.351633504041783,-0.360819894135952,-0.370142286335805,-0.379504461858572,-0.388946770184852,-0.398406943358906,-0.407884182586869,-0.417349527332197,-0.426763180023889,-0.43612736906786,-0.445367598689087,-0.454511476902132,-0.463465481630837,-0.472255494481423,-0.480803271194181,-0.489098089281165,-0.497096308543045,-0.504763912082466,-0.512071725713455,-0.518979580663735,-0.525423125832257,-0.531381598661991,-0.536927829682356,-0.542280620616028,-0.546637770771496,-0.550429143422624,-0.553798164257537,-0.556494218730784,-0.558528945349344,-0.560020490314093,-0.560835293393647,-0.561110359631819,-0.560728510913239,-0.559651277241012,-0.557946453059103,-0.555646875520705,-0.552823162898436,-0.549319953458283,-0.545286662039086,-0.540612614502327,-0.535391775856696,-0.529763727005994,-0.52365691385666,-0.517298883186465,-0.510344869896649,-0.503021963753092,-0.495264087039355,-0.487385102241171,-0.479732629206534,-0.470912201051484,-0.462203207862749,-0.453363162333485,-0.444362803567903,-0.435321006765116,-0.426350031058898,-0.417876098836717,-0.407540531687059,-0.398471341032657,-0.389294039577722,-0.380125015827386,-0.371052283513683,-0.362100415992557,-0.353132291506409,-0.344289125974172,-0.335564070448326,-0.327005509585765,-0.318579362737292,-0.310321085438765,-0.302231585246895,-0.294293768182979,-0.286538865076122,-0.278973424792174,-0.27157037033904,-0.2643559263072,-0.257331906251497,-0.250488591346629,-0.243835526866221,-0.237362660171499,-0.23107469410129,-0.22496956028905,-0.219039576936771,-0.213275226032736,-0.207686683469772,-0.202270137503635,-0.197021704298388,-0.191936654315298,-0.187011048093724,-0.182240297487036,-0.177619862010145,-0.173147300628273,-0.168804057316012,-0.164605545766295,-0.1605360824962,-0.156597018734254,-0.15278599041582,-0.149096261365203,-0.145519107152207,-0.142051719299668,-0.138698612402819,-0.135461380208903
-0.158293729355949,-0.162634145481729,-0.167092888436068,-0.171716668707402,-0.176465136513973,-0.181381553940602,-0.186437472446729,-0.191658068677467,-0.197026910773731,-0.202578184327911,-0.208266614012978,-0.214149907957306,-0.220211719759629,-0.226420810254698,-0.232815199797571,-0.239378812347172,-0.246109572642534,-0.253023623364087,-0.260147949295358,-0.267412432898814,-0.274888015725283,-0.282469949619642,-0.290259785066076,-0.298214179027247,-0.306332007747502,-0.314552029579763,-0.322969356396012,-0.331461054388511,-0.340129863416474,-0.348855062245305,-0.357714178259617,-0.366618505444268,-0.375603630948742,-0.384618853956283,-0.393655587204485,-0.40269977693316,-0.411701219116793,-0.420679399004916,-0.429547778014241,-0.438354326897632,-0.447001675601405,-0.455506916225623,-0.463812303849366,-0.471894565478892,-0.479730682658025,-0.48726892263744,-0.494505638025112,-0.501380118897903,-0.507889215884917,-0.513986007160945,-0.519596311111558,-0.524056854400634,-0.529385440321625,-0.533739896918375,-0.537488265229801,-0.540576835757234,-0.54316758348514,-0.545111738950694,-0.546448369014272,-0.54726092719467,-0.54745085838954,-0.547136423703781,-0.54617730300819,-0.544532407652002,-0.54231517109068,-0.539785557866663,-0.536658120315022,-0.532679381440932,-0.528329763769798,-0.523482887084722,-0.518086071215796,-0.512326760468043,-0.506237113979435,-0.500204774284764,-0.493061150960851,-0.485776024999962,-0.478668562462077,-0.470754219785359,-0.462602497810367,-0.454422508329983,-0.446077108095258,-0.43757133035736,-0.428983156711689,-0.420427716661558,-0.411728045898826,-0.402648430661153,-0.393880192533975,-0.385119603722619,-0.376379312524358,-0.36765863023755,-0.35898891418347,-0.35041647101703,-0.341910416192669,-0.333528460808798,-0.325285666743261,-0.317157897855579,-0.309174739874664,-0.301348762973984,-0.29365875329053,-0.286133397592967,-0.278780270174924,-0.271587280194337,-0.264536856803805,-0.257695978910733,-0.251025070342442,-0.244512427851026,-0.238176557415369,-0.232015156572142,-0.226026008905425,-0.220204683983198,-0.214536697145014,-0.209036981744214,-0.203700044088031,-0.198521471171109,-0.193498369403381,-0.188629283654959,-0.183908425156581,-0.179330618219921,-0.174888978281478,-0.17058716293359,-0.1664144581188,-0.162375399315571,-0.15845808830468,-0.154656551388065,-0.150982819552109,-0.147415922716437,-0.143962959797779,-0.140607638517235,-0.137374832060934
-0.16013848374749,-0.16442576868012,-0.168865748587398,-0.173420832611309,-0.178137066527089,-0.182982305768045,-0.187982215447308,-0.193120338665744,-0.198427688168006,-0.203870058828124,-0.209488089432426,-0.215259072598815,-0.221208129416606,-0.227311277314249,-0.233565410670864,-0.239971788328244,-0.246435792334776,-0.253284248632308,-0.260208145679985,-0.267309992312548,-0.27452491476266,-0.281950844760891,-0.289485791467384,-0.297190346453637,-0.305012402121683,-0.313003321752869,-0.321072480838304,-0.329309121763992,-0.337604987890608,-0.346030649070859,-0.354505205095881,-0.363060686141017,-0.371655879330768,-0.380275277425752,-0.388918929624086,-0.39752601282837,-0.406133153035195,-0.414646295230715,-0.423117917429461,-0.431458485185335,-0.439677797951516,-0.447733780722778,-0.455593380826176,-0.463248943322496,-0.47063826302025,-0.477773891079241,-0.484587293369386,-0.491078374977252,-0.497222680241962,-0.502973578867924,-0.508319277638705,-0.513488314893984,-0.517416436394319,-0.521485383532105,-0.524976864487865,-0.527975369831471,-0.53039222351742,-0.532226275366992,-0.533513416878857,-0.534227820035011,-0.534465397191885,-0.534123274309055,-0.533276475946812,-0.531755853393367,-0.529587792700073,-0.526621007106645,-0.524126968921158,-0.520599189352717,-0.516529295463378,-0.512034105342441,-0.507011480278871,-0.501542640853253,-0.495329402330867,-0.489249984316194,-0.483242314249927,-0.476623576142233,-0.469647692693185,-0.461932756731337,-0.454546281693044,-0.446846335740245,-0.438947464135857,-0.43084492305979,-0.422671834432215,-0.414403690687396,-0.406096880158054,-0.397631922975131,-0.389193321241317,-0.380939034522151,-0.37253143734029,-0.364186820190291,-0.355865696411632,-0.347609371232015,-0.339448317838599,-0.3313780548851,-0.323434534642744,-0.315595558052196,-0.307879998818452,-0.300305588014095,-0.292864831072314,-0.285561704624581,-0.278419965486887,-0.271396665414993,-0.264566839971552,-0.257904553892861,-0.251384071865714,-0.245020347068408,-0.238821150080111,-0.232785578352364,-0.226912282504117,-0.221200825033929,-0.215642324638858,-0.2102319268151,-0.204975357762434,-0.19986948169076,-0.19491299746159,-0.190103800067153,-0.185436333939329,-0.180907329108392,-0.176515186026854,-0.172244692602357,-0.168105446941531,-0.16408466155953,-0.160198444341759,-0.156422876537025,-0.152758853216222,-0.149214095006125,-0.145767764656041,-0.142416287262091,-0.139188699650846
-0.161839133239126,-0.166105686670288,-0.170481054633416,-0.175007162334474,-0.17965176762551,-0.184447493603815,-0.18936942027068,-0.194447696888548,-0.199655126965996,-0.205028498322475,-0.21053653135588,-0.216205520040657,-0.22203588956868,-0.228029955165432,-0.234179630324452,-0.240451527263728,-0.246490470422476,-0.253362154636263,-0.260151629992552,-0.267020389950164,-0.27408680115191,-0.281246174945683,-0.288578485122613,-0.296008060064179,-0.30360575300843,-0.311283392186247,-0.31911528741375,-0.327012291213385,-0.335030142040893,-0.343103566273112,-0.351256097292692,-0.359454289998782,-0.367679497408664,-0.37594216981569,-0.384172762807778,-0.392424197892994,-0.40059678509113,-0.408738056163924,-0.416777853965912,-0.424711609133584,-0.432516188286837,-0.44014524586616,-0.447609092705028,-0.454832768351568,-0.461845967696109,-0.468583369635051,-0.475022135043404,-0.481161766362684,-0.486936217283855,-0.492378307179853,-0.497435391207343,-0.502046203131405,-0.506149507631984,-0.509797479033858,-0.513112291831641,-0.515883068313023,-0.51819276965058,-0.519930365570924,-0.521107095947484,-0.521816811850596,-0.521964192115476,-0.52178186724903,-0.520932728675359,-0.519616286480575,-0.517708063271739,-0.515607401619192,-0.512143851026408,-0.508927916036137,-0.505228247204528,-0.500993994549704,-0.496336268887262,-0.491219617558258,-0.485817617569284,-0.480410370368073,-0.473947312311918,-0.467612876072665,-0.460865252971888,-0.453902972997436,-0.446817106652567,-0.439467476564931,-0.431998017595502,-0.424305571129764,-0.416498620521029,-0.408621032440219,-0.400536744702236,-0.392803541084569,-0.385179016442054,-0.376849158397299,-0.368634344989522,-0.36064714388967,-0.352680116724628,-0.34477293692059,-0.336917625847976,-0.329147922840365,-0.321478206971084,-0.313907780937619,-0.306451602844961,-0.299122597732326,-0.291921917544956,-0.28484664583417,-0.277884935887582,-0.271090942038698,-0.264444906179747,-0.257945717806632,-0.251585742104041,-0.245369570608268,-0.239307532311514,-0.233398949883597,-0.227646631445609,-0.222045001313177,-0.216591751246386,-0.21127637925862,-0.206103182173849,-0.201072947304939,-0.196187024113308,-0.191440676591166,-0.186829706298459,-0.182351089912887,-0.17800304157224,-0.173776097385258,-0.169671423720954,-0.165686567014425,-0.161826753587635,-0.158077822506512,-0.154430743871619,-0.15090055065664,-0.147469376289242,-0.144135503914973,-0.140902516161325
-0.163431274223031,-0.167638530528342,-0.171985920551951,-0.176443236166674,-0.181044714399529,-0.185764912462797,-0.190628196043256,-0.195615264762054,-0.200759357556316,-0.206022651513449,-0.21144160552146,-0.216999293924695,-0.222708243845275,-0.228558683311171,-0.234565003165861,-0.240558457893781,-0.246673874434879,-0.253391929401699,-0.259920836149543,-0.26662891813724,-0.273443059555185,-0.280430646427502,-0.287503229614588,-0.29473123673922,-0.302047721089184,-0.309500017492036,-0.317024727657956,-0.324659542176554,-0.332358211564847,-0.340130074607564,-0.34795663515143,-0.35580962724537,-0.363710004006296,-0.371582393458967,-0.379492960179933,-0.387337774125569,-0.395159641225512,-0.402904436987935,-0.410555067544031,-0.418109230047305,-0.42550269379745,-0.432768227192391,-0.439822942938698,-0.446688774038925,-0.453325479067584,-0.459690655071984,-0.46579595486562,-0.471571527960561,-0.477039471574798,-0.482153951168961,-0.486913709924208,-0.49126820239297,-0.495197786256689,-0.498654647212154,-0.501750570773998,-0.504386427206265,-0.50650079289018,-0.508165538149974,-0.509293447093086,-0.509932547124671,-0.51000850912859,-0.509600439874312,-0.509110457921289,-0.507818018332063,-0.506238498397833,-0.504231406322738,-0.501293358397441,-0.497945540642733,-0.49443384351112,-0.4904350534378,-0.486015202419853,-0.48122939250986,-0.476137946816661,-0.470748521462299,-0.464910517747892,-0.458893924337148,-0.452571809509898,-0.445992364286145,-0.439242598443196,-0.432264505633709,-0.425154295633398,-0.417879915030224,-0.410460420512901,-0.402927855958506,-0.395297535974405,-0.387653280378074,-0.380466830816427,-0.372356697825916,-0.364731147126711,-0.357084498658525,-0.349447626572873,-0.341856349152122,-0.334304687011321,-0.326827480451928,-0.319436483187415,-0.31213734131828,-0.304924955426868,-0.297824428917053,-0.290848836310625,-0.283981448122682,-0.277247520794202,-0.270640973515851,-0.264170928914799,-0.257840282978069,-0.251639464242876,-0.245570616435787,-0.23964754277605,-0.233870830228067,-0.228236345562415,-0.222743200168593,-0.217390163392435,-0.212175471245238,-0.207090483227219,-0.202139297689834,-0.197326587811776,-0.192645863213058,-0.18809412664355,-0.18366877320931,-0.179367511547921,-0.175182622352487,-0.171120461527958,-0.1671723326104,-0.163336224568409,-0.159610690214469,-0.155996187109139,-0.15248172754922,-0.149064581881348,-0.145743790840667,-0.14252501075716
-0.164888642404384,-0.169067770423947,-0.173348987911573,-0.177766954958627,-0.182297007578995,-0.186959672017066,-0.191740101832433,-0.196664684641944,-0.201703439752526,-0.206889929458383,-0.212203682466754,-0.217650158751819,-0.223235615354747,-0.228963480910199,-0.234810784011271,-0.240792007756304,-0.246925771419246,-0.252746733331623,-0.259595861395925,-0.266065499311213,-0.272714588594371,-0.279453394680589,-0.286340871966843,-0.293317757133717,-0.30041962553279,-0.307594740674727,-0.314871073535276,-0.322218453300934,-0.32963128650431,-0.337108166965557,-0.34461039434221,-0.352168540687304,-0.35970568662816,-0.367284628212083,-0.374814880390539,-0.382328971916076,-0.389785803543746,-0.397158024720833,-0.404464389630744,-0.411620045218055,-0.418683760279891,-0.425561049644846,-0.4322678431771,-0.438784835358033,-0.445054132331255,-0.45110271521594,-0.456850844010994,-0.46233338115915,-0.467497769993742,-0.472315773384305,-0.476828951175868,-0.480908780037509,-0.484624794380429,-0.487906680800672,-0.490807887252071,-0.493308865859014,-0.495352394868025,-0.496903834949141,-0.497961767831604,-0.498632486438415,-0.498780689766462,-0.498398642946755,-0.497311068229945,-0.496368298245061,-0.494893619084218,-0.492747113484403,-0.490210966278756,-0.487450265427474,-0.484047702510638,-0.480276958182221,-0.476102177946374,-0.471596529970888,-0.466729166476255,-0.461587506486851,-0.456133877380633,-0.45042991414287,-0.444503072671612,-0.438293304960965,-0.431855335460172,-0.425262517133349,-0.41848129078109,-0.41154313534144,-0.404508448763495,-0.397320461786599,-0.39004098217835,-0.382967882073618,-0.376278559652092,-0.368123653595917,-0.360795827098819,-0.353484308223662,-0.346173202734509,-0.338864313896188,-0.331621059804427,-0.324425530599505,-0.317302607037755,-0.310256523608006,-0.3032973521575,-0.296416874059849,-0.28966320382966,-0.283019936044057,-0.27647589280562,-0.270056193238169,-0.263762558653882,-0.257597070829135,-0.251555513520929,-0.245637615106319,-0.239854213942323,-0.234204406348053,-0.228687891427822,-0.223304208055539,-0.218052536661242,-0.212931237162133,-0.207938568753802,-0.203075574501693,-0.198337306542831,-0.193724554073029,-0.189234734877089,-0.18486536476672,-0.180613989361759,-0.176473919564631,-0.172460219433677,-0.168546577842549,-0.164742004077308,-0.161041981193262,-0.157448399059164,-0.15395728597313,-0.150562827458517,-0.147258813668429,-0.144057139353986
-0.166247544123872,-0.170362686858307,-0.17460802475595,-0.178955709092564,-0.183433206761281,-0.188019672362476,-0.192737436828651,-0.197566669158089,-0.202535205073857,-0.20761668785019,-0.212829196631043,-0.218170207089293,-0.223639943250087,-0.229233855152286,-0.23496105547518,-0.240820171459766,-0.246816875669146,-0.252837778333513,-0.259089739582187,-0.265412626858382,-0.271833150154522,-0.278386736388049,-0.285062967626066,-0.291826971263023,-0.298680326146906,-0.305615543366679,-0.312630923505019,-0.319703566765714,-0.326850340656159,-0.334017986737266,-0.34125387437622,-0.348479086130651,-0.355741037365494,-0.362974124954296,-0.37019487109841,-0.377372949898654,-0.384474873916281,-0.391535426126856,-0.398459448867308,-0.405314019158732,-0.412007073590648,-0.418547806977192,-0.424930766344786,-0.431086071212698,-0.437060612596266,-0.442767119928921,-0.448227780109549,-0.453418405202771,-0.458285810363116,-0.462864203838125,-0.467089294203699,-0.470959578056859,-0.474462857488907,-0.477549830040411,-0.48029706162454,-0.482681790435133,-0.484595552872318,-0.486086362291404,-0.487102215139317,-0.487727080884301,-0.487942731872761,-0.487968476072109,-0.486027854124295,-0.485660743087916,-0.484208627947077,-0.482242407376316,-0.479878828440609,-0.47698215064861,-0.474156302133294,-0.470397537729975,-0.46649830235453,-0.462269812449477,-0.457698271166303,-0.452807660033077,-0.447620164894378,-0.442216628921564,-0.436652660134562,-0.430845211607564,-0.424698209870439,-0.418383574473575,-0.411958750495871,-0.405393480334175,-0.398665777214623,-0.391809023076625,-0.384745306003362,-0.378406313659561,-0.371216608908717,-0.363977881941868,-0.356936590471355,-0.349894179374683,-0.342853092508412,-0.335847021082892,-0.32887601577924,-0.321953414645623,-0.315085666238979,-0.308286237277397,-0.301545647824494,-0.294917113347395,-0.2883854596961,-0.281936639045103,-0.275587928407392,-0.269351524647057,-0.263230764083487,-0.257229224583172,-0.251350744825934,-0.245578654690226,-0.239930931295938,-0.234407930076037,-0.229009836897509,-0.223736518735719,-0.218587131557356,-0.213560423598421,-0.20865613933333,-0.203877635023773,-0.199217716031182,-0.194675335718984,-0.19024866178465,-0.185935295687381,-0.181735184649686,-0.177649628430743,-0.1736782193567,-0.16980299534665,-0.166034132648631,-0.162368518112364,-0.158803129916859,-0.155332533465261,-0.151972509921781,-0.148697183203264,-0.145509348661297
-0.167478819381512,-0.171561505726986,-0.175737936526004,-0.180039797379046,-0.184444834401193,-0.188968344261874,-0.193600940445068,-0.198363361037475,-0.203228648000781,-0.208222403369986,-0.213337185917893,-0.2185622648592,-0.223912079672085,-0.22938078582586,-0.234980307686243,-0.240678110768642,-0.246485492526641,-0.252399570877999,-0.258474887383089,-0.264611051806979,-0.270853568418265,-0.277217775579819,-0.283676178066525,-0.290228596700828,-0.296856134322281,-0.303561435964367,-0.310314946091933,-0.31715132064268,-0.324002781497884,-0.330931516152201,-0.337855308520381,-0.344813326024947,-0.351758934217064,-0.358691534671534,-0.365604597515027,-0.372449536919793,-0.379270483592561,-0.38597454312118,-0.392618762522664,-0.399123949788558,-0.405493401398729,-0.411732033409886,-0.417759366570708,-0.42364589587238,-0.429290119720222,-0.434708431177706,-0.439896324564641,-0.444784802375813,-0.449422711047012,-0.45373675134291,-0.457727695198311,-0.461413823380695,-0.464702436703302,-0.467636855415613,-0.469920022910348,-0.47254563376063,-0.474320865872727,-0.475670062635522,-0.476671673431138,-0.477256192303388,-0.477456702831276,-0.477175506448149,-0.476773433670802,-0.47552677291254,-0.473957770596646,-0.47214869179195,-0.469942228264722,-0.467255469284085,-0.464180899725515,-0.460910649113813,-0.457265533475582,-0.453256875991392,-0.448955231123976,-0.444351283771308,-0.439419734835963,-0.434123018358785,-0.428667464222573,-0.423323236504165,-0.417666496333486,-0.41168012157628,-0.40556981556797,-0.399313668648014,-0.392935976670237,-0.386436045197327,-0.379914594810779,-0.373525414742848,-0.366539044405932,-0.35979130669264,-0.3530492618778,-0.34629001513219,-0.339527405857225,-0.332786103574033,-0.326080266200103,-0.319419242558675,-0.312800543770657,-0.306228758096623,-0.299737917320826,-0.293326740038617,-0.287001441876361,-0.280752417259464,-0.274593252613665,-0.2685366294273,-0.262588761780168,-0.256751163162028,-0.251023829424203,-0.245399761648438,-0.239886530265446,-0.234490087458502,-0.229210650280374,-0.224047786470267,-0.219001027550403,-0.214069797439486,-0.209257477740362,-0.204561874375449,-0.199979197452313,-0.19550767425134,-0.191146101020182,-0.186892837603383,-0.182749572875658,-0.178713335444384,-0.174784368068023,-0.170965615443115,-0.167237295501703,-0.163604481331092,-0.160071498346891,-0.15662546509822,-0.153284237222617,-0.150025844520577,-0.146859081503033
-0.168621495374564,-0.172636500810172,-0.176772450602518,-0.18100391008759,-0.185347847475356,-0.189795722030893,-0.194360249144677,-0.199027216772836,-0.203815177890356,-0.208710642154389,-0.213715156094971,-0.218839362643648,-0.224074427538041,-0.22941961768887,-0.234868039165859,-0.240442808345872,-0.246102818726638,-0.251902042400829,-0.257756027561043,-0.263725512577797,-0.269772551780387,-0.275923350401967,-0.28219004873574,-0.28854406134441,-0.294969715647149,-0.301425063735111,-0.307970076180687,-0.314529503922068,-0.321162121124926,-0.327799622545841,-0.334468542149892,-0.341140338218881,-0.347797381651876,-0.354450510796142,-0.361042720454084,-0.367624655900508,-0.374111143884509,-0.380538625554021,-0.386858928949981,-0.393057593027974,-0.399149275792065,-0.405052495565301,-0.410833908023861,-0.41639914275053,-0.421758566726464,-0.426920455509733,-0.431804888181527,-0.436475662974149,-0.440853796100575,-0.444928541586047,-0.44873673165374,-0.452195386175395,-0.455341525463541,-0.458110797301556,-0.460189896061736,-0.462567793747424,-0.464305925642169,-0.465666821652725,-0.466637553148238,-0.467214880975628,-0.467367219243237,-0.467098926758749,-0.466428951384797,-0.465478422893612,-0.464114915955888,-0.462380727012786,-0.460351165809287,-0.45804533484587,-0.454995850311703,-0.451817479953845,-0.448359782232198,-0.444582741508981,-0.44049514299706,-0.436157492027952,-0.431534486906252,-0.426693280625067,-0.42181817307804,-0.416242346507862,-0.410763891603563,-0.405150318824071,-0.39934910002651,-0.393381603843175,-0.387298110476523,-0.381122536816216,-0.374879634347793,-0.368573793123089,-0.362109072412949,-0.355651888874372,-0.349172502133457,-0.342689681795915,-0.336203381237561,-0.329718965115051,-0.323260485205513,-0.316838864545645,-0.310459788909611,-0.304123590782172,-0.297852043857536,-0.291652262542773,-0.285529190809306,-0.279475503711154,-0.2735015754823,-0.267625342643567,-0.261845504645249,-0.25616490109712,-0.250586301816467,-0.245110287955368,-0.239730439209385,-0.23445927906588,-0.229297657389906,-0.224244883664179,-0.219301121738569,-0.214467394463894,-0.209747182967133,-0.205135273920794,-0.200630456524145,-0.196231219673569,-0.191935480232359,-0.187743068355227,-0.183665523281466,-0.179684561442703,-0.175800143013023,-0.172014928953734,-0.168327575484478,-0.164738685464977,-0.16124455834009,-0.157828139043918,-0.154512500061358,-0.151278577750658,-0.148130228671054
-0.169645004481989,-0.17362454747659,-0.177690621690619,-0.181867225732147,-0.186141303365724,-0.190519825989706,-0.195000505152839,-0.199595038346628,-0.204284465123706,-0.20908281100144,-0.213995494090701,-0.219001684616678,-0.224121271605277,-0.229337215333856,-0.234672502361181,-0.240103748125013,-0.245630222921692,-0.251248418047179,-0.256970466179466,-0.262771055540924,-0.268590165651209,-0.274496385937206,-0.280554662720949,-0.286827602997651,-0.293008840682612,-0.299259833476334,-0.305550939897644,-0.311903349269438,-0.31827233638535,-0.324667010238947,-0.331076750455977,-0.337470189365279,-0.3438773256436,-0.350231343046013,-0.356572167311831,-0.362846937195868,-0.369058166107558,-0.375189620071361,-0.381211027591068,-0.387147248787264,-0.392922627976466,-0.398578700090639,-0.404056759367988,-0.409347777631445,-0.414469279505168,-0.419341480659685,-0.424016965763736,-0.428431576409097,-0.432563877866949,-0.436464722417898,-0.440043178834962,-0.443329367073152,-0.4463297891557,-0.448985101656133,-0.451626344908349,-0.453061811650005,-0.454748328880559,-0.456056594438183,-0.456994000946945,-0.45756229815102,-0.457700880406111,-0.45747566522095,-0.456873381951849,-0.455933655210539,-0.454639057527158,-0.453010465753329,-0.451072512566654,-0.448805561820213,-0.446094333218486,-0.44306736981365,-0.439787167637645,-0.436214526530362,-0.432362732181794,-0.428217922283383,-0.423835491048783,-0.41927720991127,-0.414499975168602,-0.409329604093349,-0.404086265530215,-0.398854639393761,-0.393271144009038,-0.387594904423681,-0.381766542513755,-0.375871796645609,-0.369893852801871,-0.363838141094719,-0.357694396262209,-0.351519571274092,-0.345312483681822,-0.339097134676334,-0.33286001313244,-0.326631846066419,-0.320410931128789,-0.314234442353389,-0.308081380866037,-0.301965703372602,-0.295905548890817,-0.289907853891855,-0.283978202337794,-0.278116360415005,-0.272327444606948,-0.266622498180118,-0.261005477973769,-0.255479632753879,-0.25004776926102,-0.244712122579011,-0.239470727252708,-0.234323471309565,-0.229277771444426,-0.224335032372008,-0.219494528583836,-0.214760912908189,-0.210131277683422,-0.205603720615822,-0.201177389635554,-0.196849791405611,-0.19262339424088,-0.188502382034326,-0.184480179067118,-0.180558848912658,-0.176729628157397,-0.172981394819419,-0.169330085435621,-0.165773357483072,-0.162310897109454,-0.15894082418224,-0.15565340944402,-0.152444174507537,-0.149317398787045
-0.170589621385533,-0.174499768995849,-0.178517711354825,-0.18262643294596,-0.186832292876606,-0.191137747245751,-0.195543702415161,-0.200046135531307,-0.204651106038744,-0.20935938252473,-0.214156131981763,-0.219065494848473,-0.224064400311304,-0.229172435178974,-0.234360644219986,-0.239659174420371,-0.245041224934316,-0.250521506771816,-0.256100300090242,-0.261788068073858,-0.267450636624778,-0.272796077948516,-0.278672044393377,-0.285115243548215,-0.291020472916257,-0.297026109322981,-0.303115487638311,-0.309230785455441,-0.315375599358246,-0.321531153148684,-0.327673296587885,-0.333843322438535,-0.339969140492822,-0.346080296664541,-0.352144320234184,-0.358144015700859,-0.364094039693026,-0.369937961935328,-0.375709143113507,-0.381353689833365,-0.386874562299368,-0.392250975157306,-0.397457594061522,-0.402519601561283,-0.407357700912156,-0.4120185023998,-0.416451271416447,-0.420624198598962,-0.424592828432228,-0.428268201283038,-0.431664754749637,-0.434793811497843,-0.437613413897955,-0.440150183715592,-0.442400354863216,-0.444165073850091,-0.445641199053274,-0.446854486339935,-0.447720431391852,-0.44825555713222,-0.448430314134997,-0.448200434916734,-0.447656296668011,-0.446778944108995,-0.445531005173443,-0.443981413379256,-0.442162027990929,-0.439977684715343,-0.437484349964122,-0.434636133946045,-0.431502920982741,-0.428105494746446,-0.424461693480372,-0.420557694201193,-0.416411982419706,-0.412032749686419,-0.407463475362055,-0.402609504203905,-0.397341693477523,-0.392330418369273,-0.387225493340726,-0.381836044973445,-0.37632747378989,-0.370707660974226,-0.364994161238566,-0.359197516494317,-0.353326473271603,-0.347414858478996,-0.341471084180122,-0.335502131222567,-0.329512126238576,-0.32352265498569,-0.317544415986309,-0.311593689723665,-0.305658475432811,-0.299756987837016,-0.293902737148428,-0.288102305537267,-0.28236470549783,-0.276689252370819,-0.271072558237526,-0.265534664134566,-0.260077479101625,-0.254703682716676,-0.249416229253406,-0.244217286255276,-0.239108525570959,-0.234089392118077,-0.229159158659104,-0.224325317516928,-0.219589776396684,-0.214954484731139,-0.210415706321247,-0.205972486616373,-0.201623597039211,-0.19737234433833,-0.193219027812751,-0.189164670354538,-0.185202673292757,-0.181332844265749,-0.177543637486033,-0.1738532501354,-0.170250127885885,-0.166739686552914,-0.163305930900755,-0.159968438396268,-0.156709845746117,-0.153528108034633,-0.150424043001672
-0.171424595551037,-0.175292556823555,-0.179243073287175,-0.183288615515737,-0.187429006134986,-0.191657640582612,-0.195984177587959,-0.200406970262102,-0.204920369845335,-0.209523798141945,-0.214235811069656,-0.219025577169571,-0.223918124646454,-0.228893868124958,-0.233968225310173,-0.239127602831041,-0.244379848761212,-0.249702641928063,-0.255119261734893,-0.260596116871967,-0.266440999933474,-0.271506946028292,-0.27711563411864,-0.283125820268865,-0.288918495667712,-0.294736404374358,-0.30058532399289,-0.306549648958306,-0.312473086758462,-0.318366593794058,-0.324301300628256,-0.330209589318665,-0.336102522445603,-0.341967168034511,-0.347765421979467,-0.353534662152772,-0.359206441230013,-0.36480951022621,-0.370316302071122,-0.375697198949002,-0.380969980582946,-0.386089365588037,-0.391066985981241,-0.395865908664942,-0.400484427083964,-0.404911528724384,-0.40911154386903,-0.413109476378604,-0.41685171578824,-0.420340266691168,-0.423589591086999,-0.426537155124062,-0.429222836719542,-0.431627656020456,-0.433698085011879,-0.435444053200162,-0.436883580480046,-0.438033552181123,-0.438844164177539,-0.439314375957139,-0.439502499472863,-0.439314030258274,-0.438765944946912,-0.437924541255722,-0.436758268396825,-0.43529984163567,-0.433523367712242,-0.43153485300523,-0.429147572522383,-0.426495210553654,-0.423529490469691,-0.420295359904985,-0.416808755452509,-0.413113718687758,-0.409181883375071,-0.405024793247703,-0.400677852832066,-0.396138700747448,-0.391425864689412,-0.386873959565388,-0.381402495302291,-0.376290234106589,-0.371043915795274,-0.365652823826146,-0.360185537590726,-0.354635612797272,-0.3490132720795,-0.343348374398389,-0.337649139906414,-0.331921411121106,-0.326168548921859,-0.320410303493977,-0.314658972834731,-0.308914458912142,-0.303202146745781,-0.297504552344946,-0.291849301156,-0.286243403850517,-0.280690301085771,-0.275195473672482,-0.26974948633678,-0.264372223326084,-0.259069459474298,-0.253844802347734,-0.248698898754784,-0.243634037642368,-0.238652428106684,-0.233755949199416,-0.228945976550761,-0.224221973891337,-0.219592653111019,-0.215054216980965,-0.210605177764248,-0.206246495511891,-0.201979244758021,-0.197802239183537,-0.193721924548559,-0.189728202574303,-0.185821501233138,-0.18200578494207,-0.178276937266962,-0.174647633459176,-0.171081128496107,-0.167607784713957,-0.164224753415894,-0.160908372015991,-0.157680250171792,-0.15452925096,-0.151456591224578
-0.172185057315201,-0.175985829473336,-0.179880470095967,-0.183862252112157,-0.187926834902754,-0.192087725002397,-0.196331967105531,-0.20066924935569,-0.205091002632779,-0.209612692230732,-0.214206713807224,-0.21890136956409,-0.223677712177887,-0.228544695422642,-0.233485111653391,-0.238509779766552,-0.243619472019928,-0.248794102737747,-0.254046551516831,-0.259343253824575,-0.264773330299968,-0.270208171384526,-0.275663338315897,-0.281221351414712,-0.286806440172515,-0.292363339229244,-0.298022990323344,-0.303925633098078,-0.309535963376365,-0.31522541605662,-0.320923937370097,-0.326601081964029,-0.332266360255299,-0.337873942363149,-0.343463174262103,-0.348970064610158,-0.354417309136586,-0.359784396711166,-0.365022996417091,-0.370190640977794,-0.375210267646981,-0.380093905802181,-0.38484188645951,-0.389404065065189,-0.393808850153457,-0.398018732009337,-0.402024653300139,-0.405810766835343,-0.40936967200251,-0.412702688767735,-0.41576507107737,-0.418576288775623,-0.421128728895681,-0.423392499270292,-0.425386755581979,-0.42705234837078,-0.428421678590953,-0.429489157908985,-0.430268175239965,-0.430745517831872,-0.43088768208174,-0.430741148467306,-0.430256023277457,-0.429439124228064,-0.428330639567712,-0.426923728736366,-0.425253207405373,-0.423300298043783,-0.421146709859606,-0.418703878394377,-0.415774707284213,-0.412724185978756,-0.409438782999972,-0.40591111303971,-0.402173370647296,-0.398214792711354,-0.394085111521109,-0.389793272205703,-0.385308771883286,-0.38064175018345,-0.375807530197792,-0.370874990463641,-0.365825510596176,-0.360695255945751,-0.355472377153889,-0.350154050715245,-0.344770404778737,-0.339337072145314,-0.333870604211558,-0.328364692025439,-0.322822223419206,-0.317287481103276,-0.311761855357027,-0.306225655957669,-0.300710467636381,-0.295217709968008,-0.289756306532505,-0.284335422006196,-0.278960436926874,-0.273636792378361,-0.268361860952269,-0.263143345519071,-0.25799100696946,-0.252909649255318,-0.247902179627199,-0.242969223612186,-0.238113130059286,-0.233335760818951,-0.228638499127524,-0.224025502231047,-0.219500199699835,-0.21505872458583,-0.210701039283594,-0.206426546282584,-0.202235904885103,-0.198137622890544,-0.19412649009256,-0.190198412044764,-0.186353243384085,-0.182598926008448,-0.178931047948309,-0.175334066183731,-0.171823484754942,-0.168399453059249,-0.165045630235653,-0.161768713603869,-0.158578030057662,-0.155459148167426,-0.152414396860128
-0.172848147907717,-0.176599531062376,-0.180430136479234,-0.184342130256943,-0.188346792113595,-0.192422581148126,-0.196594269061949,-0.20084512661839,-0.205182678545555,-0.209598002850783,-0.21410715402374,-0.218690814200573,-0.223354381266457,-0.228098325650846,-0.232918683021415,-0.237820708401287,-0.242786872874658,-0.247839610728166,-0.252933582887213,-0.25808996883083,-0.263318995468748,-0.268604338467249,-0.273925109895098,-0.279316091170603,-0.284760739937169,-0.289953035165928,-0.295166730279728,-0.301110321292933,-0.306616251867071,-0.312096058790077,-0.31756193583481,-0.32303569494098,-0.328460193626735,-0.33386261409708,-0.339208055159984,-0.344486192626633,-0.349706208165532,-0.35482380289226,-0.359869715239606,-0.36479125321114,-0.369589410603081,-0.374269541949429,-0.37877581366841,-0.383140792080154,-0.387337531723562,-0.391333577475466,-0.395149090472042,-0.398757913549994,-0.402145400039531,-0.405296821271711,-0.408220582035649,-0.410899756229611,-0.413303509466813,-0.415456913853787,-0.417347852605911,-0.418925663894106,-0.420248638080043,-0.421263330765536,-0.422038352109985,-0.422494686418328,-0.422597536932682,-0.422452063516357,-0.422004621792174,-0.421232856200163,-0.420207618222121,-0.41885176590434,-0.417248925330048,-0.41540131630615,-0.412921966543448,-0.410840808088453,-0.408208004104891,-0.405413163319317,-0.402288418384032,-0.398959000261022,-0.395387389718938,-0.391609975030988,-0.387682843398126,-0.383575690448898,-0.379295723615452,-0.374861153287876,-0.370256880294243,-0.365563870681754,-0.36073896579351,-0.355829415917842,-0.350831984871048,-0.345737373800686,-0.340584110050461,-0.335378352131059,-0.330113295163476,-0.324838623214921,-0.319518812350961,-0.314187893961534,-0.308849934507433,-0.303521433064729,-0.298204265542588,-0.292901662460253,-0.287626028704334,-0.28238399134961,-0.277181613371885,-0.272024255687928,-0.266916247738308,-0.261852512492182,-0.2568479831349,-0.251906009397293,-0.247032818946361,-0.242229601289833,-0.237496953314768,-0.23283685562949,-0.228251732775757,-0.223747066253229,-0.219320768548542,-0.214973435262845,-0.2107041043363,-0.206516863463537,-0.202411019610837,-0.198389006332371,-0.194448096422863,-0.190586491480251,-0.186806398440845,-0.183113229069134,-0.179498849751568,-0.175955233774893,-0.172501988048267,-0.169108329974308,-0.165806094722101,-0.162555696840607,-0.159398577126277,-0.156313013725152,-0.153324797738587
-0.17343934670291,-0.177126897982448,-0.180895015237186,-0.184747581737991,-0.18866923378003,-0.19268482466255,-0.196767968603145,-0.200938971918157,-0.20518599480925,-0.209515887720953,-0.213915782788538,-0.218395773728536,-0.222955310946941,-0.227584126981831,-0.232288764425606,-0.237051093648166,-0.241892636448024,-0.246792647351777,-0.251756066047654,-0.256770502410374,-0.261840742699863,-0.266961593640011,-0.272119869438023,-0.27732606249408,-0.282570116326849,-0.287835182102596,-0.293407835854147,-0.298216859045771,-0.303648194983873,-0.308935427470324,-0.314231437948085,-0.319480950727998,-0.324716603623203,-0.329898425435282,-0.335013914545432,-0.340092171745538,-0.345078808333421,-0.349989809401438,-0.35480509133678,-0.359503949038914,-0.364107767466252,-0.368556986875392,-0.372882429570697,-0.377054745650997,-0.381034526005692,-0.384866032381811,-0.388498647855312,-0.39191973825196,-0.395150423663153,-0.398157635495803,-0.40093304889597,-0.403468986595064,-0.405769895360632,-0.407817633456046,-0.409586416428824,-0.411112084473528,-0.412341591302532,-0.412978391453325,-0.414209433770175,-0.414481651653258,-0.414597864480895,-0.414474789361155,-0.414074342451517,-0.413371278150231,-0.412351659627587,-0.411093653728716,-0.409596704663766,-0.407785512660996,-0.40623325857194,-0.40355619453312,-0.401145973553537,-0.398351799121181,-0.395352311066996,-0.392196454257565,-0.38882500750139,-0.385214959918093,-0.381467324133054,-0.377533548860483,-0.373460373608902,-0.369206672430017,-0.364851446913696,-0.360350774002646,-0.355747773730156,-0.351050015828482,-0.346268067268863,-0.341392045177505,-0.336448271774936,-0.331454690765267,-0.326423002729009,-0.321339733811571,-0.316217795020393,-0.311094091267725,-0.305958882019653,-0.300820046246441,-0.295689351945328,-0.290564450347464,-0.285464267807185,-0.280395242577617,-0.275360127003594,-0.270364367787209,-0.265412449295496,-0.260505267865462,-0.255644721245717,-0.250840982371734,-0.246097281239602,-0.241421162044116,-0.236809719363738,-0.232265091042009,-0.227793210980385,-0.223392826261461,-0.219062868651812,-0.214812057975524,-0.210633760002156,-0.206528908650942,-0.202508085442227,-0.198562869582281,-0.194691024129205,-0.19089678032951,-0.18718664524014,-0.1835510290102,-0.179985174749531,-0.176497948472146,-0.173095108933966,-0.169768485718191,-0.166543749267832,-0.163249365601919,-0.160130007993027,-0.157095780320402,-0.154134059133999
-0.173945444232124,-0.177577583584545,-0.181285525852626,-0.185062731368751,-0.188930067448207,-0.192856111095559,-0.196870069349772,-0.200956858638803,-0.205113515984036,-0.209346939517772,-0.213653864813818,-0.218036230997385,-0.222476743468336,-0.226996603236042,-0.231575806445501,-0.236226462732304,-0.240935266952115,-0.24570436126936,-0.250529597404923,-0.255393458130962,-0.260311623352989,-0.265271247003819,-0.270273822569044,-0.275315099424562,-0.280374369771778,-0.285444443654906,-0.290555898662179,-0.295628305386559,-0.300706992301045,-0.305821626277848,-0.310910767288858,-0.315970686825253,-0.320994246735475,-0.325971821841203,-0.330908650806111,-0.335769982750109,-0.340545615541229,-0.345257408571405,-0.349854174013855,-0.35436121132775,-0.358751543119395,-0.36300669110581,-0.367136911780939,-0.371104720394092,-0.374928160074012,-0.378576704647973,-0.382025104310851,-0.385316724837595,-0.388386738757236,-0.391235066871171,-0.393888337162168,-0.396308419573528,-0.39848813953331,-0.400427899419726,-0.402137221186142,-0.403583695173638,-0.40478155596425,-0.405737615902556,-0.406246138031431,-0.406673985833318,-0.406882355864871,-0.406742441945084,-0.406416410473412,-0.405758124191831,-0.404825651540679,-0.403636280814623,-0.402127327725823,-0.400469263440487,-0.398428430094327,-0.396464803351117,-0.394135278736444,-0.391502795115749,-0.388613382859804,-0.385647794176064,-0.382459322687045,-0.379015822197627,-0.375426918710364,-0.371670140309218,-0.367772402323916,-0.36373295564495,-0.359556756141074,-0.355259612874647,-0.350860536901647,-0.346376563980716,-0.341783514661592,-0.33711298221318,-0.332381784978917,-0.327591253549494,-0.322747244239902,-0.317856704730731,-0.312955180456636,-0.308008713113039,-0.303059850187888,-0.298110335488156,-0.293161628026672,-0.288213634732695,-0.28328296602007,-0.278375151295738,-0.273502072224877,-0.268662651367342,-0.263861295568295,-0.25910245610247,-0.254387412297062,-0.249718665169494,-0.245104251522616,-0.240549582698923,-0.236057093285179,-0.231628150843911,-0.227265411672716,-0.22296658691457,-0.218738078251202,-0.21457719837993,-0.210488101187638,-0.206474542508853,-0.202531837828366,-0.198659243084093,-0.194861890424349,-0.191139026625558,-0.187486425160825,-0.183903469575482,-0.18039817078932,-0.176962742157973,-0.173603513425272,-0.170342745405985,-0.167193736461602,-0.164002315682076,-0.160814366146752,-0.157795830034424,-0.154786459879204
-0.174381173881517,-0.177953956949699,-0.181594992022011,-0.185316188554957,-0.189099678849948,-0.192965390930527,-0.196893664908149,-0.200894547957059,-0.204970939897833,-0.209110290991713,-0.213320783785673,-0.217592457994823,-0.221940953498488,-0.226346342820091,-0.230816529727391,-0.235339090293455,-0.239919103870915,-0.244555180979513,-0.249235786784778,-0.253970943902997,-0.258743104373354,-0.263554925053643,-0.268406557068156,-0.273272994792812,-0.278166030145495,-0.283075931577285,-0.287999824981342,-0.29290175782339,-0.29780526312954,-0.302715792332921,-0.30762026936646,-0.312490235825274,-0.317323379324759,-0.32211852824685,-0.32684833467352,-0.33150030416238,-0.336104297700308,-0.340605419723117,-0.34502671868712,-0.349342989995869,-0.353523977469201,-0.357605250325083,-0.361546925173937,-0.365336656228513,-0.368980385871117,-0.372457280907935,-0.375767894795724,-0.378890927236425,-0.381810574910889,-0.384557056475587,-0.387079059992174,-0.38936640315141,-0.391453836553907,-0.39331383428931,-0.394923626296639,-0.396302786880039,-0.397456016968026,-0.398498964967262,-0.398941855952101,-0.399298359875589,-0.399460586027947,-0.399357715089462,-0.398996397507562,-0.398394269653174,-0.397532015586685,-0.396403579317286,-0.395037424865,-0.393604767800671,-0.391443270514035,-0.389459023814113,-0.387506097001204,-0.384799172738977,-0.381973223583249,-0.379587462607255,-0.376336268270599,-0.372983103553748,-0.369557668502919,-0.365963241447914,-0.362243345662661,-0.358391223153273,-0.354397648058825,-0.350289819618013,-0.346089603861265,-0.341790256447048,-0.337384711241681,-0.332901343750639,-0.328366361682891,-0.323762197801228,-0.319120483843415,-0.314422723213644,-0.309701012018972,-0.304937576117176,-0.300172534995722,-0.295397803740346,-0.290624015318621,-0.285848187989425,-0.281082890401272,-0.276336030037075,-0.271612734842079,-0.266924045822431,-0.262268953927656,-0.257651424960411,-0.253075344275661,-0.248544151460005,-0.244056200738661,-0.239620184446342,-0.235244731854347,-0.230930013092756,-0.226672897540637,-0.222476263181181,-0.218341715896917,-0.21427673270501,-0.210277369151595,-0.206348934877789,-0.202486126994478,-0.19868762293123,-0.19495361158311,-0.191298879408367,-0.187708854284825,-0.184184860770198,-0.180735964614042,-0.177349723115413,-0.174011625412448,-0.170724331546303,-0.167598472322329,-0.164548512914808,-0.161443149124567,-0.158498829056119,-0.155506615446694
