4.9482112279067,4.94703913628658,4.94585905225944,4.94467327760207,4.9434814803298,4.94228662518609,4.94109028981403,4.93989200064668,4.9386946198523,4.93750034765699,4.9363137780055,4.93513354510947,4.93395660243874,4.93279540865864,4.93164442383085,4.93051174946112,4.9293930609458,4.92829924223107,4.92722193483244,4.92615853562567,4.92512242804841,4.9241220308477,4.92315056417932,4.92221285238472,4.92131191442286,4.92045061472376,4.91962991018253,4.91884606356155,4.91810901950584,4.91741321394027,4.91676952753389,4.9161713950585,4.91562227164212,4.91512729098058,4.91468511873905,4.91429307777458,4.91395514025787,4.91367178022867,4.91344590407648,4.91326898321655,4.9131501395311,4.91308483168338,4.91307436253803,4.91310632812592,4.91320192925795,4.91336191995923,4.91356756568996,4.91379858322976,4.91409861355661,4.91444202814342,4.91483203964178,4.9152672183895,4.91575076390452,4.91627463316341,4.91683381473254,4.91743384519623,4.91807559341299,4.91875305357079,4.91946451369411,4.9202103390087,4.92098810272913,4.92179640524282,4.92263414096978,4.92350082364377,4.92439280667907,4.92531091256848,4.9262528712906,4.92721654165999,4.92820149636895,4.9292044626541,4.93022557537163,4.93126389189529,4.93231698492526,4.93338468064434,4.9344653799143,4.93555976331971,4.93665713122578,4.93776719368415,4.93888099438436,4.94000235146033,4.94113125413632,4.94225770096433,4.943393583387,4.94452149022132,4.94565238581921,4.94678266930105,4.94790979157296,4.94903261844974,4.95014940371464,4.95126626790697,4.95237572808518,4.95347578899644,4.95456159690143,4.95564858207467,4.95672628678724,4.95778592719515,4.95883635854845,4.95987980139238,4.96090941834264,4.9619185240698,4.96293138712429
4.94780412071386,4.94659311714057,4.94537714332673,4.94415128075161,4.94292175919501,4.94168838205552,4.94045103774994,4.93921491264046,4.93797126800251,4.93673948387377,4.93550487260997,4.93427551620751,4.93306164131933,4.9318474820193,4.93065642299231,4.92947354099369,4.92831470039131,4.92716861921069,4.92603516097825,4.92495320816016,4.92389494937521,4.92280289772464,4.92180455668953,4.92082716248807,4.91988645929393,4.91898572343549,4.91812865806617,4.91730973472932,4.91653605429146,4.9158143621478,4.91514056522597,4.91451481760535,4.91394096747164,4.91342700870467,4.91296649874983,4.91255762490199,4.91220493736814,4.91191418653792,4.91167838410391,4.91149802315818,4.91137674388955,4.9113144368567,4.91130586671422,4.91136534073317,4.91145618507584,4.91161514170983,4.91182845891012,4.91208593600529,4.91239794383466,4.91275551914858,4.91316718898621,4.91362395859306,4.91412549977727,4.91467110252985,4.9152592597056,4.91588543209914,4.91655204847728,4.91725510696808,4.91799668248891,4.91877395081977,4.91958273652687,4.92042361812878,4.92129381340576,4.92219237635978,4.92311874773017,4.9240705008125,4.92504636263548,4.92604515805768,4.92706480164994,4.92810477677529,4.92916326196263,4.93023749919401,4.93132879592542,4.93243231366508,4.93354844264912,4.93467156153096,4.93580914347116,4.93695705179658,4.93810849073453,4.93926728496745,4.94042780261602,4.94159017871952,4.94275388624882,4.94392099122566,4.94508326503481,4.94624517637184,4.94740259394235,4.94856005956874,4.9497099897684,4.95085360002116,4.95198769321739,4.95311767202414,4.95424116196473,4.95535030356428,4.95644833216636,4.95753641546497,4.95861256164198,4.95967711599739,4.96072614481646,4.96176712066747,4.96279108408167
4.94732772472881,4.94608205860594,4.94482954443358,4.94356764594584,4.94229973681474,4.94102617659641,4.93974755941043,4.93846930849887,4.93718432855765,4.93590357002358,4.93462583766526,4.93335605253313,4.93208961893886,4.93083311364422,4.92959104058749,4.92836368344105,4.92715595410347,4.925956528133,4.92477626473195,4.92362479330922,4.92249738217871,4.921426417581,4.92036394312688,4.91934981913375,4.91836604224076,4.91742363155655,4.91652591909474,4.91567282958504,4.91486531083181,4.91410659464725,4.91340483056459,4.91275588099392,4.91215841654753,4.91161959376321,4.91113873998181,4.91071446963103,4.91035058867924,4.91004985465765,4.90980451077908,4.90962129426569,4.90949887958143,4.90943617738993,4.90942855561954,4.90946253628125,4.90960608462625,4.90976974204761,4.90999376716238,4.91027505371247,4.91059936365106,4.91098332713042,4.91141373214525,4.91189162028965,4.91241672190126,4.91298732667018,4.91358102432841,4.91425736810861,4.91496257900521,4.91569114810129,4.91645928378662,4.91727305143361,4.91811627877196,4.91899039606093,4.91989501217659,4.92083031522843,4.92179183038099,4.92277885378143,4.92379190773677,4.92482757947336,4.92588334924908,4.92696093149182,4.92805705694621,4.92916833849306,4.93029704403918,4.93143957757997,4.93259347891943,4.93375895037626,4.93493381670397,4.93611543595679,4.93730840099714,4.93849974868452,4.93969885066941,4.94090062346512,4.94209848916141,4.94329922315716,4.94450084562297,4.94569664041465,4.94688791854909,4.94807280151205,4.94925386769869,4.95042887440925,4.95160128695767,4.95275634524778,4.95390225271336,4.95503900904345,4.95616691868388,4.95727967836555,4.95838203329911,4.95947142747819,4.96054736469051,4.96160347654333,4.96266150410839
4.94683906288365,4.94556202511011,4.94426815000003,4.94296989192923,4.9416592779667,4.94034442820491,4.93902289996964,4.93769783753442,4.93637204434615,4.93504636011685,4.93372363679781,4.93240130726885,4.93108756273328,4.9297821124911,4.92849088784152,4.92721140436123,4.92594598366025,4.92468917164049,4.92347924069278,4.92227437009565,4.92111917770189,4.91997771724415,4.91887544836163,4.9178094109347,4.91678224347732,4.91580021414023,4.91485985288957,4.91396823013137,4.91312626138691,4.9123364929024,4.91160233531883,4.91092145020548,4.91030220508596,4.90973993241564,4.90924016599895,4.90879997306094,4.90842493141953,4.90811116569511,4.90786101835855,4.90767292044463,4.90755087974792,4.90749026863943,4.90748817530118,4.90755977446461,4.90765893737489,4.90784570464112,4.90808801274269,4.9083840484235,4.90873664372916,4.90914467650047,4.90960094294785,4.91010630555756,4.91065983310896,4.91126361026653,4.91198418757181,4.91260218897017,4.91331951110549,4.9140897343076,4.91489161575033,4.91573637492474,4.91661482425229,4.91752435449647,4.9184666245302,4.91944017891012,4.92043917536833,4.92146411751725,4.92251624536594,4.92359095131372,4.92468606544166,4.92580286249628,4.92693903349545,4.92809050499449,4.92925830355296,4.93044103150485,4.93163467004808,4.93284373472401,4.9340575913979,4.93527430023444,4.93650466654993,4.93774019428162,4.93897565934469,4.94021162943026,4.94145200903869,4.94268927405257,4.94392275820852,4.94515630593989,4.94638028112209,4.94760461462092,4.94881593158592,4.95002342685001,4.95122399775752,4.95241065484029,4.95358920789527,4.95475643930252,4.9559082368056,4.95704963506478,4.95817522461133,4.95928773929711,4.96038977082358,4.96147612241172,4.96254738016782
4.94644440762683,4.94512497479206,4.94379355085378,4.9424499887897,4.94109903376654,4.93973724178908,4.93837198282311,4.93699905648917,4.93562611853742,4.93424950341464,4.93287565277366,4.93150312245315,4.93013491463612,4.92877980003066,4.92743161815507,4.92610411888539,4.92479259495016,4.92348415680411,4.92220713339127,4.92096234810312,4.91974734296292,4.91855887617086,4.9174054004718,4.91628975687073,4.91521657894901,4.91418479473262,4.91319967025462,4.91226896036569,4.91138474834953,4.91056029443523,4.90979104547046,4.90908088275858,4.90843023821001,4.9078468962377,4.90732308084922,4.9068670451288,4.90647704620142,4.90615114806601,4.90588677667164,4.90570370051933,4.90557300755511,4.90551466886733,4.90552403428794,4.90559049080663,4.90581957370535,4.90594847601523,4.90619070178669,4.90649781364829,4.90687234350554,4.90730009994578,4.90778044765382,4.90831119193165,4.90889449409197,4.90952526741771,4.91020111592795,4.9109121560257,4.91167674797472,4.91247880227259,4.91331915074798,4.91419811745346,4.91511408082281,4.91605876740601,4.91703368895596,4.91804371900743,4.91908333755446,4.92014916827283,4.92123982829863,4.92235495125416,4.92349044257628,4.92464692375709,4.92582425260879,4.92701726491556,4.92822545743792,4.92945002479497,4.93068663767813,4.93193027876512,4.93318589800154,4.93445290369763,4.93571755171562,4.93699100949383,4.93826721807792,4.93954554260437,4.94082434180506,4.94209618435799,4.94336908193521,4.94463773593334,4.94589811004098,4.94715784566537,4.94840631632038,4.94964776190622,4.95087122132982,4.95209112542775,4.95329921076154,4.95449503536577,4.95567543418804,4.95684527833561,4.95799575228872,4.95913212241401,4.96026654000978,4.96136981138392,4.96246882358696
4.94607406959927,4.94471248959062,4.94334166345438,4.94195565573462,4.94056018372261,4.93915307528228,4.93773910053848,4.93631632963796,4.93489354000343,4.93346600515266,4.9320409165662,4.93061344722344,4.92919753774426,4.92778546538639,4.92638444545375,4.92500491348471,4.92360976859844,4.92226500656094,4.92093766611976,4.91963140557292,4.91835496043923,4.91711034168052,4.91590287532326,4.91473258697132,4.91361119602196,4.91252998012129,4.91150006471741,4.9105244991857,4.90960124416595,4.90873448364186,4.90793124060828,4.90718711122284,4.90650852699084,4.90590044911466,4.90535350046295,4.90487741153422,4.90446895880624,4.90412995065004,4.90386925705529,4.9036742903863,4.90354560395139,4.90348190480641,4.90350706880044,4.90359641058505,4.90372675624942,4.90393395393792,4.90422637950685,4.90455721637512,4.90495639624181,4.905408036059,4.9059138942085,4.90647228841982,4.90708342675689,4.90774617378713,4.90845525262259,4.90920670670682,4.91000176446642,4.91084041330972,4.91171750909929,4.9126325006643,4.91358317066542,4.91456635938049,4.9155851936591,4.9166307846624,4.91770851993907,4.91881348592615,4.91994878863112,4.92110533232074,4.92228323412288,4.9234812812219,4.92470069799863,4.92593644395456,4.92718698981038,4.92845356794014,4.92973403852683,4.9310205703638,4.93231992563236,4.93362383334467,4.93493451566549,4.93624848841289,4.93756409033775,4.93888440272804,4.94020231201173,4.94151950774771,4.94282695805468,4.94413074473518,4.94543025249926,4.94671900530897,4.94800136675456,4.94927738317263,4.95054407665751,4.95179633018674,4.95302850150251,4.95425360074108,4.95546491270219,4.9566588093845,4.95783222815653,4.95900393483132,4.9601572464209,4.96128814383058,4.96240806139214
4.94566126299224,4.94426447315345,4.94284892829901,4.94142171869508,4.93997994406404,4.93852815600413,4.93706624301566,4.93559685563155,4.93412300634246,4.93264439011538,4.93116457634906,4.92968670291386,4.92821259906064,4.92674445367557,4.9252879147163,4.9238304540629,4.92239984609498,4.92098915901011,4.91960024886957,4.91823601624893,4.91690161256352,4.91560118435984,4.91433924721344,4.91311698493162,4.91194036732205,4.91081002772479,4.90973051611877,4.90870514999018,4.90773955819433,4.90683095281618,4.90599262821286,4.90521263437246,4.90450609231937,4.90386740987548,4.90329692151682,4.90279852009189,4.90238408857161,4.90203634746022,4.90176187156645,4.90156037950623,4.90143618714485,4.90138679732574,4.9013949084778,4.9015015892004,4.90166560208648,4.90189241188609,4.90218925081458,4.90254475787865,4.90296772087622,4.90344619047928,4.90398048206263,4.90457039694497,4.90521503512671,4.90590967930047,4.90665332314314,4.90744332945622,4.90827545801913,4.90915057444246,4.91006529917454,4.91102059024932,4.91201146814288,4.91304453937347,4.91412830156029,4.91518410788973,4.91630738655737,4.91745020473753,4.91862184601841,4.9198266565145,4.9210489993306,4.92229096970342,4.92355422635708,4.92483493089084,4.92613041763679,4.92743993529654,4.92876322929332,4.9300919899131,4.93143335574112,4.93278537258005,4.9341400688001,4.93550170887804,4.93685732945885,4.93821700432939,4.93957340475455,4.94093049372423,4.94227800556717,4.94362362249195,4.94496306563793,4.94628798155386,4.94760586167455,4.94891305291287,4.95021026381754,4.95149611070562,4.95276314655688,4.95401819758382,4.95525609618729,4.95647569719514,4.95769068361778,4.95888187676512,4.96005873618884,4.96121254885813,4.96235171675861
4.94529357080429,4.9438530040333,4.94239574744714,4.94092263291683,4.93943373355308,4.93793440984825,4.93642125317624,4.9348999593357,4.93337063197591,4.93183572966843,4.93030132983999,4.928759587068,4.9272467553842,4.92570180251955,4.92417784315977,4.92266836111471,4.92117143526722,4.91969901587031,4.91824375039075,4.91682081557897,4.91542275140822,4.91406345277796,4.91274162198222,4.91146041355914,4.91022308917377,4.90903955445335,4.90790513743294,4.9068329686086,4.90581778078321,4.90486905137504,4.9039884110006,4.903174045693,4.90243094529308,4.9017556877822,4.90116433012119,4.90065663127247,4.90021801498457,4.89984588495785,4.89957977492728,4.89936936486432,4.89925443122603,4.8992110004151,4.89923692897988,4.89934434055963,4.89953048505519,4.89978689139347,4.90008350560878,4.90047338337463,4.90091907176013,4.90142580180832,4.90199126881029,4.90261673437425,4.90329477181518,4.9040228568482,4.90480024320339,4.90562417444801,4.90649786579784,4.90741387813303,4.90836904232012,4.90936245759847,4.91039499364451,4.91147602741343,4.91256910367146,4.91369579568508,4.91485357489062,4.91604810292241,4.9172661186012,4.91850859478228,4.91977629284672,4.9210647771595,4.9223747157563,4.92370111949325,4.92504281412249,4.92639850465398,4.92776756228304,4.92914677162535,4.93053151662903,4.93192957131779,4.93332922556142,4.93472703318215,4.93613216962756,4.93753317491061,4.93893729644647,4.94033715420319,4.94172565740409,4.94310698626399,4.94448332688427,4.94584916159048,4.94720477005822,4.94854796525383,4.94988104120135,4.95119342507259,4.95249960505159,4.95378245935206,4.9550489158049,4.9563046517744,4.95754202914654,4.95876050713508,4.9599609465517,4.96114142742857,4.96230031192006
4.94495076108208,4.94346669051399,4.94196449422143,4.9404423643907,4.93890693583756,4.9373542581912,4.93578832763262,4.93421398705514,4.9326275146375,4.93103965887438,4.9294428742466,4.92784246037109,4.92627596412853,4.92465915972099,4.92306636647259,4.92148702334212,4.91992261208237,4.91838874710798,4.91686878451833,4.91537668863427,4.9139146111022,4.91248410867163,4.91109863630294,4.90975252548729,4.90845499456592,4.9072139780684,4.90602228571228,4.90489741715418,4.90383210792035,4.90283512008382,4.90191071725468,4.90105265169967,4.90027536999031,4.89957324483225,4.8989509372999,4.89842325824268,4.89796540225237,4.89759941791288,4.89731062698447,4.89709824501269,4.89698903928067,4.89694751144826,4.89699364977789,4.89710039766509,4.89730026665249,4.89748866566929,4.89788047208165,4.89832908675926,4.89880078481782,4.89933418177017,4.89993479328275,4.90059316283373,4.90130678389053,4.9020725059414,4.90288938566844,4.90375422850797,4.90466574779148,4.90562065606447,4.90661566851468,4.90765219979801,4.90872996194069,4.90983844738129,4.91097865472212,4.91216241805703,4.91337416819354,4.91460856440072,4.91587149787369,4.91716618094235,4.91847642847456,4.91980912120079,4.92116490065592,4.92254260167718,4.92393337799271,4.9253353745766,4.92675359451365,4.92818126612788,4.92961566075381,4.93105613847479,4.93250381069569,4.93394895262262,4.93540672543245,4.93685214711627,4.9382946338088,4.93973595848219,4.94117129469287,4.94259632365017,4.94401246064762,4.94541995644811,4.94680898793561,4.94819193971789,4.94956180070896,4.95090776658402,4.95223783513276,4.95356070663401,4.95485608464376,4.95614554967731,4.9574120149479,4.95865781333187,4.95988487134715,4.96108951449376,4.96227300620234
4.94458392601207,4.94305835926784,4.94151027281066,4.93994327364037,4.93835681157132,4.93675400265743,4.93513582488503,4.93350500371063,4.93186247614714,4.93020999021544,4.92855375014449,4.92689663664677,4.92523038455788,4.92356541769593,4.92190699653132,4.92026184322027,4.91863793565734,4.91702566940279,4.91543729480483,4.91387105017313,4.9123417745624,4.91084245010495,4.9093897833441,4.9079769751673,4.90661782006451,4.90531040594816,4.90406194432479,4.9028750015456,4.90175852552932,4.90070935130561,4.89973543781334,4.89883555177217,4.89802493998652,4.8972786630192,4.89664850011051,4.89609079130111,4.89562181306833,4.89524603919361,4.89494286878065,4.89474463824284,4.89462503533542,4.89459695079895,4.89463676940092,4.89477287836257,4.89499129439094,4.89529174107835,4.89566168994934,4.89609934549443,4.89660579135813,4.897175878321,4.897812598895,4.89850865076911,4.89926104911659,4.90006701443714,4.90092597650081,4.90183508924913,4.90279063400713,4.90379005759123,4.90483070988955,4.90591115303085,4.90703214426413,4.90818884896473,4.90938016444769,4.91060634342467,4.91186243700913,4.91315096870453,4.91446760960773,4.91580532724509,4.91716804005132,4.91854804371738,4.91995306532866,4.92137898501109,4.92281750886253,4.92427646784629,4.92574555463918,4.92722580570359,4.92870690303763,4.9302041273208,4.93169712702232,4.93319535342161,4.93469268465575,4.93619165291175,4.93768189101187,4.93916901596035,4.94064870644385,4.94212147718005,4.94358040754522,4.94502306082722,4.94645734904102,4.94787631406067,4.94927703361617,4.95066941177437,4.95203964906361,4.95338670143196,4.95471991706158,4.95603783789252,4.95733418711732,4.95860533777034,4.9598534848163,4.96108980469999,4.96229651155262
4.94427331212709,4.94270384532305,4.94110817247481,4.93948912880326,4.9378527493618,4.93619339689225,4.93451883643984,4.93282903029731,4.93112477336617,4.92941025650541,4.92768616480191,4.92597129952854,4.92422479749931,4.9224985807417,4.92077362993513,4.9190596775046,4.91735818721114,4.91567108008248,4.91400637357397,4.91236799632996,4.91075990591223,4.90919056740388,4.90765996129628,4.90617733549452,4.90474451409008,4.90337075229961,4.90205524739866,4.90081062450133,4.89963171669163,4.89852797473677,4.89750126356795,4.8965611681999,4.89570752365508,4.89495068047839,4.89427672036767,4.89370520323711,4.89321086132482,4.89281776224413,4.89250994978516,4.89230757634436,4.89221416128701,4.89218275465732,4.8922605787506,4.89240981096656,4.89264813366429,4.89297669826172,4.89338709271862,4.89384757992262,4.89439336227255,4.89500165027044,4.89567671967013,4.89641361164596,4.89720762547956,4.89805738098176,4.89896145694661,4.89991466094936,4.90091528633051,4.90196065779468,4.9030486145076,4.90417926787696,4.90534794701537,4.90655299494712,4.90779622973855,4.90906892780882,4.91037418883191,4.91170978847791,4.91307258310303,4.91446170274002,4.91587543184666,4.91733285256704,4.91877569164331,4.9202565887487,4.92174812927637,4.92325210840761,4.9247754876309,4.92630751211504,4.92784578461103,4.92938843584144,4.93093599347192,4.93248582924834,4.9340325108246,4.93558184914528,4.93712379815571,4.93865843152391,4.9401828303551,4.94170300301603,4.94320422378281,4.94469433500621,4.94616820867489,4.94762430564497,4.94906374877745,4.95048979069377,4.95188633511857,4.95328373278519,4.9546419341852,4.95599418250272,4.95731902853456,4.95862046360857,4.95989819613425,4.96115649492952,4.96238627081612
4.94407155880793,4.94245413148227,4.94080989148943,4.9391402496626,4.93744962616158,4.93573535180072,4.93400141348607,4.9322513158679,4.93048544086441,4.92870432392853,4.92691979698238,4.92511412451662,4.92329826537041,4.92148677182282,4.91969689140792,4.9179060011949,4.91612413375725,4.91435961142836,4.91261181964555,4.9108948875411,4.90920573665279,4.90755632385916,4.90594887993418,4.90438962353296,4.90288239122369,4.90143605047135,4.90005282286228,4.89874043727839,4.89749401291131,4.89632782387756,4.89526580706042,4.89427062805338,4.89337566581836,4.89258809226432,4.89188071942503,4.89128268834581,4.89077180587692,4.89037183280122,4.89007368238364,4.88986723510592,4.88977394400974,4.88976639846513,4.88983785547551,4.89001524977314,4.89027866723938,4.89064150509497,4.89104272771234,4.89159782158127,4.8921708208792,4.89281858505548,4.89353357942732,4.89431349553298,4.89515465001533,4.89605313444159,4.89700355734116,4.89800266485441,4.89904973098817,4.90014212005883,4.90127988980474,4.90245877920688,4.90367693283328,4.90493163073687,4.90622063032908,4.90754460846571,4.90890243552612,4.91028902514542,4.91170430160766,4.91314637478288,4.91462274579823,4.91610901251629,4.91760926183061,4.91915182156679,4.92069430635554,4.92225508892616,4.9238330003639,4.92541893945977,4.92701095849169,4.92860929857072,4.930210539599,4.93181455227004,4.93341747529011,4.93501135824414,4.93660368206421,4.93818571081759,4.93976006396863,4.94131637241861,4.94287420792304,4.94440451447731,4.94592136090658,4.94741584976436,4.94889687585145,4.95035518364783,4.95179369782493,4.95322045507802,4.95462143832905,4.95599644947479,4.9573480008843,4.95867908591662,4.95998307299947,4.96126339939027,4.96251903472242
4.94394970375719,4.94228539513984,4.94059132156805,4.93887029173333,4.9371239231329,4.9353512763007,4.93355809771086,4.93174321632447,4.9299110485545,4.92806144014669,4.92620102401628,4.92432445535402,4.92244392456166,4.92056255895456,4.91867927006181,4.91680625732256,4.91493863883294,4.91308695050315,4.91125877230079,4.90945006793261,4.9076810990388,4.90594756359841,4.90425558000877,4.90261326193788,4.90102384577074,4.89950108701321,4.89803821431511,4.89665076937735,4.89533959574953,4.89412519060174,4.89298825022239,4.89194612648861,4.89100047507448,4.89017477342074,4.88944719475726,4.88881224005567,4.88829029456183,4.88787596688737,4.88756068178185,4.88737568591008,4.88727856054053,4.88727458451438,4.88737470853441,4.88756942322932,4.88786886311325,4.88825756503854,4.888683626531,4.88926993706587,4.88989012356235,4.89058122857479,4.89134237071223,4.89216977442579,4.89305796758336,4.89400286797996,4.89500134257778,4.89605084238008,4.89714809800728,4.89829051055032,4.899476858808,4.9007039166925,4.90197048681036,4.90327433883821,4.90461559968075,4.9059933348044,4.9074027901546,4.90884076593914,4.91030712336051,4.91180414170767,4.91332295582836,4.91486919443034,4.91643333226035,4.91802782223163,4.91963016841112,4.92125208517636,4.92287779422961,4.92451340881941,4.92616139313399,4.92781931710105,4.9294677150323,4.93112132952862,4.93277830593802,4.93442579070676,4.9360695739162,4.9377001939413,4.93932530290132,4.94093734499451,4.94252749659964,4.94410895911871,4.94566560967655,4.94720569440128,4.94872469925647,4.95021621636648,4.95170348986539,4.95315173080834,4.95457835828254,4.95599385054474,4.95737098131914,4.9587317921356,4.96006167615103,4.96136756667295,4.96264592126044
4.9437903011183,4.9420834309366,4.94033943253079,4.93856433932689,4.93676529261038,4.93493738039491,4.93308132288687,4.93120774765834,4.92930077253102,4.92738354991763,4.92544522085304,4.92349213532805,4.92153184912089,4.91957261325815,4.917605058153,4.91565069779361,4.91369426762192,4.91175786834607,4.90983399736212,4.90794011536149,4.90607016093539,4.90425033837392,4.90245812966375,4.90073700934001,4.89905331985382,4.8974549578721,4.8959025420316,4.8944481409376,4.89305952255716,4.89176548366704,4.89056618725487,4.88947441742607,4.88849323645877,4.88762447299886,4.88685908039415,4.88619074992439,4.88564279877475,4.88520949831349,4.88490523894799,4.88471484285246,4.88461895765151,4.88461682870518,4.88474672154882,4.88496546236483,4.88531511290806,4.88572311769837,4.88621348792827,4.88681761055866,4.88748414171819,4.88822688491558,4.88903716185214,4.88991498166635,4.89085364072416,4.8918459380207,4.89289242895729,4.89399174358895,4.89514165350917,4.89633713253983,4.89757629979456,4.89885431485889,4.90017025026624,4.90152542667658,4.90291965346062,4.90434800555651,4.90580958311044,4.90730263403665,4.90882589109609,4.91037648710533,4.9119533919085,4.91355409146998,4.91517639419656,4.91681635756168,4.91847966349236,4.92015807801176,4.92185029639094,4.9235382811031,4.9251998325767,4.92694439706504,4.92866410657275,4.93038568120862,4.93209160752938,4.93379238414287,4.93548634327608,4.93716849921666,4.93883992437071,4.94050269510833,4.94213954656041,4.94377155787032,4.94536475391351,4.94694273001612,4.94850067759735,4.95002978833465,4.95155282281049,4.95303790384171,4.95450426244316,4.95594431493571,4.95735750264813,4.95874124720496,4.9601005641284,4.96143058341866,4.96273213407664
4.94349979825077,4.94174217707889,4.93995056709309,4.93812319798892,4.93626667529999,4.93438250196931,4.93245980996171,4.93051328461597,4.92859910905688,4.92654140597034,4.92453752440519,4.92250791517349,4.92047050445666,4.91842039444061,4.91637418839453,4.91432547007564,4.91227668939882,4.9102501808151,4.90822737258795,4.90624147783153,4.90427678764984,4.90235923645507,4.90047804289375,4.89865552112407,4.89688759212001,4.89518452030361,4.89355009833121,4.89200915207673,4.89055378326993,4.88918548948481,4.8879051732572,4.88677765485427,4.8857528061428,4.88483591810128,4.88401775998003,4.88332752845066,4.88276482826384,4.88232646161068,4.88202621602809,4.88182734767741,4.88174362684709,4.88176860761019,4.88192347471572,4.88219634196225,4.88256329898881,4.88301352671683,4.88356229234369,4.88420503854069,4.88493142191425,4.88571639024328,4.88658039147782,4.88751098756109,4.88850372014155,4.88955383693651,4.89066122559053,4.89181563621731,4.89301721872748,4.89426410094512,4.89555416260693,4.89688613999442,4.89825933262585,4.89967147388487,4.90111714170223,4.90259810267584,4.90411310479286,4.90566027586569,4.90724100953127,4.90885047981692,4.91048668767086,4.91214504068672,4.91382834402857,4.91553350504247,4.91725261386889,4.91898697877384,4.92074032016905,4.9225026332027,4.92427270755672,4.92603937725566,4.92779624871084,4.9295392373222,4.93132855346088,4.93309639404925,4.93484995178123,4.93658680534731,4.93830941357297,4.94002053023039,4.94170976980199,4.94338010808044,4.94503725377945,4.94665294089842,4.94825196075,4.94983058423647,4.95138214383215,4.95290707404856,4.95440956904372,4.95587775176912,4.95732329059679,4.95873890260935,4.9601244894162,4.96147797312021,4.96280498298752
4.94317076853215,4.94136613963768,4.93952019030801,4.93763759443267,4.93572722829294,4.93377893839892,4.93179695938075,4.92978147296882,4.92773233895161,4.9256801684891,4.92358831050319,4.92148027642218,4.91934668347899,4.91721729156307,4.91507227612954,4.9129285645007,4.91078763432738,4.90865167958825,4.90653840983716,4.90443945571181,4.90237857191499,4.90035027898591,4.89836888503452,4.8964418908298,4.8945667135401,4.89277259100874,4.89105641515707,4.88941293442453,4.88787245115657,4.88643509851501,4.88510757699747,4.88390325774008,4.88282823779176,4.88186118383295,4.88099933734696,4.88028817429261,4.87969918667056,4.8792793122177,4.87896721703611,4.87877946268907,4.87869724855564,4.87877046130626,4.87894558512849,4.87926349194615,4.87967232885225,4.88015577960931,4.88075760335896,4.88142091375173,4.88221225503168,4.88310574133962,4.88402824697871,4.88501440172474,4.88606562204926,4.88717503802737,4.88833776824045,4.88955069197126,4.89081086218019,4.89211473178983,4.89346030577041,4.89484902056865,4.89627707654972,4.89774371453218,4.89924705043571,4.90078586283953,4.90235739769768,4.90396367006333,4.9056023458952,4.90727194642435,4.90896824705031,4.91069042660054,4.91243523773196,4.91420573779785,4.91598921675341,4.91779154831961,4.91960870101075,4.92141306834693,4.92326307330909,4.92508228330357,4.92701133781475,4.92874274062995,4.93061717622758,4.93241497068122,4.93422363236194,4.9360198088727,4.93780508986051,4.93956539495645,4.94131828608789,4.9430313834686,4.94472960709107,4.94640798033548,4.94803915436456,4.94966008013818,4.95124809113861,4.95281946448452,4.95435657388346,4.95586110222162,4.95733343270788,4.95877696640525,4.9601888953836,4.96157062654236,4.9629228311416
4.94305257824661,4.94119434553371,4.93929487437758,4.93735574463519,4.93537952722311,4.93336640073116,4.93130963194888,4.92922356672334,4.92710385724903,4.9249556210048,4.92278106814879,4.92058129437246,4.91836056422526,4.91612880394021,4.91387485471245,4.91162641047949,4.90938138272425,4.90714036721324,4.90490980603423,4.90270546845447,4.90052726951437,4.89838844560489,4.89629422845841,4.89424938688662,4.8922711247322,4.89035953678274,4.88854495264983,4.88679186332816,4.88515670333941,4.88365635985825,4.88225678340329,4.88099261963088,4.8798398756471,4.87881496040881,4.87791720299706,4.87716620724685,4.87657318047365,4.87613676193752,4.87582290396424,4.87563668126101,4.87558520303596,4.87567333030924,4.87590657622448,4.87625379207952,4.87671238625279,4.87725870439057,4.87791392426576,4.87866690105063,4.87950310805067,4.88042567492669,4.88141519132847,4.88247318261243,4.88359220648034,4.8847666959787,4.88599148485551,4.88726494186078,4.88858468929417,4.88995013309153,4.89135714386685,4.89280549056848,4.89428985946695,4.89581277951894,4.89737519992963,4.89897395923163,4.90060730023708,4.90227421390981,4.90397420607427,4.9057069068785,4.90746626299006,4.90925276855906,4.91106590840305,4.9129011211119,4.91475305206111,4.91662224777972,4.91850604693281,4.92040004470472,4.92228547829025,4.92419474655084,4.92607710238012,4.9279740733808,4.92991707035122,4.93180095708303,4.9336714446499,4.93552762519721,4.93736157058463,4.93918063243584,4.94097750846708,4.94274146123092,4.94449250341847,4.94620890198749,4.94789685971177,4.94955895695005,4.95119208171743,4.95278963758769,4.95436524234151,4.95590383643258,4.95740727184476,4.95888371790933,4.96032234708765,4.96173148135605,4.96310370267706
4.94302106736363,4.94111257890085,4.93916144904285,4.93716528229098,4.93512916653142,4.93308790382697,4.93092017904711,4.92875669770044,4.92656081334066,4.92432956931662,4.92206770770522,4.91977198289542,4.91745643523078,4.91512121706707,4.91277225309827,4.91041434277001,4.90805367019797,4.90569830628808,4.90335170932267,4.90102226494516,4.89872425172373,4.89646366117755,4.89423928189325,4.89207892630228,4.88998518452598,4.88795887316539,4.88601634334222,4.88416916323619,4.88244552106645,4.88082884696233,4.87935123309596,4.87800008322205,4.87678002431663,4.87569340807239,4.87475522306837,4.87397353771804,4.87337024812736,4.87291927282003,4.87259638427796,4.8724139654754,4.87239304446246,4.87251209616696,4.87280404766494,4.87319758414161,4.87369658454405,4.87431449692872,4.87504030324088,4.87586797772073,4.87679703654478,4.87777456732009,4.87882575378315,4.87994419676938,4.88112844498876,4.88236795589917,4.88365927651583,4.88499948270179,4.88638164531201,4.88780565083946,4.88926975195707,4.8907765325959,4.89232282714873,4.89390393680503,4.89552278285801,4.89717925158984,4.8988727721808,4.90060235913712,4.90236588969815,4.90416079347368,4.90598833047263,4.90784077848052,4.90971850715345,4.91162151274129,4.91354517274067,4.91548698172109,4.91744031784852,4.91940111028661,4.9213683840473,4.92333714117225,4.92530528693138,4.92727483918232,4.92923618439376,4.93119392550326,4.93313462351113,4.93504756570033,4.9369543080687,4.93882315815856,4.94068119898273,4.94249657168758,4.94430069641698,4.94606643165836,4.94780210311987,4.94950259863198,4.95117491435974,4.95281712250042,4.95442610227296,4.95599643354798,4.95753600749765,4.9590395617871,4.96050810045226,4.96194405903302,4.96333827524954
4.9429829030065,4.94102209996019,4.93902017651759,4.93696489920821,4.93487984448143,4.93277589620054,4.93052653622227,4.92829360094819,4.92602295541141,4.92370174104231,4.9213557843148,4.91896253760184,4.9165513932533,4.91411024224621,4.91165254082208,4.90917199151672,4.90670173630859,4.90422392156263,4.90175265007354,4.89930316956826,4.89687263613315,4.89448429987597,4.89213563196263,4.88984200992524,4.88761061581979,4.88546430483106,4.88337060658926,4.8814528016171,4.87961061900514,4.87789836708098,4.87632803827417,4.87489136921607,4.87359216153086,4.87243615427382,4.87145418751395,4.87065210929318,4.87003624959009,4.86956259460775,4.86925204077908,4.86908753977674,4.86909715703963,4.86928265380821,4.86959990013691,4.87004271158456,4.87060410773369,4.87130218663331,4.87209907359978,4.87299628414174,4.87398586590301,4.87504989145752,4.87617959531353,4.87737841233801,4.87863973136296,4.87994849497899,4.88130586179751,4.88270853362309,4.88415371827345,4.8856433571036,4.88716604383163,4.88873024546775,4.89033162805207,4.89197106760438,4.89364980517124,4.89536513455273,4.89712206040931,4.89891002211335,4.90073548912359,4.90259514260773,4.9044898660323,4.9064122935241,4.90836220993723,4.9103370071904,4.91232980360352,4.91434408437842,4.91637039009529,4.91841013849943,4.92044930476033,4.92249137849178,4.92453188035548,4.9265773306425,4.92859866944639,4.93061540361933,4.93261871897674,4.93460911396062,4.93657793139301,4.93854952055647,4.94040381001218,4.94228069651454,4.94411824965025,4.94594840184665,4.94773534640382,4.9494832317614,4.95119829234883,4.95287361768858,4.95451668929006,4.95612035206205,4.95769184192363,4.95921722496514,4.96071820315834,4.9621779347584,4.96359384601338
4.9430360446846,4.94102770667905,4.93896658908582,4.93685447148335,4.93469501440814,4.93247750682101,4.93021054306854,4.92789172806045,4.92553346623547,4.92312763513512,4.92067823527447,4.91819448469423,4.91566993256594,4.91312253642607,4.91054866601883,4.90795420315037,4.90534969338864,4.90274333300634,4.90014303811003,4.8975501349276,4.89498533379242,4.89244771441502,4.88997086595232,4.88752456911727,4.88516097843141,4.88286563603839,4.88068445182678,4.87860892762054,4.87664174065129,4.87481870226895,4.87314056174338,4.8716187953955,4.87024006011401,4.86901529319625,4.86798032278829,4.86715487779144,4.8665053648854,4.86603069083268,4.86572075090408,4.86557372192128,4.86562833951637,4.8658536418591,4.86623920105334,4.86673681852979,4.86737287195452,4.8681424640978,4.86902923497236,4.87000630148955,4.87107514821883,4.87224555140949,4.87343722867617,4.87471449016245,4.87605317940748,4.87743716324404,4.87886982329833,4.88034169683355,4.88184952360003,4.88340027101269,4.88498838140999,4.88661157261717,4.88827498874451,4.88997011412131,4.89170374700225,4.89348045312143,4.89529684780612,4.89715093580647,4.89904578724035,4.90096492541184,4.90292386182866,4.90492473997291,4.90694514511589,4.90899964648667,4.91106913191576,4.91315292605158,4.91525643067476,4.91737200756684,4.9194941443927,4.92161549757511,4.92373167580503,4.92584030973686,4.9279480760001,4.93003224452474,4.932105616446,4.93415194810548,4.93617669731637,4.93816739248529,4.94017174240674,4.94207998334432,4.943930019446,4.945855835338,4.947641150777,4.94944670617837,4.95118073342703,4.95291531973865,4.95459775057613,4.95624167637891,4.95784449332241,4.95937995189162,4.96094800993799,4.96240148817505,4.96383229747262
4.94303390017792,4.94097751541593,4.93886247997161,4.93669002093803,4.93447154644914,4.93218765068157,4.92984317431383,4.92745395545664,4.9250187878036,4.92252418677854,4.91998273730914,4.91739263813528,4.91476541033639,4.91210103096463,4.9093983839232,4.90668793448768,4.90394900080778,4.90119995548311,4.89846018590611,4.89572849747927,4.89300874573066,4.89032946572479,4.88768503855207,4.88509524341771,4.8825652581862,4.88013136158605,4.87778978405292,4.87558350610859,4.87349331634728,4.8715414098287,4.8697488245821,4.86811256414539,4.86664939565398,4.86535399663833,4.86426636201035,4.86341266303613,4.86274166691204,4.86224318660521,4.86193930553516,4.86183789888239,4.8619393367789,4.86222780251387,4.86264033162121,4.86323015019114,4.86395443833755,4.86481197716783,4.86578810305764,4.86685767416763,4.86806097370289,4.86921624712192,4.87059947572812,4.87196101587754,4.8733824172563,4.87484641433636,4.87635428484607,4.87790143068506,4.87947682124824,4.88109051186692,4.88273245605456,4.88440696002004,4.88612468088025,4.88788312868187,4.88967910638175,4.89151137216813,4.89338781626584,4.895301878927,4.89725820204679,4.89925682600576,4.90130353715716,4.9033583188772,4.90545042162838,4.90758387467118,4.90972547006408,4.91190166163091,4.91408563177911,4.91627986573259,4.91847633701874,4.92067395380852,4.92291604940332,4.92507228055999,4.92724605454131,4.92941131595124,4.9315516021652,4.93366126969042,4.93575443246076,4.93782105591864,4.93984905561639,4.94184538529666,4.94380081066404,4.9458185524565,4.94754383146635,4.94942291646489,4.95126416425728,4.95297094149572,4.95469097135453,4.95634176546948,4.95796806118718,4.95957046042392,4.96118432501785,4.9626295621617,4.96408978651851
4.9430253453099,4.94092151986695,4.93874668599716,4.93652148095567,4.93422999786104,4.93187195624432,4.92946195402474,4.92699446238034,4.92446134707272,4.92188299859311,4.91924313092485,4.91654687932705,4.91381019757441,4.91101656058289,4.90819780320189,4.90534485391851,4.90247337097547,4.89958350075006,4.89669016051457,4.89379631632992,4.89093429336564,4.88807602460426,4.88526979063718,4.88251396731184,4.87982626266342,4.87723097987997,4.87473322633405,4.87238258282182,4.87012248718718,4.8680371315934,4.8661308574028,4.86437864734664,4.86281675016459,4.86144328435894,4.86032198876373,4.85941485500944,4.85872785247845,4.85822990721155,4.85795043335382,4.85787685033988,4.85802293171099,4.858368028606,4.85889067134946,4.85954545083004,4.86037086630129,4.86133523250858,4.862429011284,4.86362014500443,4.86491395432801,4.86626360516228,4.86763700501971,4.86911036716919,4.87063274484418,4.87218130794514,4.87376436547594,4.87537642712542,4.87702488602993,4.87868863365761,4.88039001560308,4.88213214519961,4.88390805004459,4.88571816882527,4.8875598058384,4.88947723594239,4.89140590116996,4.89338273235112,4.89538672348824,4.89746850036055,4.89944605025364,4.90172913509143,4.90387253081957,4.90610771310405,4.90834171521045,4.91059298901394,4.9128842825708,4.91514438924163,4.91742790760608,4.91973387710291,4.92199827388896,4.92427021584669,4.92659236409482,4.92877450197187,4.93098460642051,4.93316407356391,4.93528306275578,4.93747085290998,4.9395566212105,4.94157496760549,4.9436354242349,4.94556298012041,4.94747339398909,4.9493620746948,4.95121329296738,4.95298856176621,4.95474939026836,4.95647834607149,4.95812455895058,4.95975775325925,4.96133194137778,4.96283905498987,4.96435931419059
4.94311208801026,4.9409536123586,4.93873360702896,4.93644420171949,4.9340855539084,4.93165582312373,4.92917524570288,4.92661984632489,4.92399963366828,4.92131938658149,4.91857731495196,4.91576561564954,4.91291514276134,4.90999397553154,4.90704043054038,4.90404098071258,4.90101961589208,4.89797813172554,4.89492206078258,4.89186700544433,4.88881708416705,4.88578936664179,4.88278879086574,4.87986030974671,4.87699530230708,4.87422146447539,4.87155830703465,4.86903182174987,4.86661844183104,4.86438145465235,4.86233926192422,4.86044320238144,4.85879668951094,4.8573557110067,4.85615833495296,4.85521770399803,4.85449168483347,4.85398102565165,4.853722442344,4.85369462223057,4.85391704581997,4.85434982578573,4.85494450262957,4.85571268349507,4.85665650356068,4.85773241510114,4.85895176039021,4.86026084140109,4.86166094052761,4.86313682012915,4.86469388329931,4.86633277717394,4.86784608924197,4.86945421562602,4.87110246065598,4.87284037718909,4.87452446597386,4.87624417917037,4.87806571454946,4.87986460761207,4.88169482008266,4.88350980966813,4.88543919280313,4.88736559421298,4.88936240703847,4.89143638813218,4.89347448801172,4.89562985919795,4.89778724379303,4.90001342756548,4.9023109723456,4.90459070395837,4.90692184965751,4.9092332237109,4.91164414446378,4.91400554390902,4.9163357526358,4.9187763798463,4.92112061419975,4.92349327187272,4.92584875165161,4.9280968752571,4.93049746139641,4.93272282750767,4.93500072322799,4.93717283692281,4.93935003535686,4.94143325877975,4.94348824113007,4.94555017329282,4.94754154248151,4.94949151418585,4.95137296661301,4.95321486853866,4.95498821752452,4.95672860207685,4.95841201313303,4.9600589002164,4.96165475920584,4.96320746639256,4.96472083397196
4.94335219727055,4.9411447263762,4.93886879588577,4.93651718366419,4.93408738839589,4.93159856994546,4.92903322238728,4.92639020118847,4.92367681247479,4.92089811327908,4.91805348240254,4.91512389474772,4.91215343243704,4.90910970890013,4.90601253969993,4.90286154830866,4.89968271239931,4.89647508829454,4.89324155785032,4.89000121150119,4.88677385330069,4.88355538035902,4.8803644126612,4.87722386189916,4.87417921637164,4.87120386836064,4.86834255842112,4.86560841453418,4.8630318251851,4.86064743872452,4.85840376832256,4.85638526333874,4.85461199107495,4.85307259165035,4.85179084311401,4.8508194578326,4.8500419344352,4.84953187465399,4.8493205880442,4.84942681042192,4.8496990689957,4.8501627622757,4.85084430928324,4.85175017786463,4.85284657961299,4.85410863805138,4.85541084093714,4.85703281156723,4.85838635597703,4.85993176032527,4.86166904224943,4.86338259471454,4.86500601832475,4.86685517575678,4.86856161524325,4.87036065648889,4.87205978219827,4.87396385499191,4.87580822104217,4.87753350481976,4.87940601420222,4.88136905373925,4.8833568426691,4.88522177752881,4.8873422035505,4.88942085759865,4.89161097898185,4.89389110751599,4.89606672874225,4.89835231434549,4.90074512165467,4.90316424895632,4.90554072229006,4.90803905699771,4.91047274478077,4.91299539822376,4.91547469608832,4.9179182773385,4.92040102380467,4.92287671641191,4.92530436502471,4.92770173361565,4.9300539491302,4.93242977535739,4.93471870550641,4.93700224776791,4.93923708414863,4.94139839222405,4.9435247792971,4.94560426530452,4.94763448641491,4.9496107231778,4.95153612751985,4.95340959020487,4.95523574388203,4.95698884626397,4.95871431357532,4.96038229623924,4.96201805546675,4.96359994104264,4.96511968269632
4.94377965004697,4.94152130179216,4.93918560638145,4.93677523756596,4.934288255204,4.93172011651124,4.92907236840898,4.92634609434702,4.92353857780812,4.92065195898821,4.91769894956866,4.9146631763963,4.91154896278875,4.90837731471825,4.90512525151986,4.90182573721641,4.89847108258573,4.8950865209046,4.89167570081396,4.88824073293536,4.88479896458178,4.88136587160709,4.87796617058941,4.87461545348165,4.8713413382578,4.86814975865327,4.86505797899626,4.86208390321181,4.85934152853712,4.85671062344987,4.85435678790869,4.85214754221472,4.85022306183382,4.84860340464905,4.84737603874869,4.84623012790295,4.84540535990785,4.84492889313607,4.844735339466,4.84480082410689,4.84531637831018,4.84594031548754,4.84668728831053,4.8477367979422,4.84903211103855,4.85032601426903,4.85190330147474,4.85355641616791,4.85519833054829,4.85687713072839,4.85865503100507,4.86047321714079,4.86228326835218,4.86411930346775,4.86597301060869,4.86772232281057,4.86965778516117,4.87150776346094,4.8733794011549,4.87530453143737,4.87718426144071,4.87915924528703,4.88119526732345,4.88328116719304,4.88538662573337,4.88756562596827,4.88976584766732,4.89204983921766,4.89440521762226,4.89679766234211,4.89926468459201,4.90173954995237,4.90425289242127,4.90680138137688,4.90938154713934,4.91194938983755,4.91453252925993,4.91711892260927,4.91962828669626,4.92222849167063,4.92475308164096,4.9272561316696,4.92972739944309,4.9321572053136,4.93454969690055,4.93687758981667,4.93917238804295,4.94140675785052,4.94360134112203,4.94573660824696,4.94782002789627,4.94984762155036,4.95182081322377,4.95373665883929,4.95560166693073,4.95741078035886,4.95916325261057,4.96086304355916,4.96251472381505,4.96411165565555,4.96565761009291
4.94420826367058,4.9418928455044,4.93952604378953,4.93705669005955,4.93450773312092,4.93187612874977,4.92915596714958,4.92634429095969,4.92344560125514,4.92046192047597,4.91739345033948,4.91423445453491,4.91100272935623,4.90767516393232,4.90429221852444,4.90083478555185,4.89729558123921,4.89373571210838,4.89011810170347,4.88648613253793,4.88280821028295,4.87916135076655,4.87555980849171,4.87193868730183,4.86839844771836,4.86498588146642,4.86178213446481,4.85851276487992,4.85542979509169,4.85291201335491,4.85015530488297,4.84774632527095,4.84575663713966,4.84402494325801,4.84245903575816,4.84141657226042,4.84053578087624,4.8400603335066,4.84004994114306,4.84014263512776,4.84063231360235,4.84156385646906,4.84235733590626,4.84355540928568,4.84503517972564,4.8466157800936,4.84823486141348,4.85007788528505,4.851915360183,4.85385673967425,4.85582835566676,4.85771748024655,4.85966413445883,4.86158603893297,4.86350480943068,4.86541076641796,4.86730162442323,4.86919427328781,4.87111320424838,4.87304618221564,4.87500438711946,4.87700568380298,4.87905572428797,4.88115906385285,4.88332600637853,4.88555940311214,4.88785575176863,4.89022702353649,4.89265095211373,4.8951447251265,4.89765986068623,4.9002431997259,4.90287728124088,4.90557035445442,4.90821619809376,4.91091163609212,4.91360961816271,4.91630206450229,4.91897825354205,4.9216369149646,4.92426886755187,4.92686559151852,4.92942348456732,4.93193893102026,4.93440523721202,4.93682147586985,4.93918560941174,4.94149470577262,4.94374561763037,4.94593938044396,4.94807398183853,4.95014905782864,4.95216408659148,4.95412004987008,4.9560181344582,4.95785771303637,4.95964066353789,4.96136752277937,4.96304031903222,4.96465845376478,4.96622508025959
4.94474444913226,4.94239683505556,4.93996516384792,4.9374405940199,4.93483044959861,4.93213092275403,4.92933144420819,4.92643343667338,4.92344499946855,4.92035782596211,4.917167418173,4.91388735262456,4.91052128418631,4.90705449195653,4.90350750077167,4.89988875486774,4.89616800173424,4.89238576555185,4.88857602415918,4.88472744282475,4.88086598308172,4.87693180598365,4.87313967918209,4.86913889963895,4.8654799108564,4.86174789098738,4.85806168836261,4.8548147831257,4.85137485406552,4.84833038132477,4.84554749928081,4.84309628605999,4.84075836101731,4.8388462246485,4.83732703863075,4.836287900296,4.83533613381859,4.83488249923331,4.8347071115697,4.83503255774087,4.83564500235456,4.83656224263309,4.83771595363939,4.83916136553655,4.84080049218647,4.8425922672039,4.84451247878439,4.84651921062822,4.84857978617495,4.85066698097016,4.85276298898605,4.8548463920497,4.85690284549759,4.85893056530972,4.8609265745085,4.86289518020739,4.86484165080461,4.86678026267536,4.86872102358714,4.87067939875525,4.87266622186394,4.87469573107341,4.87677863697708,4.87892396788079,4.88114105834039,4.88343176011406,4.88579857828604,4.88824338846853,4.89076404368189,4.89334719118549,4.8959901579218,4.89869152522709,4.90143356200418,4.9042091861857,4.90700943120227,4.9098218588016,4.91263736320247,4.91544573305846,4.91823691176156,4.92100812308628,4.92374716569039,4.92644591190857,4.92910197740276,4.93170937570035,4.93426396743611,4.93676202675688,4.93920147135481,4.94158107361917,4.94389729376141,4.94614952567492,4.94833764947821,4.95046279850378,4.95252362375996,4.95452032799569,4.95645512437312,4.95832859550951,4.96014120287257,4.96189468960923,4.96359127052388,4.96523166304336,4.96681649204647
4.94532289150816,4.94294164203155,4.94045838640597,4.93788171981017,4.93521432405814,4.93244587006052,4.9295751044281,4.92659505592691,4.92351215886692,4.92031820159697,4.9170209383494,4.91360766064929,4.91010182281271,4.90649376067597,4.90278324017024,4.89896944075584,4.89508568176311,4.89113836665666,4.88699819179534,4.88295454921273,4.8787467382178,4.87454323225805,4.87045771182493,4.86629353734344,4.86221977545804,4.85821349547129,4.85433051920936,4.85058545381195,4.84704101920434,4.84370596639047,4.84065588126641,4.83789497223025,4.83547023914241,4.83341338655132,4.83173911570321,4.83048094234484,4.82963322789893,4.82921096378765,4.82919936887959,4.82958973336854,4.8303461920592,4.83145219284863,4.83286573761469,4.83452913209099,4.8364102324105,4.83845235424664,4.84062975388728,4.84287859844165,4.84516584770191,4.84746195428094,4.84974136027801,4.85197946316268,4.85416477190952,4.85629765983559,4.85837395528929,4.86040087285742,4.86238971936266,4.86435650128999,4.86631641022667,4.86828898109157,4.87029122547884,4.87233942313844,4.8744488328525,4.8766305046116,4.87889614100877,4.88124508012549,4.88368422269305,4.88621523470395,4.88882970924899,4.89152015331636,4.8942824288044,4.89710401586112,4.89997396815182,4.90288056760341,4.9058128848804,4.90875900158591,4.91170710662714,4.91464438031189,4.91756097064274,4.92045130683516,4.92330512617629,4.92611399406872,4.92887147719745,4.93157528653454,4.93422038909759,4.93680238429949,4.93931946779454,4.94176752926692,4.944148629852,4.94646067850587,4.94870341780594,4.95087518575268,4.95297944048058,4.95501607916617,4.95698536677106,4.95888956250919,4.96072943627962,4.96250750889388,4.96422382889808,4.96588121644444,4.96748183088924
4.94589870457226,4.94349478116586,4.94096673624539,4.93833029925256,4.93560780381455,4.93277920972488,4.92983514283152,4.92677077487031,4.92359944442337,4.92030804346806,4.91689331529669,4.91336098029839,4.90972421575749,4.9059528203681,4.90216001166458,4.89805881762173,4.89399740319451,4.88982610701557,4.88549890790234,4.88116235615483,4.87675643644502,4.87230263206151,4.867836267142,4.86338199247879,4.85896896234656,4.8546338747214,4.85040979007741,4.84634841773017,4.84246987149551,4.83884230607729,4.83549791756316,4.83247647477037,4.82982967878548,4.82759354926395,4.82579319332043,4.82445096161175,4.82358478575388,4.82319004278486,4.82326304373426,4.82378626326949,4.82473969016006,4.82606717999907,4.8277392911354,4.82968395543977,4.83186578392981,4.83421919421863,4.83668356010913,4.83921932680983,4.84176656836806,4.84429699223299,4.84677623358162,4.84918103439323,4.85150152072094,4.85373370732569,4.85588021073876,4.85795221180759,4.8599659974212,4.8619409788244,4.8639006145359,4.8658695445054,4.86786714322727,4.86991746479466,4.87203815839095,4.87424519630011,4.87654579650068,4.87895289145326,4.88146564548987,4.8840817884728,4.88679386683113,4.88959846142155,4.89248386498364,4.8954371514872,4.89844523007555,4.90149274282888,4.90456669340416,4.90765343283351,4.91074095261302,4.913815024015,4.91686462223682,4.91987995082174,4.92285331971767,4.92577614491891,4.92864044808629,4.93144271200045,4.93417806548456,4.93684421934475,4.93943820630274,4.94195823923531,4.94440354924629,4.94677382536671,4.94906797553195,4.95128895625086,4.953435884879,4.95550921901339,4.95751186445847,4.95944620770703,4.961311780189,4.96311095555636,4.96484728149183,4.96652191716708,4.96813592834035
4.94659188792846,4.94414462424925,4.9416720413849,4.93889968790922,4.93612230945455,4.93323007976919,4.93021397264457,4.92706876416095,4.92380635019277,4.92041465505447,4.91688984255015,4.91323638952948,4.90944680953103,4.90551882506602,4.90142213325873,4.89730906791821,4.89299019108817,4.88863310660648,4.8840243492342,4.87940080785714,4.87469396821542,4.86992433449609,4.86513881579416,4.86033894095071,4.85556501806486,4.85086663148955,4.84626997564316,4.84182829832171,4.83758247171816,4.83359851647753,4.82992329576476,4.82660575729633,4.82369518653467,4.82124087543666,4.8192796207877,4.81783965322281,4.8169409580376,4.8165902392855,4.81677165476819,4.81746341153546,4.81864295478427,4.82024925026834,4.82222743147348,4.82453269244323,4.82706170800927,4.82977457284496,4.83258953943796,4.83545721753165,4.83830363972551,4.84109924444716,4.84380235555018,4.8463898354783,4.84884742584505,4.85117924342976,4.85338778816005,4.85548924370737,4.85750839270778,4.85947213885944,4.86140974760848,4.8633512527011,4.86532686629346,4.86736390639584,4.86948442804227,4.87170581628431,4.8740458777844,4.87650643886064,4.87909245176891,4.88180222368547,4.88462780865024,4.88755833857737,4.89058123482933,4.89368126776562,4.89684261421173,4.90004946278571,4.90328289116315,4.9065293916976,4.9097677662463,4.91299366745989,4.91618943645177,4.91934209949104,4.92244491491275,4.92548839264405,4.92846757222204,4.93137530913326,4.93420832274989,4.93696292160705,4.9396377353839,4.94223170623393,4.94474397152229,4.94717368951113,4.949521892571,4.95179060261456,4.95397938285774,4.956090777368,4.95812677526685,4.96008910357144,4.96197922442972,4.96380013538069,4.96555503548126,4.96724469249158,4.96887173891473
4.94742389511875,4.94494425980277,4.94235496328016,4.93963382946613,4.93679678847592,4.93384434064586,4.93075706514209,4.92753877708748,4.92419071653304,4.92070491056071,4.91706821652466,4.9132802219411,4.90934914720664,4.90526402546071,4.90104100712104,4.89666533177403,4.89210685805813,4.88739848843005,4.88260095690602,4.87770412975499,4.87269950916794,4.86760575439525,4.86246988282102,4.85730334656944,4.85213376645631,4.8470290469914,4.84201837825591,4.83714789849611,4.83248789166994,4.82809349081958,4.82403521519036,4.82037130029687,4.8171560515215,4.81444759044944,4.81230062216107,4.81074391436323,4.80981294082207,4.80950171635916,4.80980367937267,4.81070779543015,4.81216498927374,4.81410505167758,4.8164617420993,4.8191670699734,4.8221302822818,4.82526918724802,4.82850068481867,4.83174956266877,4.8349440446464,4.83803625998709,4.84098789195412,4.84376860783775,4.84636595376556,4.84878753959515,4.85104038819064,4.85314920113274,4.85514594088692,4.85706679866217,4.85894991337073,4.86083531329761,4.86276084383195,4.86475990175386,4.86686076405396,4.86908536219671,4.87145166539458,4.873966429027,4.87663008503367,4.87943969203225,4.8823872234028,4.88545701008486,4.88863296375623,4.89189729449397,4.89522967765476,4.89861019685787,4.90202224510509,4.90543332357103,4.90884553742723,4.91223844148422,4.9155861648139,4.91888743541288,4.92212907421413,4.92530227803437,4.92839992540691,4.93141850483225,4.93435342322216,4.93720095750765,4.9399588490189,4.9426278159155,4.94520798519426,4.94769874874474,4.95009990172012,4.95241587677293,4.9546474672106,4.9567955215231,4.95886311981581,4.96085360175273,4.96276782974492,4.96460876394188,4.96638012480151,4.96808409237669,4.96972225055529
4.94840361435129,4.94589399516718,4.94326391178555,4.9405131934848,4.93763795621667,4.93462383081526,4.93147667235354,4.92819227492305,4.92476421802242,4.92118109239169,4.91743587234884,4.91352734330256,4.90945065374873,4.90522429023177,4.90080231600127,4.89622266441907,4.89152586346244,4.88683304876513,4.88152351325137,4.87631188298638,4.87096141557012,4.86550721142458,4.85997191773856,4.85438142287536,4.84878065709044,4.84320555066089,4.83771312861696,4.8323660694361,4.82721926101814,4.82234539721087,4.81783443310742,4.81374983914518,4.81016624908609,4.80715743857229,4.80478393816016,4.8030833009708,4.80210563470833,4.80184987521978,4.80230506935874,4.80344804620163,4.8052351483175,4.80757281673695,4.81040268346869,4.8136094385473,4.81708449531666,4.82073376223756,4.82445440331186,4.82815172036209,4.83174443949707,4.83517814098328,4.83840567181017,4.84139246851454,4.84412856564737,4.84662655320892,4.84890130367542,4.85098667890559,4.8529256339458,4.85476505241156,4.85655534459491,4.85834857743036,4.86018950681955,4.86212324526274,4.86418385976426,4.86639509712268,4.86878102815272,4.87134796226264,4.87409314387516,4.87701397738437,4.88009578685166,4.88332117682133,4.88666931085329,4.89011603207635,4.89364088069352,4.89721660607612,4.90082346164665,4.90443518766873,4.90802280366354,4.91158749019234,4.91510309112534,4.9185595234964,4.92194571269096,4.92525384242911,4.92847564744355,4.9316063044824,4.93464112794941,4.93758011537172,4.94042089247743,4.94316293857842,4.94580641156699,4.9483538941849,4.95080611183376,4.9531653319218,4.95543375747498,4.95761395414056,4.95970835171891,4.96172089662231,4.96365349707705,4.96550996528355,4.96729306827592,4.96900553544856,4.9706503118837
4.94947262063045,4.94693817058736,4.9442802018715,4.9414966649553,4.93858548682871,4.93552911507565,4.93232320096127,4.92897781195264,4.92547422313775,4.92179822253334,4.91794587619933,4.91393014022909,4.90972479033329,4.90532162405887,4.9007327907701,4.89593943741958,4.89104031832926,4.88572687444719,4.88044760051243,4.87490606778432,4.86922190329879,4.86338819558908,4.85743557277539,4.85139298542375,4.84531065697426,4.83923662713279,4.83321330899596,4.82731373318514,4.82162056306872,4.81620590186286,4.81116561553933,4.80659569604259,4.80257527310398,4.79920456504954,4.79655963834432,4.79469114927594,4.79365664000015,4.79346814598749,4.79412067730342,4.79555440458529,4.79775127861464,4.80059127804368,4.80396954908183,4.80777882956642,4.81186685625288,4.81612975510014,4.82042971333758,4.82466141884103,4.82871519361496,4.83253637726229,4.83606497872471,4.8392654365553,4.84213337067118,4.84468573028506,4.84694703930822,4.84896509744075,4.8507952878682,4.85249919482923,4.85414474722458,4.85579602791807,4.85750897860761,4.85933978966552,4.86133102929572,4.8635107341285,4.86590601906347,4.86851905273258,4.87135281953103,4.87439467261224,4.87762837052192,4.88102996376745,4.88457266563157,4.8882271074692,4.89196242323907,4.89575452651802,4.89957218277982,4.90338794123892,4.90718292068025,4.91093864054698,4.91463464109794,4.91825756778626,4.92179679629713,4.92524426281675,4.92859359272622,4.93183992531688,4.93497942069412,4.9380105839121,4.94093334965406,4.94374814139079,4.94645624505485,4.94905884251112,4.95155781770231,4.95395934930323,4.95626303848705,4.95847224449731,4.96059164887462,4.96262435822092,4.96457393384586,4.96644240989534,4.96823532233235,4.96995466913893,4.97160356965991
4.95063189272469,4.94807748147348,4.94539696329278,4.94259364247065,4.93964178505581,4.93654640382094,4.93328357303743,4.92988778092686,4.92631246542899,4.92254723917575,4.91860210526338,4.91446204428869,4.91011979961636,4.90556824790444,4.90079809138532,4.89580812163745,4.89065997430684,4.88516659167236,4.87954671200155,4.87368151843479,4.86762853504352,4.86138621788323,4.8549855848065,4.84846255276493,4.8418433106611,4.8351964834111,4.82856912623986,4.82206440766467,4.81573142492437,4.80968952806025,4.80402954855689,4.79887723310385,4.79433166082365,4.79052336491642,4.7875395262128,4.78545569505775,4.78434408295217,4.78422481649591,4.7850842829156,4.78689753259923,4.78957694890482,4.79302757220223,4.79708326472908,4.8016142569213,4.80645747441551,4.81145617021017,4.81644888746838,4.82130302547004,4.82589919674704,4.83015932943847,4.83401872672693,4.83744305467606,4.84042884372802,4.84300516760515,4.84520805638953,4.8471015798594,4.84875887081982,4.85026220556791,4.851699256226,4.85314711949161,4.85467976777813,4.85636612468052,4.85825711547669,4.86038665440555,4.86278201125589,4.86544769017949,4.86837984882635,4.87156260551377,4.87497153392313,4.87857652877899,4.88234354391374,4.88623643413697,4.89021735712372,4.8942512838452,4.89830972298711,4.90235922218523,4.90637577742999,4.9103380034811,4.91422792133265,4.91803091815273,4.92173490767172,4.92533163294249,4.92881423350308,4.93217986198987,4.93542761911514,4.93855419658511,4.94155943910224,4.94444669111616,4.94721867390527,4.94987596981079,4.95242224154283,4.95486404646395,4.95720130901671,4.9594387073497,4.96158034881124,4.963632124945,4.96559645662864,4.96747607213372,4.96927642117383,4.97100165412227,4.97265304845616
4.95201343499523,4.94944772322636,4.94675690801385,4.94393007774049,4.94095889101022,4.93781193933361,4.93452195746805,4.93106298305675,4.92742362393952,4.92358467516749,4.91954682661295,4.91529276567487,4.91081355804573,4.90611345088313,4.90117563993561,4.89598091629824,4.89054143395764,4.88479539193784,4.87891907508982,4.87271337858546,4.86626840907617,4.85959354758007,4.85270453726477,4.8456468413779,4.83844487588478,4.8311629371147,4.82386435027386,4.81663482378718,4.80957178415954,4.80278233752152,4.79639903620403,4.79054396670758,4.78537166727544,4.7810163332228,4.77760819293805,4.7752517723904,4.77403332499718,4.77399289557116,4.7751174613563,4.77736341591564,4.78066419807489,4.78483846327179,4.78973096854684,4.79515069666719,4.80092345125682,4.8068025561385,4.81263218405272,4.81822717770347,4.82344953840574,4.82820450674063,4.83243130314172,4.83608421850135,4.83916732948529,4.8417258585928,4.84381061898887,4.84550403605179,4.84690724632902,4.84812815981679,4.84927310296095,4.85044311622326,4.85173312973733,4.85322384201547,4.85497781806213,4.85703677250148,4.85942653879227,4.86215019322996,4.86519823113725,4.86854781440452,4.87216640994728,4.8760131044381,4.88004356768025,4.88421011618995,4.88847518899555,4.8927863931858,4.89711422814943,4.90142080307411,4.90568228109595,4.90987213181103,4.91397158897536,4.91796441321491,4.92183978868384,4.92559187516188,4.92921364249815,4.93270151801842,4.93605465024716,4.93927420535174,4.94236139977734,4.94531772178079,4.94814816897583,4.95085622653399,4.95344554047357,4.95591969052182,4.9582837482052,4.96054383309295,4.96270360490416,4.96476639808338,4.96673837374541,4.96862331982645,4.97042564766812,4.97214873133369,4.97379689962066
4.9533840821763,4.95082175399152,4.94813056464295,4.94532016952493,4.9423775515091,4.9391664779495,4.93585268420012,4.93234822158855,4.92866406351856,4.92476046016687,4.92064314635337,4.91629447638165,4.91170808522333,4.90686790251519,4.90177212587862,4.89639427481427,4.89078686365647,4.88480044368823,4.87852558589227,4.87196462824888,4.8651378731695,4.85801252249385,4.85062472836634,4.84299846280465,4.83517344625042,4.82719434548296,4.81913970170483,4.81110107033027,4.80320116851629,4.79554391052228,4.78828612427839,4.7815956415428,4.77564998505698,4.7706141193973,4.76667977692637,4.76397089549839,4.76260161455173,4.76264887106814,4.76408551635525,4.76687297858627,4.77090443960282,4.77598563503299,4.78191053762039,4.78843581869772,4.7953092251613,4.80227424962382,4.80909251893613,4.81556903283172,4.82152158862244,4.82684441110384,4.83146507026639,4.8353386268423,4.83848251645703,4.84095487152016,4.84283207695769,4.84422860772933,4.84527385291894,4.84609798492212,4.84684466577285,4.84763870924179,4.84860044163863,4.84983041484063,4.85140364371928,4.85336098107873,4.85573295372401,4.85852069540324,4.86170629176753,4.86525377242837,4.86911665800592,4.87324510332479,4.8775809621581,4.88206338960856,4.88664220975027,4.89126974629407,4.89589828547704,4.90048764659919,4.90500993591744,4.90944001900142,4.91375971018766,4.91795105083587,4.92200353313694,4.92591005654146,4.92966903829633,4.93327641530161,4.93673273461186,4.94004115839561,4.94320254440786,4.94622251101669,4.94910645734673,4.95185814433975,4.95448153216402,4.95698335704132,4.95936906393991,4.96164421119714,4.96381394516669,4.9658836802204,4.96785830302054,4.96974255686668,4.97154117866176,4.97325838204286,4.97489855785879
4.95477299948459,4.95221865993183,4.94953002883828,4.94670779701806,4.94368188251448,4.94055363537676,4.93719235588405,4.93365415087014,4.92992445744112,4.92597357909083,4.92179379165146,4.91736962628657,4.91268066916994,4.90772197152448,4.90246875025458,4.89690164439009,4.89104645471784,4.88494712068816,4.8782851149333,4.8714332784414,4.86418936593424,4.85659904385996,4.84866638887892,4.84042653344313,4.83190483876059,4.82317005729451,4.81427280919858,4.80533317756896,4.79643276018619,4.78774936655915,4.77947452568883,4.77177529473472,4.7648800768357,4.75900630579575,4.75438642768894,4.75121391929054,4.74963276642463,4.74974083840199,4.75156697628447,4.75500548267521,4.75994957100732,4.76617421196598,4.77335445605275,4.7812391047264,4.7894882096218,4.7977629623876,4.80578414821362,4.8133060331939,4.82011087671791,4.82607981032803,4.83112505300111,4.83520517203711,4.83835490900545,4.84065567671789,4.84221326098906,4.84318507334188,4.84372867048184,4.84402126205792,4.84423646562452,4.84453796370603,4.84507497573916,4.84596933839149,4.84731409016338,4.84914799423432,4.85150365971194,4.85437544642121,4.85773270694121,4.86153108624753,4.86568971245136,4.87015464395229,4.87485447134686,4.87971090357448,4.88465773572739,4.88963964886142,4.89460890290479,4.89951535651365,4.90432828538928,4.90902157795037,4.91357549893901,4.91797697367973,4.92221606437225,4.92628625977152,4.93018477766738,4.93391301612143,4.93747522329498,4.94087137241684,4.94410582290064,4.9471869548847,4.95012323428279,4.95291519440587,4.9555693931349,4.95809741571018,4.96050299165916,4.96279117372305,4.96496840989879,4.96704343227112,4.96901903763837,4.97089994365421,4.97269453029491,4.97440506033332,4.97603617962067
4.95640633737382,4.95385807521609,4.95118747482464,4.94835904485517,4.94537571574916,4.9422096114706,4.93885472272772,4.93528636110943,4.9315257611098,4.92753457420982,4.92330106430837,4.91880059772387,4.91401993493809,4.90894066483294,4.90354141563214,4.89780742390561,4.89176341104775,4.88521936893282,4.87840353427453,4.87118491979164,4.86351876892277,4.85543868380853,4.84694601254667,4.83805839564551,4.82881183653628,4.81922316352191,4.80939181358224,4.7994059573889,4.78940469413745,4.77952203872068,4.77001910450179,4.76108605360715,4.75300347867996,4.74607271554235,4.74057530048113,4.7367819072787,4.73490048068866,4.73507127445547,4.73731683598452,4.74157249432584,4.74767801118345,4.75528333833345,4.76407263686871,4.77362786127812,4.78358516843637,4.79345101608348,4.80293241854532,4.81170313429344,4.81950594780375,4.82620510840562,4.83170209849992,4.83596374950413,4.83904182667224,4.8410550482424,4.84215427100914,4.84252803597927,4.84239268725185,4.84197819403574,4.84149740568212,4.84116569197524,4.84116408419613,4.84164166543165,4.84269452736013,4.8443865386057,4.84673826214349,4.84972962305242,4.85331140974326,4.85741450784326,4.86195750139714,4.86684137282937,4.87197538267315,4.87727619632151,4.88265682191419,4.88805006333446,4.89340038853356,4.89866004545464,4.90379520209572,4.90877707109676,4.91358602968743,4.91821014030445,4.92264249669221,4.92688105535696,4.93092370611802,4.93477275374269,4.93843508297254,4.9419148902248,4.94522364034979,4.94836221887447,4.95134315606176,4.95416992425839,4.9568518718634,4.95939978501612,4.96181805895958,4.96411410253899,4.96629486370764,4.9683682371831,4.97033888147213,4.97221341565302,4.97399742811424,4.97569512851009,4.97731248349408
4.95818628666957,4.95566031225627,4.95301803232068,4.95021173358767,4.94723076757,4.94409043434401,4.94069297521666,4.93715817141982,4.93338499778818,4.92937492966549,4.925099696304,4.92054583190275,4.91569342836875,4.9105205841439,4.90500131338607,4.8991211049723,4.89298085034725,4.88610193294918,4.87899835672317,4.87142838044769,4.86336951055132,4.85480608886667,4.84574971854376,4.83620333597869,4.82615689390455,4.81567729425645,4.80480371556239,4.79366915214389,4.78235895327112,4.77109547601261,4.7600817066275,4.74963879508887,4.74008693665264,4.73178323403071,4.72513794509834,4.72051221511253,4.71817545897515,4.71836818675208,4.72115597923305,4.7263956736142,4.73392176014389,4.74330561360463,4.75410138694978,4.76575525714145,4.77780019814275,4.78965231067777,4.80089559848756,4.81115425073317,4.82011956174257,4.82763204699721,4.83360288871296,4.83799841204344,4.84090094547955,4.84247431291186,4.84290958629143,4.84246812790095,4.84142094656007,4.84006856450788,4.8386827647855,4.83753413067799,4.83684943755876,4.83679911781653,4.83750154697084,4.83902873143863,4.84139017015596,4.84455018207569,4.84843301150103,4.85293751854161,4.85794418346631,4.86333781126738,4.86899640385657,4.87480821596152,4.88068430106402,4.88654573662557,4.89232482288167,4.8979721784785,4.90345005753572,4.90873346933068,4.91380807614174,4.91866049007761,4.92328644254608,4.92768924172424,4.93187030393826,4.93583461396818,4.93959237397689,4.943149820723,4.94651639292704,4.94970604085314,4.95272370607627,4.95557508237107,4.95827679378035,4.96083548084121,4.96325964073081,4.9655551847579,4.96773157373556,4.9697976506028,4.97175874811556,4.97361899728533,4.97538681977422,4.97706809766583,4.97866807006806
4.96008198450329,4.95758980753653,4.95498053743158,4.95219850070464,4.94925013163284,4.94609613965202,4.94288667851,4.93922713010265,4.93546230681093,4.93145185691555,4.92715954755147,4.92257347651437,4.91767136178918,4.91242612073895,4.90681279279129,4.90080656007924,4.89438174457124,4.88750653295084,4.88012228209456,4.87216131023618,4.86371022513895,4.85466093281404,4.84502978969422,4.83478471704738,4.82392727724636,4.81246197780166,4.80045774931698,4.78800960915245,4.77525356267513,4.76234148410573,4.74955641061823,4.73725715709934,4.72588575669099,4.71584662738819,4.70766199343073,4.70187992510794,4.69888676177957,4.69901649707599,4.70243161242113,4.70892514673474,4.71823235912681,4.72990071838398,4.74320391359681,4.75752726394748,4.77216675118665,4.78644669993745,4.79982912911136,4.81186871069874,4.82218626581,4.8306128495819,4.83705901144432,4.8415017324589,4.84407812005712,4.84500404789583,4.84453665006318,4.84299014424766,4.84074574324262,4.8381674901379,4.83560805191195,4.83342733555957,4.83186427903837,4.83116184056083,4.83145824013805,4.83281483998543,4.83522958362244,4.83863904905408,4.84292753609711,4.84794265709936,4.8535413645381,4.85956466345572,4.86586315440873,4.87229479517377,4.87874856346174,4.88513774025525,4.89139307808015,4.89746747905989,4.90331918949048,4.90892447149095,4.9142720479159,4.9193581776905,4.92418052325132,4.92874494112171,4.93305866033548,4.93713147477619,4.94097581643141,4.9446020701363,4.94802272536326,4.95124898917067,4.95428955802609,4.95716342822347,4.95987388421161,4.96243537203073,4.96485563652337,4.96714409353733,4.96930942629975,4.97136001539393,4.97330381306761,4.97514394735854,4.97688963618603,4.97854916669338,4.9801251594925
4.96215020181084,4.95970255629707,4.95713164676093,4.95440109787146,4.95147755396899,4.94838575732149,4.94508332809365,4.94153404648969,4.93782722454961,4.93381144413602,4.92952393177106,4.92493011213683,4.92000439468499,4.91471708683358,4.90903823664381,4.90293522476028,4.89637584916562,4.88917560920251,4.8819685866014,4.87349499227677,4.86467774182977,4.85517673430576,4.84498297150024,4.83403857890816,4.82232965075554,4.80986134194517,4.79664292256454,4.78276778704623,4.76833095468388,4.75353382752831,4.7386692165336,4.72409212722041,4.71037763301662,4.69806926611085,4.68786854711246,4.68047450483197,4.67651425954609,4.67649575999685,4.68057475773874,4.68864892463726,4.70031078179154,4.71484240671146,4.73140281131767,4.74906687681217,4.76698194740613,4.78421054608348,4.80018385354818,4.81434205975379,4.82624345777218,4.83566555374623,4.8425644425758,4.84694014940821,4.8489781053074,4.84896737641586,4.84726294834571,4.84425696764193,4.840444825296,4.8362641259186,4.83225196949563,4.82871245144418,4.826066531852,4.82457764612006,4.82438731625934,4.82556951027517,4.82809505087933,4.83186610582634,4.83669105942306,4.84239735230813,4.84874834601834,4.8555483928137,4.86261027165112,4.86977238296455,4.87689348193705,4.88388241888021,4.8906665583374,4.89719527428442,4.90344063328808,4.90938077246429,4.91500786950519,4.92032241650204,4.92533368870146,4.93005224432622,4.93448866440366,4.93865692014358,4.94257237955121,4.94625950419696,4.94971694402981,4.95296595250308,4.95602760627494,4.95890559522948,4.96161554735319,4.96416916931838,4.96657703487989,4.96884898631147,4.97099440620743,4.97302228217972,4.97493911378126,4.97675198281199,4.97847338875687,4.98010328241726,4.9816488404726
4.96433728897446,4.96194903608363,4.95943923086634,4.95675725999027,4.9538949718766,4.95084982596933,4.94762846040206,4.944196157305,4.94042656308727,4.93644048873697,4.93218314089591,4.92760698599811,4.92268600143337,4.91738738764821,4.91167653491955,4.90551018640919,4.89885704623385,4.89162212073166,4.88394051968853,4.87546071610518,4.86632019012387,4.8564068211653,4.84567504403811,4.83405831610432,4.8215024157565,4.80798126543355,4.79349296702542,4.7780559731051,4.76177774890137,4.74481393072846,4.72744968408855,4.71012163565627,4.69341453776104,4.67812289453868,4.66515869061745,4.65553165795074,4.65012491586175,4.64971836118295,4.65465908742899,4.66471152356946,4.67943928939005,4.69771792777315,4.71850900994343,4.74038688283425,4.76236700157155,4.78330111005314,4.80239769427083,4.81905958095088,4.83277860032444,4.84329613974823,4.850602309553,4.85472968931154,4.85594881212592,4.85463380744643,4.85126891219607,4.84633506250932,4.8404701873046,4.83426877189224,4.82829104678671,4.82307776345485,4.81908847251452,4.81663634513891,4.81591070897296,4.81696229587526,4.81970632505793,4.82400661532071,4.82960387487426,4.83618909454253,4.84351254891905,4.85128077058898,4.8592639741327,4.86727301861832,4.87516001481558,4.88282002920676,4.8901838422737,4.89720432693132,4.90385497556257,4.9101309143552,4.91603401284659,4.92157054757198,4.92675679744349,4.93161357800002,4.93615439022141,4.94040077141353,4.94438168491688,4.94810122080547,4.95157890503433,4.95484689860992,4.95790365057072,4.9607754099256,4.96347120923103,4.96600574397408,4.96839052850181,4.97063695682859,4.97275332735905,4.97475374690397,4.97663556050518,4.97841740975066,4.98010300715165,4.98169965849331,4.98321148282502
4.96660419402176,4.96427983912347,4.96184163377527,4.95923178057376,4.95643146129472,4.95345514067142,4.95027884199853,4.94714103031536,4.9432517204209,4.93934259183394,4.9351444156023,4.93060688472845,4.92572091632752,4.92044308824875,4.91473507250276,4.90855741894239,4.90184677771614,4.89458250851645,4.88675950029496,4.87800765327102,4.86861286354626,4.858345102061,4.84714036420537,4.83491014362118,4.8215559536299,4.8070037151044,4.79122455820921,4.77417623291996,4.75588127505449,4.73644891983042,4.71618335044648,4.6955342901766,4.67505277457457,4.65590568457656,4.63912699192643,4.62629424626767,4.61870476486661,4.61749629706678,4.62341763507543,4.63619142345649,4.65486149076073,4.67821949229461,4.70435045129761,4.73170685221655,4.75874918757961,4.78420271893195,4.80707664082177,4.82668011867763,4.8424754840003,4.85417248939167,4.86179895894205,4.86542128364258,4.86542693309802,4.86234278063276,4.85674864692436,4.84930816362425,4.8407967720871,4.83196037667406,4.82350723041088,4.81616786245375,4.81048508490271,4.80687616705092,4.8055636739869,4.80656597456848,4.80972856327739,4.81481468992465,4.82143922855446,4.82921042670613,4.83775448384926,4.84673042532051,4.85583869147976,4.86485384929371,4.8736160189318,4.88202077437024,4.89001857552435,4.89754879407682,4.90462248906049,4.91124274389194,4.91742094513494,4.92317328884463,4.92852469094314,4.93350977256182,4.93814579120743,4.94245997430402,4.9464830379246,4.95022926341379,4.95373034453787,4.95699617802686,4.96005119654672,4.96291026563176,4.96558563205477,4.96809473949888,4.97045365139883,4.97267158551947,4.97475202094509,4.97671467013912,4.97856292072383,4.98031057902459,4.98195915315226,4.98351686787631,4.98499227762643
4.96907118517653,4.96682417051285,4.9644657280946,4.96194144750256,4.95922062586824,4.95633211795822,4.95322518591797,4.94998454618523,4.94638677496887,4.94256202743304,4.93844450465342,4.93399036306856,4.92917938907149,4.92396817849101,4.91831541889051,4.91217491220289,4.90547130661826,4.89820529667884,4.89029272784841,4.88149373983945,4.8719063232464,4.86135415241702,4.84975873842831,4.83696281193067,4.82287588174111,4.80735540907874,4.79028737195298,4.7715596978408,4.75112742791606,4.72902254800794,4.70537675633593,4.6806688707706,4.65557880501057,4.63123578388274,4.60917011925651,4.59164769972516,4.58071455657688,4.57814982757053,4.58510765070786,4.6014414255979,4.6257268682738,4.65573866060557,4.68913114467657,4.72343432030158,4.75683287094962,4.78769088113967,4.81511738947011,4.83821220967982,4.85632291953665,4.86926470941259,4.87703084961238,4.87984643698088,4.87815525708559,4.8727061606833,4.8641633791538,4.85350453750811,4.84156693485581,4.82932937829832,4.81774242276271,4.80768026443679,4.79988357107,4.79490724689825,4.79299108967344,4.79410942508854,4.79797986998437,4.80421565704467,4.81226263426987,4.82164650372285,4.83179781190949,4.84226908770517,4.85271040417182,4.86287836477464,4.87262623116955,4.88184017039965,4.89047783145053,4.89853592282007,4.90602712826763,4.91296869620646,4.91938485569383,4.92531909673528,4.93080311317596,4.93587093242996,4.9405604552199,4.94490656431698,4.94893691696101,4.95267999585579,4.95615939383779,4.95939813164609,4.96241221168234,4.96522372612425,4.96785330263451,4.97031460873087,4.97261668750342,4.97477529604996,4.97680231498479,4.97870743273673,4.98050048258289,4.9821905084032,4.98378524131115,4.9852898493345,4.9867110702667
4.97157214599561,4.96942090445205,4.96715497929064,4.96473298495121,4.96210774732929,4.95933385382465,4.9563489586959,4.9530887910213,4.94986880710516,4.946030781956,4.94199106014605,4.93766207743616,4.93296597801071,4.92786656284708,4.92231912637409,4.916271861425,4.90962992294328,4.90251606000428,4.89457646850873,4.88570928218343,4.87603786521437,4.86532375234806,4.8534813871096,4.84030189173627,4.82563023713176,4.80927971313048,4.79106468072443,4.77074162679815,4.74815078768866,4.72318388521409,4.69586417085205,4.66642800080366,4.63558377528722,4.60440084391994,4.57507040720045,4.55049351851955,4.53419602092709,4.52913950357982,4.53750162881622,4.55873924509237,4.59091663067045,4.6302666861703,4.67324145974498,4.71631095011051,4.75754181234636,4.79502087926879,4.82767242374628,4.85477948677979,4.87553761004224,4.8896700231509,4.89730933374641,4.89878137082161,4.89473999027435,4.88609306056649,4.87383309662467,4.85894681871118,4.8426603542461,4.82610417991347,4.81045033662288,4.79685304633112,4.78636253386442,4.77972003416194,4.7772759541353,4.77879109590085,4.7837528100587,4.79160699520266,4.80165983625466,4.81316132310662,4.82535006492018,4.83764936447787,4.84966642401447,4.86114086660917,4.87192692474832,4.88197504295503,4.89126930020176,4.89982810511433,4.90769295230966,4.9149217221379,4.92155195129363,4.92762844257328,4.93320090369053,4.93832910473705,4.94304502617136,4.94739233463822,4.95141494623894,4.95514094612262,4.95858958435948,4.96178348565698,4.96475573530818,4.96751876843832,4.97009368150961,4.97250081927766,4.97475442290823,4.97686125805103,4.9788351451871,4.98068790191092,4.98242961850066,4.98406904327164,4.98561533766128,4.98707458272106,4.98844883940224
4.97428811195195,4.97223122394205,4.97006980602004,4.96774772028666,4.9652286153929,4.96256981840313,4.95970469282575,4.95663043580759,4.95339194440979,4.94992320030574,4.94590437762792,4.94170370184469,4.93716683134008,4.93221574266785,4.92681584563355,4.92090671891856,4.91442627049342,4.90724126301159,4.89946165738488,4.89083762193491,4.88116837794978,4.87038062152432,4.8583842785622,4.84496916593631,4.82985540321666,4.81283804911206,4.79365401820472,4.77192127685848,4.7472730502518,4.71946902422185,4.68824276339317,4.65355205187091,4.61553186934655,4.57574060862671,4.53618586473515,4.50088074463125,4.47578169270052,4.46608688680373,4.47600447463868,4.50495327947114,4.54857844822831,4.6011778219459,4.65670146995599,4.71100463241944,4.76159798877221,4.80675065056906,4.84565426636159,4.87734466846043,4.90111972886821,4.91644922862334,4.92354319799159,4.92301193561341,4.9157235166551,4.90286321305549,4.88565776440115,4.86552940806658,4.84375506208123,4.82167248033798,4.80075803571384,4.78262383520568,4.76867631704071,4.76016396166293,4.75745285899584,4.75984495483566,4.76649071672433,4.77674678512697,4.78959917989698,4.80391987363501,4.81874720209301,4.83331429564522,4.84718232786702,4.86012719544191,4.8720464151195,4.88294436684626,4.89288289702887,4.90192216981067,4.91014092036857,4.91762291765197,4.92442778105088,4.93061393203925,4.93624382546535,4.94138874499821,4.94609464465792,4.95042030846523,4.95441070853278,4.95809500965663,4.96149526487156,4.96463324044462,4.96753768928303,4.97022763612311,4.97273551597961,4.97507936431115,4.97726997038987,4.97931390955933,4.98121854774875,4.98300037649535,4.98467632760967,4.98625951516523,4.98775089056647,4.98914198125299,4.99045147341224
4.97728154015919,4.97533270359907,4.97327910146331,4.97108633349458,4.96869432435404,4.96616294428133,4.96345054994953,4.96053390960016,4.95739106499912,4.95406898547163,4.95025334977721,4.94625921666177,4.94189627094882,4.93715411281564,4.93195338540001,4.92626111770433,4.9199814548127,4.9131602183239,4.90547397698133,4.89693284613271,4.8874608917742,4.87684220519885,4.86495299269626,4.85153043638277,4.83629523746737,4.81894944095885,4.79912424626427,4.77632324932365,4.75001011365929,4.71963026108113,4.68450966802919,4.64411833208206,4.59814626467596,4.54716176340285,4.49329321594662,4.44190166380825,4.40145057658015,4.38316317902099,4.3947116253334,4.43579668525055,4.49793557734634,4.56960459422164,4.6419510350532,4.7099365046994,4.77137296714397,4.82513088749088,4.87102716863268,4.9081688649178,4.93531778962215,4.9518532591592,4.95785553760646,4.95424840655686,4.94249615276675,4.92406619907319,4.90077523770226,4.87404843950426,4.84543363774453,4.81633288196914,4.78859877043482,4.76423916796611,4.7455572737819,4.73499800922635,4.73279092438668,4.73680892885335,4.74582812224139,4.7594183951347,4.77619209368225,4.79442871478043,4.81264481856434,4.82992614089028,4.84584766150498,4.86031477196326,4.87335180187387,4.88504636285179,4.895530958946,4.90495269406993,4.91343822592579,4.92108784555175,4.92798423683692,4.93419832393773,4.93980602651127,4.94488448883579,4.94950549791124,4.95374512324273,4.95765061283391,4.96125497420018,4.96455847951893,4.9675841283985,4.97044974896395,4.97309703146139,4.97555272184565,4.97781880880805,4.97990307327635,4.98186286183985,4.98368780106697,4.98485850580766,4.98594943030168,4.98716712280928,4.98805965470759,4.98699132296117,4.98664944501764
4.98029747954444,4.97848017833329,4.97656621838546,4.9745142739907,4.97227396671093,4.9699133712074,4.96736215208642,4.96463394435412,4.96166340203612,4.95852225347364,4.95516365020321,4.95119017208532,4.9470980795258,4.94259585091354,4.93767803563845,4.93227165965129,4.92628212507506,4.91965484496497,4.91259165518526,4.90426695366795,4.89510577074698,4.88481480599939,4.87318985468534,4.85999043795944,4.84489852577851,4.82755318283855,4.80751103904381,4.78414897840873,4.75672308230089,4.72442273099388,4.68605227664017,4.64026742297602,4.58579875375725,4.52174654276302,4.44887893870504,4.37236756218269,4.30442055675878,4.26832194190919,4.28221053881948,4.3456774792793,4.43863623714569,4.53808523956048,4.63196849573461,4.71554056091476,4.78857260717222,4.85150635417023,4.90484598881103,4.94895615527646,4.9804359121517,4.99795741364958,5.00182978213627,4.99351627326093,4.97575535863858,4.94976691240268,4.91923781333418,4.88462135224724,4.84746884825735,4.80970343226053,4.77295588114221,4.73993058344259,4.71392967998323,4.70090260567517,4.70183667375791,4.70884332708717,4.72033266586365,4.73859824800445,4.76133511889204,4.78493458045682,4.80734351303799,4.82771334218512,4.84586988551126,4.86188502361888,4.87597282765821,4.88838786761207,4.89949336863777,4.90935151777303,4.91817221736813,4.92578163859533,4.93237408312076,4.93823118657827,4.943305454433,4.94203836951365,4.94157317671717,4.94173769878289,4.93280786040202,4.91470582054143,4.90089248376919,4.89221165154869,4.86324883829323,4.83582595687609,4.81449322108565,4.79403025556934,4.76444264596281,4.73881922949443,4.71740987871047,4.69619856384522,4.67472030548813,4.65492246571658,4.63740220780919,4.62292127924458,4.60824201995885
4.98331440675061,4.98162973771674,4.97985470747637,4.97796381786134,4.97588202364504,4.97370002704185,4.97133442882599,4.96878160443091,4.96604589653231,4.96309358951184,4.95992743989385,4.95632122086213,4.95246790099918,4.94825525369194,4.94368220824019,4.93862375814466,4.93304639863973,4.9270352855059,4.92004978785488,4.91210454332749,4.90345748834269,4.89367750674161,4.88264793860452,4.87002415508931,4.85548689898275,4.83866712788077,4.81905757410036,4.79592533051309,4.76837129109768,4.73528225601837,4.69493933375599,4.64536223594172,4.58347689490022,4.50618443144977,4.41010900925945,4.29566431254602,4.17738980880039,4.09946390509425,4.11513540863525,4.22698163804748,4.37605248062693,4.51391966142188,4.63174424342553,4.73120040881469,4.81526877054606,4.8871712386992,4.94895645064739,5.00164115785318,5.03940674724937,5.05758491487615,5.05596888051252,5.04135711678457,5.01501159653083,4.98091289889104,4.94110584275621,4.8963905640823,4.84940377624045,4.80144487571834,4.75297523599606,4.70812241039307,4.66774252659377,4.64800456654641,4.66631373381463,4.67675397721337,4.68746732562821,4.71501775317517,4.7448930956174,4.7673021852265,4.78545108909813,4.79920355232363,4.76372905362678,4.7118251268738,4.66243906252255,4.60770943509156,4.51085979187083,4.42977046807544,4.36218379651231,4.3098667370904,4.2663439313143,4.22686408350013,4.19115435851814,4.18716888688487,4.17908569706324,4.16703530255555,4.1647559474366,4.17528059985429,4.17937171406983,4.17856652167962,4.19518488601098,4.20972673237144,4.21832952721779,4.22682744991583,4.24603142049344,4.25968797066762,4.26879065181163,4.28471001127633,4.3018028842687,4.3140717804863,4.3231468656873,4.3408245969935,4.35469420974577
4.98653260335616,4.98498116306774,4.98336415961819,4.98163072033252,4.9797217467616,4.97771903199153,4.97554472886767,4.97320998412844,4.97071117284911,4.96797822596437,4.96516735471875,4.96170496436647,4.95827614103512,4.95442083008847,4.95022141150629,4.94557670251351,4.94044704191748,4.93469755238695,4.92854828198493,4.92115191628022,4.91321405004735,4.90418544052106,4.89393882731669,4.88218449261137,4.86859928566743,4.85279801832376,4.83422334428173,4.81214375711886,4.78558369410818,4.75321673235304,4.71309920744983,4.66235325314842,4.59660809471447,4.50979259798213,4.39152745322471,4.22868490099208,4.01722264438275,3.81751101501492,3.84070343846114,4.08017635392899,4.32827769170152,4.50787389332907,4.64853970426395,4.76341361178923,4.85563843149931,4.92986573760545,4.9707133521389,4.15759729342663,2.01489627371585,0,0,0,0,0,0,1.26434349609109,2.64342463059391,3.02753424361107,3.23441080181351,3.33685532762491,3.36777481967835,3.28912973542941,3.24788468452712,3.00376399348332,2.83692179447837,2.81428269485087,2.86545669048559,3.05761215317358,3.20849025143953,3.32457656902555,3.47514603955186,3.61492730460949,3.72538167784935,3.81377359327612,3.91877150588517,4.00384734301842,4.06926982412533,4.13832956681279,4.20717713139567,4.26379389107281,4.30630796329575,4.36073555771951,4.40885192805963,4.44566271604519,4.47926182130437,4.51657584797754,4.55004801930051,4.57532121081911,4.60135699817739,4.62715886148154,4.6501584839842,4.66924418049501,4.68822916028291,4.70772306053081,4.72420201272782,4.7376054015897,4.75193710784115,4.76650114296668,4.77942113708095,4.78862392843428,4.80008934451496
4.98980115656028,4.98839943715128,4.9869518369532,4.98539432190489,4.98367653362547,4.98187002017627,4.97993159988408,4.97782904062711,4.97556094926198,4.97312572973245,4.97051016061315,4.96774123120696,4.96430266063902,4.9609443245728,4.95713634457463,4.95298020456334,4.94835328210585,4.94315687057169,4.93743016303716,4.93111003875988,4.92397796373806,4.91588022691489,4.90663620222691,4.89603012207374,4.88376844542164,4.86946551752436,4.85264221990547,4.83259321293531,4.80835639080756,4.77864410531038,4.74149818344422,4.69382099279733,4.63069461403339,4.5441384155543,4.4181589776018,4.22011975402775,3.87847862005728,3.2849059430579,3.30438953171888,3.97383947055682,0,0,0,0,0,0,0,0,0,0,0,0,0,0,0,0,0,0,0,0,1.31236693669443,2.37876220174396,3.29482515070279,3.92515452067195,4.18753623961957,4.42538802098051,4.60433544999997,4.67829648892427,4.74460944986186,4.80941838405137,4.84516901335232,4.86453183300958,4.88474362032242,4.90820924727367,4.91706759932346,4.92526720824688,4.93440558001802,4.94346505869802,4.94909047746984,4.95416773594697,4.96019296159452,4.9647257752132,4.96856309352983,4.97206355890646,4.9758649226456,4.97882373630366,4.98150406462435,4.98411439628518,4.98639170502221,4.98835055652453,4.99017324491766,4.99199737421178,4.99350728612997,4.99490411408219,4.9961769069409,4.99740027054652,4.99849295785097,4.99951696921263,5.00050445923502,5.00137592661198,5.00220281897676
4.99309336804093,4.99184822925359,4.99056779983169,4.98918730042097,4.98768740879543,4.98609095825549,4.9843907834007,4.98253116440736,4.98053695336021,4.97841076598723,4.97608965805395,4.97346166172287,4.97088388334592,4.96776214787836,4.96442727923891,4.96078412673287,4.95676947753602,4.95230163008455,4.94734874652156,4.94191086891899,4.93562435859228,4.92860369294624,4.92060397596262,4.91145582143487,4.90091375643152,4.88864035658206,4.8742188928826,4.85712883601795,4.83654029777615,4.81134786359884,4.77996015464754,4.73991462687943,4.68708246381808,4.61461121409303,4.50920655887519,4.34043859973956,4.02248297306774,3.14873894221552,0,0,0,0,0,0,0,0,0,0,0,0,0,0,0,0,0,0,0,3.08920038144713,4.53842482133186,4.93196563587717,4.89951723901207,4.84293622520166,4.79457003945261,4.76321024653766,4.76105971407136,4.77917521752798,4.80464874255642,4.82948605420866,4.85175915668884,4.87090008638596,4.88695371202862,4.90056708166372,4.91226546117467,4.92237683014684,4.93099313533518,4.93848754524135,4.94509734540811,4.95100669706781,4.95629146068391,4.96092862350083,4.9650198715448,4.96887899309563,4.97234365101142,4.9754160575509,4.97823252876771,4.98093687544504,4.98337126614758,4.98554026445756,4.98760247812209,4.98952400204354,4.99126505738576,4.99285325870163,4.99440576889086,4.9958341077653,4.99712751316547,4.99833669603378,4.99949466178992,5.00057464301281,5.0015663896646,5.00250462968827,5.00339146319597
4.99652650701299,4.99545450607449,4.99433054840102,4.99315213905029,4.99184899358778,4.9904788705524,4.98901014379716,4.98741543932288,4.98571472224696,4.98388793421802,4.98190688657228,4.97978475109105,4.977436902523,4.97485716862921,4.97202275117893,4.96893973255948,4.96558731789098,4.96187956482175,4.95783343244867,4.95316350779772,4.94798199369209,4.94217700903444,4.93562280035774,4.92816612177634,4.91965155338288,4.90983827903537,4.89842081098993,4.88500949452386,4.86916492255011,4.85012327243711,4.826899206759,4.79819770132254,4.76225966056381,4.7160529329836,4.65620362904247,4.58158411593494,4.5169696186768,4.65850142749679,5.6864314168887,6.47106272489317,0,0,0,0,0,0,0,0,0,0,0,0,0,3.49925579218328,5.45919404585982,5.60172850235449,5.41902425105631,5.27238025966485,5.15785708909193,5.0680548685676,4.99482838405407,4.93598559202586,4.89060911311389,4.85975959719224,4.84603842323949,4.84681411402782,4.85604982687867,4.86909404757179,4.88284379563255,4.89584063784492,4.90771331108071,4.91834554089017,4.92778388318472,4.93615586958669,4.94349519674824,4.95002041604529,4.95585543409912,4.96104369003901,4.96565997254495,4.96978922897063,4.97351810498091,4.9768496970006,4.97985374794384,4.98259684873804,4.98510342666872,4.98737161787616,4.98945256525881,4.9913678892033,4.99311532900601,4.99471906007256,4.99620596290494,4.99759117586715,4.99886155056858,5.00004218000253,5.00114196050501,5.00216549007263,5.00311599121246,5.0040072237666,5.00483950156172,5.00561947580587,5.00634745725616
5.00010877900016,4.99921827216515,4.99828082752029,4.99730198778646,4.9962178284653,4.9950700870581,4.99384323791614,4.99253825871779,4.99111638690943,4.98962866046005,4.98802191180214,4.98626584070653,4.98437475555915,4.9823066705307,4.97994467406031,4.97750119496995,4.97480638215891,4.97186738511883,4.96856628601819,4.9650182855829,4.96102200383031,4.95660255484425,4.95166806189282,4.94611587020793,4.93985316134836,4.9327878509932,4.92474103350051,4.91555322546657,4.90507078377369,4.89309090117851,4.87929256630749,4.86390621340179,4.84722354037561,4.83096172308199,4.82024137056385,4.83125660897919,4.91359374772983,5.16746841692331,5.65845116366641,6.14955817373863,6.46483138997188,6.67203397588991,6.79789251570832,6.87285461570459,6.91811431022164,6.91806013120797,6.80795225232476,6.78130063624233,6.85508385260781,6.81114784416527,6.66501957874232,6.4607659451946,6.23301636642351,6.01535613647978,5.81820220027937,5.64181861658302,5.48606026939407,5.35220221753946,5.23950486558254,5.14757278417738,5.07373360490195,5.0147154438664,4.96967200456155,4.93748318068758,4.91805418352426,4.90972804093232,4.90892028822691,4.91268233503253,4.91884200960309,4.92590049499627,4.93310236045416,4.93998112754637,4.94642352569723,4.95237502699699,4.95777539136722,4.96267666987615,4.96713400985493,4.97116910769718,4.97481884634426,4.97814017852621,4.98112269339049,4.98384780434143,4.98634076588433,4.98859629494236,4.99066632734644,4.9925810488626,4.9943340194646,4.99593940616437,4.99742648172566,4.99879564103507,5.00006918337604,5.00124784969859,5.00234309441023,5.00336277291127,5.00431239198499,5.00519516820909,5.00602280920553,5.00679261656767,5.00751663398005,5.00819206584123,5.00882438405098
5.00373351260477,5.00303869229952,5.00228018437366,5.0015030491277,5.00063889899331,4.99973896586144,4.99877328992975,4.99775683992351,4.99667136918864,4.99551009708507,4.99428196799934,4.99293716503538,4.9914749678925,4.99000544338276,4.98822773130169,4.98641467387759,4.98447772126265,4.98236132115131,4.98021029656143,4.97740917255632,4.97471780703089,4.97170718692176,4.96840773087728,4.96482284684223,4.96091994621188,4.95668537011348,4.95213054610603,4.94738574217559,4.94245843228702,4.93755471689151,4.93338186238781,4.93094673987219,4.93235124689905,4.94136460391072,4.96765916703975,5.02671951206047,5.14858798669084,5.36546119548403,5.66751309703311,5.98327142381397,6.24309463841071,6.43355188511491,6.56673555093382,6.65115403341742,6.70615920417112,6.73752373296302,6.74333265925251,6.72910175627117,6.68226523293021,6.60357103846581,6.486832632595,6.33038997262554,6.15653033698668,5.98172619663367,5.81394653793397,5.66051220089529,5.52394128479758,5.40441421866254,5.3015649721343,5.21459513220688,5.14243002640313,5.08382688985179,5.03729654229706,5.00255387823958,4.97845914821462,4.96337055284959,4.9554472443023,4.9524385255744,4.95255341993886,4.95467926758569,4.9578072465283,4.96137776512203,4.96515958089017,4.96889711387967,4.97245200935167,4.97583289456128,4.97899830015722,4.98192384601445,4.98461469349612,4.9871032586262,4.98939367899936,4.99147641601974,4.99340265958698,4.9951828807606,4.99681024517056,4.99831385697131,4.99970304982669,5.00098615592449,5.00217360979019,5.00327421918475,5.00429574788414,5.00524350032,5.0061268780438,5.00695100331154,5.00771885952802,5.00843679475314,5.00910725135861,5.00973513591136,5.01032284452332,5.01087423642847,5.01139336861497
5.00734823276763,5.00682216621699,5.00626483683123,5.00570461242695,5.00508072745807,5.00440481113178,5.00372686623383,5.00299699267792,5.00223613986508,5.0014310158613,5.00057842033744,4.99968771770539,4.99869273367749,4.99763556544897,4.99670058175671,4.99534177846186,4.99410913456788,4.9929894503601,4.99130219911938,4.98996600606313,4.98844192649315,4.98688313763104,4.98528241700901,4.98370408499648,4.98221227578663,4.98088606969869,4.97990087856079,4.97933410679784,4.979798008845,4.9817383120926,4.9860976957982,4.99466173879284,5.01027443472282,5.03736412957452,5.08337441257464,5.1603083171776,5.28101812683245,5.45416642910824,5.66841717153417,5.89303597901278,6.09497422582726,6.25686713511967,6.37853558214603,6.4637567152551,6.5180961024951,6.54937300018551,6.5560341145242,6.54037015969533,6.49780251598034,6.4294713418706,6.33248316223369,6.21257895670014,6.07734513395858,5.93659240706018,5.79816539780094,5.66747116682943,5.54753818874456,5.44028367202053,5.34633108006784,5.26512289377366,5.19640280990726,5.13952670999147,5.0930655368158,5.05695357716359,5.02976950117536,5.01047562962775,4.99751351349635,4.98947292239246,4.98492785765616,4.98276692297983,4.98227631910362,4.98280281870244,4.98399682199011,4.98555186981792,4.98729092793765,4.98912070804247,4.99095366858906,4.99274305254348,4.99446734262691,4.99610568059645,4.9976504207059,4.99909889589717,5.0004540197195,5.00172160158156,5.00290363013201,5.00400387510901,5.00502942087878,5.00598590949604,5.0068762688027,5.00770368931886,5.00847730713018,5.00920109993832,5.00987298043378,5.01050130390293,5.01108958089479,5.0116414362271,5.01215591109818,5.01263822193954,5.01309240133266,5.01351713033766,5.01391517354873
5.01095022494663,5.01061172816342,5.01024400099678,5.00989573683504,5.00949310967617,5.0090789581337,5.00867379555107,5.0082368566503,5.00780208634799,5.00734759110953,5.00688640621549,5.00644241930151,5.00588580535292,5.00529111476462,5.0051065817462,5.00449487424596,5.00395094687494,5.00350333331994,5.00319299483516,5.00255524383984,5.0025424382994,5.00227990231942,5.00234015620372,5.00270062347205,5.00347901216332,5.00488778838388,5.00708457874821,5.01048264035639,5.01565920072372,5.02340291325452,5.03482335165392,5.05181236197207,5.07708031842156,5.11448155240433,5.16956169527423,5.24877643494712,5.35790304432491,5.49772761708613,5.65977081897269,5.8284416370356,5.98546105557144,6.11905559460453,6.22545037548353,6.3038391347868,6.35696888912163,6.38696467443391,6.394834812401,6.38113966970527,6.34524595304895,6.28744215936596,6.20813848316605,6.1117167411335,6.00284260191456,5.88806071197563,5.77303601073057,5.66193298994429,5.55814397738539,5.46338532484756,5.37819851847689,5.30349821260775,5.23888446879254,5.18432089001706,5.13888829389619,5.10206485199522,5.0730023648256,5.05092167560517,5.03456910042028,5.02275105474957,5.0146641022901,5.00919355876922,5.00565844696852,5.00355591803474,5.00244023613632,5.0020077234035,5.00203254540577,5.00236614938934,5.00291072086732,5.00359608317663,5.00433909616311,5.0051199005442,5.00592046506506,5.00671116025181,5.00747999511016,5.00822475132882,5.00894478427673,5.00962815747661,5.01029037088135,5.01089883691798,5.0114854762902,5.01204059461386,5.01255967527123,5.01304696402994,5.0135137214555,5.01395072219068,5.01435924549042,5.01474496035735,5.01511218746029,5.01545466119529,5.01577468747073,5.01608162550718,5.01637052373585
5.01456470187868,5.01440546027004,5.01422821192155,5.0141001789247,5.01392694477956,5.01376249888845,5.01361632907456,5.01349472952543,5.0133737279809,5.01326253170815,5.0132022088761,5.01315788099287,5.01311532357388,5.01306249484023,5.01318417112838,5.01334999235537,5.013544218588,5.01395809756009,5.01435016495468,5.01508518986322,5.01606494060926,5.01726893404998,5.01891937327155,5.02111830371361,5.02403544295038,5.02790529062273,5.03303012405909,5.03986837299531,5.04904695443424,5.06139289790369,5.07811261376699,5.10094200603982,5.13218289484631,5.17460922851282,5.23188629174911,5.30699050278148,5.40241908937873,5.51734264172122,5.64497032340708,5.77575309517497,5.90042627651045,6.00998953259554,6.10048614239542,6.16977664544094,6.21816795232213,6.24639771587881,6.25471598168117,6.24410456558782,6.21437685249644,6.16662200775048,6.10194442778646,6.02338884301303,5.93470523428855,5.84008790378134,5.74371354578803,5.6494168342768,5.55940068745917,5.47572948817265,5.39947458218709,5.33138116950065,5.27152397109432,5.21977872785151,5.17583212750618,5.13930275355615,5.10944699406782,5.08554430736685,5.06683693679263,5.05247137705256,5.04159435818125,5.03347328966328,5.02750380696708,5.02316596183681,5.02003943632186,5.01786215160268,5.01634229447676,5.01532323502528,5.01469791690142,5.01434320539144,5.01417389985581,5.01416047090493,5.01425562677581,5.01441749530229,5.01462903278777,5.01488209362032,5.01515474245099,5.01543431963654,5.01573600177118,5.01602346767452,5.01631044122,5.0165954837167,5.01687140420544,5.01713310580676,5.01739197317844,5.01763989231125,5.01787510718878,5.01809857959213,5.01831456619669,5.01851794675584,5.01871292446837,5.01889627986518,5.01907183895593
5.01820961295074,5.01822692352961,5.01825384736199,5.01832449310175,5.01838794916433,5.01846670509661,5.01859199030442,5.0187396764913,5.01895430966757,5.01919465917955,5.01950400924694,5.0198844964413,5.02027734329692,5.02070315562707,5.02143107361204,5.02218535685998,5.02311408481701,5.02432013308773,5.02552100930538,5.02745157745868,5.02940893290249,5.03180718249721,5.03487999025656,5.03871680247531,5.04351693596248,5.04954389772308,5.05711771044088,5.06676790296101,5.07910842384693,5.09493971457197,5.11538505963481,5.1417487153154,5.17589318981251,5.21975647363045,5.27540751207995,5.34437054756775,5.42726955657876,5.52228621059543,5.62506123846848,5.73038989535983,5.83069715930513,5.92067876358196,5.99679312475496,6.05664230886117,6.09952217416032,6.12527349959189,6.13365276085867,6.1258764362535,6.10181605754378,6.06249715358342,6.00943634725091,5.94513856937673,5.87218732151365,5.79351276481105,5.71245819458432,5.63212841756315,5.55426539167627,5.48067768412715,5.41268195639607,5.3509569580539,5.29584251222067,5.24737931468777,5.20538991041569,5.16969905237158,5.13975194031608,5.11502892182033,5.09494230404977,5.07881377790901,5.06595948254686,5.0558847062113,5.04796918908271,5.04180843978714,5.03701123710261,5.03328747447636,5.03039784433696,5.02816686051054,5.02645637582519,5.02513370709041,5.02410692408404,5.0233302547356,5.0227421369415,5.02228838429982,5.02195362287672,5.02171018393462,5.02153886575869,5.02141420153313,5.02133493064404,5.02129694690077,5.0212795292797,5.02128091625046,5.02129935880683,5.02132993553172,5.0213709313004,5.02141758505354,5.02146902883371,5.0215228734067,5.02158212618135,5.02163986856676,5.0216965899463,5.02175657847825,5.02181577657824
5.02188841923403,5.02210165936507,5.02230716151159,5.02258689665008,5.02287594144949,5.02319512274624,5.02357551869086,5.02402440440936,5.024526405473,5.0251224391386,5.02579804549249,5.02653774033009,5.02759627015872,5.02824640620398,5.02957251039828,5.03096545992721,5.03254661677721,5.03445221866855,5.03642791845675,5.039243058782,5.04226198042624,5.04595135635752,5.05036654704154,5.05567460245036,5.06211990171922,5.06999423217094,5.07957882708047,5.09137799815514,5.1060095238134,5.12419684778463,5.14676292942536,5.17494707063297,5.20989609222088,5.25297573184956,5.30535976717323,5.3675394592022,5.43923341575289,5.51889392794443,5.60353937068728,5.68916419429503,5.77123891631578,5.84566628242573,5.90947729477669,5.96050299475198,5.99778304344314,6.02077025945365,6.02910478684965,6.02358718529846,6.00406791393768,5.97205207511082,5.92844137931434,5.87542253018258,5.81473146816838,5.7491604818597,5.68075452183934,5.61196639217017,5.54460361346218,5.48021081564852,5.41971140405606,5.36406943750985,5.31358081390342,5.26857310489463,5.22896024127959,5.19454684553008,5.16510827419325,5.14014080148118,5.11928170977091,5.10203599348894,5.08781659454891,5.07623053905913,5.06678319077419,5.05912983422074,5.05293917974636,5.04790352671712,5.04381091237746,5.04049921305435,5.03779721990127,5.03558442836457,5.03377400323321,5.0322822537701,5.03104878214367,5.03003091740009,5.02918323654684,5.02847522650762,5.02788579832289,5.0273866767567,5.02696638081673,5.02661240863951,5.02631354857474,5.02605914561054,5.0258392252896,5.02565185402993,5.02548947314735,5.02534806711467,5.02522759315098,5.02512213837761,5.02502526154377,5.02494303719998,5.02487400897319,5.02480718884661,5.02474729060209
5.02550067232357,5.02588834713188,5.02628650994139,5.02677525336515,5.02729533479105,5.02784333935934,5.0284815876956,5.02919102645798,5.03002303876188,5.03095229483975,5.03198388791152,5.03312473293414,5.0344744943871,5.03589285979579,5.03751694128726,5.0394696968526,5.04169366432171,5.04429715910628,5.04719257835349,5.05070576232486,5.05457956323627,5.05937540298144,5.06488210283105,5.07141800124412,5.07919217900603,5.08849721726322,5.09963128871913,5.11304000383867,5.12926093734015,5.1488891623044,5.17265348444188,5.20140476300901,5.23590158256017,5.27705909358421,5.32538882860439,5.38097898163605,5.44321731902358,5.51074091964229,5.5813778032844,5.65208811690427,5.71997579784598,5.78181854274045,5.83534688026134,5.87863728500634,5.91075370219175,5.93100289062123,5.9388257311923,5.93518700134251,5.91949065640246,5.89330946171902,5.85733743020107,5.8134025661041,5.76280447099731,5.7075688504852,5.64963334341972,5.5906781306935,5.53237629353724,5.47583744967167,5.4221253976171,5.37204081791036,5.32604069884657,5.28435301894994,5.2471669839755,5.21438768571797,5.1857472211437,5.16110244898493,5.14005105443914,5.1221820322366,5.10713456558317,5.09452062843007,5.08401358175971,5.07523293566853,5.06791678115673,5.06182925888934,5.05673269536277,5.05247141726689,5.04889136910321,5.04590738919334,5.04333745049136,5.04117371994118,5.03933643944933,5.03775654808404,5.03639201050272,5.03521835397859,5.03420624548327,5.0333130785212,5.03253289049438,5.03185345204254,5.03125170087221,5.03071488853345,5.03024465627413,5.02981872774173,5.02943839000438,5.02909645618029,5.02878540000215,5.02850401087827,5.02824966456578,5.02801348675325,5.0278003790757,5.02760361198699,5.02742141292907
5.02905685347279,5.02962388029204,5.03020255815064,5.03088530646882,5.03162778276721,5.03238809019767,5.03329322391312,5.03426522240785,5.03539751711288,5.03661025858963,5.03799929048625,5.03952858689905,5.04119847044006,5.04306481174255,5.04521923744391,5.04766049795151,5.05046957579651,5.0536451208353,5.05735364622193,5.06150023828277,5.06652199700543,5.07194848473199,5.07841314743136,5.08597614184937,5.09484423851964,5.10527815392011,5.11753445221918,5.13204924365218,5.14926741165407,5.16961625024988,5.19370377877194,5.22209181768422,5.25529499485363,5.29387415631238,5.33799567612403,5.38751149786471,5.44162973133742,5.49939707470145,5.55871035835955,5.61810512330049,5.6747453379099,5.72655802321155,5.77162636755122,5.80836109378619,5.83593692992029,5.85358931568148,5.86111602753267,5.85845476442021,5.84565602891035,5.82428449481092,5.79448393734797,5.75784232741209,5.71552468501348,5.66872467986449,5.61937941747312,5.5688020767116,5.51816910433543,5.46861704913581,5.42093516264918,5.37606978041922,5.33434836084038,5.29599054180872,5.26131074326943,5.23028206426523,5.20275465911939,5.1786434596518,5.15763879425134,5.13952275650726,5.12394779318571,5.11063793797964,5.09929749562543,5.08962654720725,5.08142905210603,5.07445385609727,5.06851104284994,5.0634430786109,5.05909891287909,5.05540382221769,5.05220487555828,5.0494214158837,5.04703407774628,5.04494981532965,5.04312646439279,5.04153255107351,5.04012926065326,5.03888216069796,5.03778107510869,5.03680076296906,5.03592226786527,5.03513407798174,5.03442702649258,5.03378799292969,5.03320765047321,5.03268018357902,5.03219914466359,5.03175777572246,5.03135406582478,5.0309829858095,5.03063890023273,5.03032100507604,5.0300271301187
5.03262440570758,5.03334942694442,5.03411664293068,5.03497811567042,5.03591307272009,5.03690636108704,5.03803988717242,5.03926798952942,5.0406648260872,5.04217817814089,5.0438744536265,5.04571726482438,5.04779716367715,5.05007309778878,5.05263698066176,5.0555893149767,5.05886313605159,5.06258650916248,5.06695513145758,5.07169549507017,5.0771079180331,5.08355269284222,5.09077089751861,5.09910667624906,5.1087799020339,5.12000641932067,5.13304368403973,5.14821318249236,5.16588881866836,5.18642747934102,5.21026848825671,5.23778308011453,5.26928317146536,5.30506661594742,5.34507830471712,5.38899358365898,5.43632016645162,5.48590502616456,5.53661870518887,5.58669776184245,5.63435452626732,5.67795865126122,5.71601266789947,5.74737154456162,5.77102416837852,5.78644807064128,5.79321383247282,5.79142534517072,5.78152939027662,5.76382122946757,5.73906707853327,5.70834893109724,5.67253945267858,5.6328815656942,5.59059586128163,5.54687702962659,5.50271638063684,5.45920885930889,5.41699915658368,5.37660026223122,5.33878772768092,5.30362346643988,5.27141148945415,5.24226477555031,5.21605173893101,5.19273060158329,5.17213940040052,5.15407775080378,5.13831909762832,5.12463700085943,5.11275360650567,5.10251415636227,5.09365052727725,5.08599909186571,5.07938325322034,5.07366533924134,5.06870485935456,5.06438471333921,5.06063630950459,5.05735560719108,5.05446657891805,5.05192805747024,5.04969015298054,5.04770791550461,5.04594693784169,5.04437297308776,5.04296543605189,5.0417027059705,5.04056438365141,5.03953541021319,5.03860276155973,5.03775563102618,5.03698265292041,5.03627626881646,5.035627999922,5.03503269356459,5.03448306854007,5.03397560964035,5.03350564823844,5.03307015626816,5.03266247798966
5.03607542905682,5.03696786807113,5.03791325786485,5.03894320739583,5.04008659147896,5.04129580779709,5.04264753635257,5.04412412006509,5.04576781785111,5.04756756753992,5.04953349153294,5.05171103834958,5.05415623409488,5.05681422359736,5.05980044190122,5.06313432135813,5.06685445433315,5.07109338877022,5.07576734223089,5.08113911809397,5.08721452098249,5.09420391903751,5.10198655203388,5.11096561890382,5.12123661037974,5.13301845242104,5.14651707832166,5.16200574726111,5.17977772858341,5.20008415701257,5.22325600735585,5.24953333258135,5.27906688605921,5.31193135690954,5.34804349284611,5.38713952347742,5.42856050867785,5.47151708774459,5.51492825523648,5.55753026165703,5.59794510789547,5.63503075873921,5.66736892969147,5.69401154668534,5.7142360064245,5.7276154316097,5.7337741435059,5.73273117053445,5.72466703226646,5.71005620474533,5.68933594045792,5.66350850058676,5.63314443293094,5.5992809004033,5.56299920147528,5.52513110110084,5.48668054423807,5.4483555022393,5.41082714374866,5.37471686896997,5.34044030932309,5.30831340852691,5.27854069438328,5.25125830895637,5.22648504485074,5.20412842088216,5.18414903521895,5.16637676059125,5.15068073008141,5.13683665842195,5.12469232131209,5.1140409642179,5.10471109916418,5.09656506528583,5.08943052089802,5.0831751760937,5.07769219812869,5.07287634273711,5.06863340992051,5.0648964115764,5.0615855149337,5.05864355724923,5.05602392678219,5.05368644704339,5.05159849154451,5.04971715403303,5.04802283537594,5.0464944737219,5.04511126388072,5.04385029590674,5.04270291382058,5.04165893102201,5.04069867238994,5.03981643531513,5.03900884588967,5.03826099496235,5.03756985635789,5.03692820990109,5.03633313870592,5.03577910642556,5.03526267200022
5.03941738331986,5.04046353086602,5.04158643280527,5.04277248941386,5.04410040759276,5.0455292027701,5.0470711750004,5.04878460173388,5.05067561441728,5.05271647331908,5.05493851503716,5.05735753856273,5.06013835353561,5.06315300613288,5.06649656810344,5.07021225569014,5.07433342649592,5.07898879874897,5.08404427166239,5.08995048203169,5.09654887426743,5.10395311227942,5.11226936135096,5.12167208645394,5.13232922385699,5.14441816738765,5.15808430897802,5.17358887904102,5.19111311080249,5.21087547478145,5.23309374847939,5.25791951199518,5.28538252986891,5.31548962538511,5.34809163141187,5.38286768055446,5.41929568710384,5.4566732520403,5.49410228512949,5.53060520608613,5.56514453366742,5.59670569190398,5.62431943578687,5.64714146984595,5.66451787694933,5.6761284910028,5.68167203761974,5.68106585207096,5.67453832380587,5.66240842114085,5.64498441288334,5.62311234238478,5.59727945302009,5.56821748602817,5.53694771668843,5.50410017217911,5.47047303076372,5.43665473995575,5.40331102730732,5.37101336551414,5.34000297960787,5.31063925681914,5.28319652792682,5.25779538721553,5.23444660511224,5.21318426129346,5.1939494333294,5.17664238215041,5.16115857753438,5.14736129549222,5.13510515744271,5.124237051185,5.11462732735692,5.10610226392448,5.09857589292772,5.09190754058235,5.08600903652457,5.08077752183132,5.07612566018625,5.07198738201297,5.068299286485,5.06499879095297,5.06203819882425,5.05938058831892,5.05699080129303,5.05482693340049,5.05286761366518,5.0510935189789,5.04947767745672,5.048000004699,5.04665190455353,5.04541727957728,5.04427987664178,5.04323338449545,5.04226877077294,5.04137678785803,5.04054901125718,5.03978095520923,5.03906482808674,5.03839775539958,5.03777536634268
5.04271253121797,5.04390175682056,5.04517238053284,5.0465232306531,5.04803320869361,5.04964435849326,5.05135349792824,5.05327820478066,5.05540405848257,5.05771718606628,5.0600740300124,5.06266578396165,5.06591746393132,5.06922569357515,5.07287246816768,5.07690123472205,5.08138066525433,5.08633552745289,5.09175929545078,5.09819749962699,5.10496345709554,5.11269244172255,5.12131112741096,5.13096531143665,5.14182627175032,5.15400300923619,5.16765648022875,5.18296820615915,5.2000736701639,5.21912479857754,5.24026949637026,5.26356178543447,5.28900624087458,5.3165370926327,5.34597414277371,5.37693349069544,5.40908976124378,5.4417221247874,5.47417586596309,5.50565370139919,5.53535344482844,5.56241419525345,5.58606831983978,5.60562996666927,5.62061840969382,5.63076574745205,5.63573386250997,5.63546416416307,5.63014318904947,5.61997963068706,5.60528300721873,5.58664152350476,5.56453047420579,5.53958104472567,5.5124530241269,5.48385852824014,5.45434418059737,5.42451848770045,5.39487307168788,5.36586281711955,5.33781733297291,5.31107361700505,5.28578841071038,5.26219091141091,5.24032079036621,5.22015780756635,5.201782091053,5.18505203764261,5.16992499078381,5.15630957646374,5.14407831030783,5.13313610482866,5.12333944535769,5.11459973363091,5.10679793263719,5.09983556490741,5.09360959988727,5.08803937196626,5.08305979944615,5.07859811490431,5.07459079646121,5.07098329136293,5.0677301303215,5.0647952304653,5.06213840570849,5.05972154219911,5.05752788465696,5.05552897799047,5.0537022754496,5.05202782314084,5.05049331166463,5.04908260665041,5.04778112999678,5.04658054877665,5.04546997644096,5.04444091268333,5.04348428807447,5.04259414733087,5.04176490813336,5.04099033116502,5.04026554201553
5.04592514947362,5.0472507694854,5.04866084900382,5.05016992533838,5.05183204882625,5.05361204832691,5.05551770314957,5.05762116338114,5.05990741514663,5.06232348357089,5.06508197418399,5.0680977751595,5.07135605563732,5.07491920139076,5.07883342330997,5.08314164065472,5.08789137897756,5.09313724056285,5.09896186716893,5.1052563224212,5.11246849625339,5.12046184470104,5.12928723296529,5.13910480707265,5.1500253993139,5.16216945347201,5.17565795185805,5.19062443584983,5.20716501242805,5.22538128533553,5.24532509620018,5.26705271646096,5.2905177489612,5.31562162010816,5.34213524371846,5.36982449884717,5.3982508660419,5.42685796918429,5.45512110282811,5.482482647568,5.50808366174185,5.53142266341696,5.55180439766772,5.56868508876013,5.58167807698854,5.59051698808907,5.59493372997267,5.59488556240327,5.59050620706175,5.58194649366312,5.56945880077151,5.55357541390717,5.53455556358259,5.51298933867694,5.4894372355286,5.46446073193951,5.4384779789373,5.412102787004,5.38567196475141,5.3596276036279,5.33428330973286,5.30991881498286,5.28672142521901,5.2648391817434,5.24440452769802,5.22540617152123,5.20789009626666,5.19185132512155,5.17719331074522,5.16386480311809,5.15179528388708,5.14088592075247,5.13104895860637,5.12218900360234,5.11420628797666,5.10703883659097,5.10056997092326,5.09475083944647,5.08950122597404,5.08476676652327,5.08049600817001,5.07662868935276,5.0731237171206,5.06994111879711,5.06704795893043,5.06440744824856,5.06199743004067,5.05979362146606,5.05777462962998,5.05591702468226,5.0542082339481,5.05263358535054,5.05117874359124,5.04983106741671,5.04858223603478,5.04742364283653,5.04634354217041,5.04533870047406,5.04439935124534,5.04352178154937,5.04269915970847
5.04905582038462,5.05049992417508,5.05205115038215,5.05369840099106,5.05551337523685,5.05743987354817,5.05953538431488,5.0617869669525,5.06422004070608,5.06707881582028,5.06978736003362,5.07298775813553,5.07647326228329,5.08025135839175,5.08438247189001,5.08891812544627,5.0938964960433,5.09935683243921,5.10532169464592,5.1120810740932,5.11925244079453,5.12734722465823,5.13628797361985,5.1461325155643,5.15700938044523,5.16899755455215,5.18219205448008,5.1966900836742,5.21256512760828,5.22986005747111,5.24861166888014,5.26881449879581,5.29041418226185,5.3132700566293,5.33721717586122,5.36197262689221,5.38718342490592,5.41242053259926,5.43720837072402,5.46099659268144,5.48321120410222,5.50340216634047,5.52104000280712,5.53566884013637,5.5469594599145,5.55469024960823,5.55861725000376,5.55871657456763,5.55508980045636,5.54786377348386,5.53720689592228,5.52354859133622,5.50714308078286,5.48844267359643,5.46788221138554,5.44600654645272,5.42311418981357,5.39973990449172,5.37612860145375,5.35274536520353,5.32983541755252,5.30760940458147,5.28632049659852,5.26609497076293,5.24701682227859,5.22915989737602,5.21256806826912,5.19722811384664,5.18309861724887,5.17015031331925,5.15832942660912,5.14754756237271,5.13775862949759,5.12886308711321,5.12080491457542,5.11349243193459,5.10687241955902,5.10086559122602,5.09541902030084,5.09047478574329,5.08598511989287,5.08190178813729,5.07818240675027,5.07479104158259,5.07169455379175,5.06885745758626,5.06625804848245,5.06387318759845,5.06168084638164,5.05965782046242,5.05779157712575,5.0560689207622,5.0544714405211,5.05298873824128,5.05161336057208,5.05033402339581,5.04913904944381,5.04802452593684,5.04698457261266,5.04600879136105,5.04509446777594
5.05207457986012,5.05363344729863,5.05531821439861,5.05709120604445,5.05903011280383,5.06110396827171,5.06335376073288,5.06576261440158,5.06833489181489,5.07112281544512,5.07430852221649,5.07765279636774,5.0812907404556,5.08525628242223,5.08958537956047,5.09429251356601,5.09944154483876,5.10507892699231,5.1111800484076,5.11800833159187,5.1251547881775,5.1335604404155,5.1424692170159,5.15223454825895,5.16295872626482,5.17466493054127,5.18745358580822,5.20139719651426,5.2165216080295,5.23285490386127,5.25040504108919,5.26914225720586,5.28899100928649,5.30981425470701,5.33144287616637,5.35362643803192,5.37604671322109,5.39835204350884,5.42013729500365,5.44095593647758,5.46035829791279,5.47794993204171,5.49329672434509,5.50601574341615,5.51584972889431,5.5226211853279,5.52612955999168,5.5263258238926,5.52330332048323,5.51714462706775,5.50800962096972,5.49622088508854,5.48200671531004,5.4657122416305,5.44774912762442,5.42846764417137,5.40825938189486,5.38746653319983,5.36637591299084,5.34535178455986,5.32460197809159,5.30436005990669,5.28483913064489,5.26615523375072,5.24840303055489,5.23166352745017,5.21598550188371,5.2013962742197,5.18784867110543,5.17534750797015,5.1638349117085,5.15326252184121,5.14358622251506,5.13473801871759,5.12666009823068,5.11928817405975,5.11257084384872,5.10643868974171,5.10085668041865,5.0957494272239,5.09108947319549,5.08683356997746,5.08293782567989,5.07937055843547,5.07609902397664,5.07309316133746,5.07032603139174,5.06778131204546,5.06543340452763,5.06326086740351,5.06125293017315,5.05939284089408,5.05766489048474,5.05605819509556,5.05456375417388,5.05317137015638,5.05186907625878,5.0506519308754,5.0495117527332,5.04844621316999,5.04744163491701
5.05500873460121,5.05666666035629,5.05846634436946,5.06035920970612,5.06242055884013,5.06460874489331,5.06697440364682,5.06955505689121,5.07224829559148,5.07525115745322,5.07849950695376,5.08199804220145,5.08578162445307,5.08988328090231,5.09432381958683,5.09919016035935,5.10445580741113,5.11020488558158,5.11646598112897,5.12318355326641,5.13059870210658,5.13885170451768,5.14772244544586,5.1573551387275,5.16784630600779,5.17921864801848,5.19154659154522,5.20487656060754,5.21923069513926,5.23461282987832,5.25101100517855,5.26836642158372,5.28659080246391,5.30557252460815,5.32512701900267,5.34503880493958,5.36506634891961,5.38486653480102,5.40410014240644,5.42239495437682,5.43938337544302,5.45475693261172,5.46816651022729,5.47929612818052,5.48790445131302,5.49385083546047,5.49697820443243,5.49724280230748,5.49469805977395,5.48943126741036,5.48155193965359,5.47132725337968,5.45895648694506,5.44472255439084,5.42894343088344,5.41195858998426,5.39400645839148,5.37548534431888,5.35661064732852,5.33765847901685,5.31886057856936,5.30042085500571,5.28251522349201,5.26526089767008,5.24877296530484,5.2331314770381,5.21835390195772,5.20450451850606,5.19157657540724,5.17953846311705,5.16839934617782,5.15809482948837,5.14859417710395,5.1398546503516,5.13182153401144,5.1244529670238,5.11768618211523,5.1114945213483,5.10579774601429,5.10058563203904,5.09580101066228,5.09140867330375,5.08736730331544,5.08365531496451,5.08023946581826,5.07708854321421,5.0741817078511,5.07149582349242,5.06901160951057,5.06670849842893,5.06457216837849,5.06258876785671,5.06074294543839,5.0590231882001,5.05742009678036,5.05592296571966,5.05452185615695,5.05321399402506,5.05198005514049,5.05083165240675,5.0497435058962
5.05788772789701,5.0596508983441,5.06154128547291,5.06355640802376,5.06571124206476,5.06800164698611,5.07047576820494,5.07312411654612,5.07598190954816,5.07913799483883,5.08250375078202,5.08610289007711,5.09001598298316,5.0942260721762,5.09878395613071,5.10372809818856,5.10910292592568,5.11485912155849,5.12115792350763,5.12791632221214,5.13514305753234,5.1434216979686,5.15216472082162,5.16159552768244,5.17179989241026,5.18280510547508,5.19464551380132,5.20733826022839,5.22090809599476,5.23536135630948,5.2506458404991,5.26669690729363,5.28345299377862,5.30076179840856,5.31846321468216,5.33642927927121,5.35431399570506,5.37191866320032,5.38896083240046,5.4051138487609,5.42007315409511,5.43357433724755,5.44533172881837,5.45508444057801,5.46264493112797,5.46787475043929,5.47066127257673,5.47096391566546,5.46882857740666,5.46429304847174,5.45746480399285,5.4485914394588,5.43774935032795,5.42527304466403,5.41137042049035,5.39634277362137,5.3803799154229,5.36386075525213,5.34692577913621,5.32982193167572,5.31278629564093,5.29597691248066,5.27953466152352,5.26362122826241,5.24831988128074,5.23369546518334,5.21981736317409,5.20671110333277,5.19439824685788,5.18286882118242,5.17212082401214,5.16212785698744,5.15285131298622,5.14426776759143,5.13633631103411,5.12901341678715,5.12226147643526,5.11604286018444,5.11029898305252,5.10502103775969,5.10014001494705,5.09564993596525,5.09150424433736,5.08767319627161,5.08414278065592,5.08086985208241,5.07784155709554,5.07503789627237,5.07244060650214,5.07002169425303,5.0677731576653,5.06568036916953,5.06372965752794,5.06190657295026,5.06020164192858,5.05861068629659,5.0571204597195,5.05572605238369,5.05441625384835,5.05318039156497,5.05201927056729
5.06059710101175,5.06244547335398,5.06442813844582,5.06654063322258,5.06880616239695,5.07123947604443,5.07375105848332,5.076605411308,5.07950884796759,5.08276266396625,5.08620248437471,5.08989577615452,5.09388466506055,5.09817980231362,5.10282805836625,5.10783973011055,5.1132220920782,5.11906016526238,5.12524038339122,5.13219172492973,5.13944983849928,5.14738354645287,5.15593330541419,5.16512905644543,5.17501222239538,5.18561142719716,5.19693738216247,5.20902155482639,5.22183567643354,5.23534683795883,5.24956445793873,5.26440781924466,5.27978895195004,5.29557766405341,5.31165329663145,5.32781830596383,5.34387026913277,5.359569717128,5.37471625972272,5.3890233107949,5.40224002707014,5.41415318720371,5.42451664368802,5.43309383448418,5.43974622118972,5.44437213118539,5.44686770066721,5.44718572924326,5.44538505346789,5.44144499843064,5.43550992596106,5.42774152720019,5.41825815802697,5.40725088996743,5.39499414236913,5.38162288852956,5.3674258340361,5.35263548173176,5.33740678362045,5.32196143822251,5.30650634569363,5.29115508206981,5.27607672273828,5.26140617641,5.24720654937956,5.2335626238332,5.2205448967772,5.20817739869471,5.19647786511347,5.18545604124801,5.17513214896952,5.16547861976734,5.1564611429672,5.14807043869329,5.14027459864941,5.13303831294531,5.12633712338043,5.12011480330033,5.11437583014031,5.10904551432308,5.10410712846258,5.09954619327484,5.09532596690259,5.09138873131268,5.08777717161815,5.08439084978117,5.08125763452451,5.07834827612399,5.07564103831821,5.07311744255911,5.07076820883733,5.0685722715021,5.06652192664715,5.06460657669743,5.06281307394353,5.06112784725103,5.05955638999098,5.0580795019306,5.05668810607741,5.05538282055379,5.05414489200529
5.06312180928109,5.06505261700479,5.06711271712615,5.06930742862832,5.07165170146062,5.0741176611157,5.07684544534096,5.07958503595288,5.08271986972432,5.08602510777831,5.08955482719948,5.09334589093026,5.09740668731217,5.10175917294004,5.10643950535237,5.11148260157846,5.11689411607336,5.12272097404138,5.12892692540772,5.13563446589199,5.14271585972515,5.15062757222805,5.15897309138281,5.16791277566162,5.17744942366756,5.18761663944818,5.1984217554196,5.20986803049226,5.22192889325522,5.23460237743754,5.24782471418823,5.26154361138483,5.27567550002822,5.29011222904451,5.30470135240087,5.31930582475186,5.3337432985548,5.34781375915426,5.36133536428866,5.37405991107965,5.3857804426403,5.39631983718717,5.40547915098279,5.41306055664487,5.41895706982465,5.42306435237455,5.42529890027994,5.42561970214004,5.4240897279027,5.42066153659422,5.41547458929536,5.40864572015052,5.40028794147417,5.39054970335646,5.37967894763394,5.36778837312794,5.35511266255243,5.34181652507027,5.32810384407625,5.31412662368936,5.30006340213194,5.28604501434136,5.27220597186849,5.25866387203433,5.24549024046604,5.23276973078636,5.22056363652433,5.20889496717,5.19780587569927,5.18731412885917,5.17740076893204,5.1681016816054,5.15936671863056,5.15119141027345,5.14355927976959,5.13647888105643,5.12976155056992,5.1236539914713,5.11792549931924,5.11259262096533,5.10774530715758,5.10310719383097,5.09880547598333,5.09483060660717,5.09111315855161,5.08764964541105,5.08448414688029,5.08146293407908,5.07869009826539,5.07606795617691,5.07365064853155,5.07135808001465,5.06924308189656,5.06727023856345,5.06533836266312,5.06362161694392,5.0620054550164,5.06039686590756,5.05885181402394,5.05748689331348,5.05633777564856
5.06560993887255,5.06760609215037,5.06973616920485,5.07200187613064,5.0744029375978,5.07697769853388,5.07971915073678,5.08269533667505,5.08580359815163,5.08914002611657,5.09272537504281,5.09653871758621,5.10063996518535,5.10501937940926,5.10973121721176,5.11475499815586,5.12014338059995,5.12590772652785,5.13210901973852,5.13869834138168,5.14589272689573,5.15341710445959,5.1615132583268,5.17013104390144,5.1792819538023,5.18899089818326,5.19925576096251,5.21006253510587,5.22139970612866,5.23323249656486,5.24551056021518,5.25817940528436,5.27117847830257,5.28436192011492,5.29764737205834,5.31087414030469,5.32388055995183,5.33650201378736,5.34860005978942,5.35996029770561,5.37040198334907,5.37976966247977,5.38789580372515,5.39462486717431,5.39986020950101,5.40351964614357,5.40552070236546,5.40583559084289,5.40449940479231,5.40151846301152,5.39697341945316,5.39094564219363,5.38353718323003,5.37493543700656,5.36526099942335,5.35464153658931,5.34325338770137,5.33131902152543,5.31897772227219,5.30629165180463,5.29351094106725,5.28070687775537,5.26799368340835,5.25548400960931,5.2432900983422,5.23143683690637,5.21998845143291,5.20899762888331,5.19850172508597,5.18852791042217,5.17906979784664,5.17013872951419,5.16172867267434,5.15382177946158,5.14641324948684,5.13943126841427,5.13288539877481,5.1268470768408,5.12110704527678,5.11580387083196,5.11096483219309,5.10625997532786,5.10198945667654,5.09786285697639,5.09412738902244,5.09051594264314,5.08726882633342,5.08413211202923,5.08142655658733,5.07865757290373,5.07628707371913,5.07381619467408,5.07172770319038,5.06953848834242,5.06766423353416,5.06589396211631,5.06411950479934,5.06249715137137,5.06098434913578,5.05957207912229,5.05818251292548
5.06804830168345,5.07010712532354,5.07228891122205,5.07462323778588,5.0770723878849,5.07970768913952,5.08256275151634,5.08540372845054,5.08867952505397,5.09207318235691,5.09568782716581,5.09953966108638,5.10365434591287,5.10804350258597,5.11275438130408,5.11775142540569,5.1231030336175,5.12881646960427,5.13482753431176,5.1412773071696,5.14816233205293,5.15559472781943,5.16342792924137,5.17173132604785,5.1805050345913,5.18976115445569,5.19949815930547,5.20970457253637,5.22035204506348,5.23141589973041,5.24283161773309,5.25457334353019,5.26651658891747,5.27859570952037,5.29068897891408,5.30268713714109,5.31444669063895,5.32582799967255,5.33668932267805,5.34685364432328,5.35617598676307,5.36452706165521,5.37174872687787,5.37774261897632,5.38240583083297,5.38566707411763,5.38746656173945,5.38777000631586,5.38662448328866,5.3840111495621,5.37999226898398,5.37468325434821,5.36813247153514,5.36045279711346,5.35183968603617,5.34234651043092,5.33214508334919,5.32139275130222,5.3104262411687,5.29883648428712,5.2871288888785,5.27540976814779,5.26366324633268,5.25191957429446,5.24054822044945,5.22934184466497,5.21869486942385,5.20852186812353,5.19863741146383,5.18903994502201,5.17999909679337,5.17142693316292,5.16335182098111,5.15574585458258,5.14861106734789,5.14188314282936,5.13562195551086,5.12948563630505,5.12382604860397,5.118560186105,5.11369837066663,5.10909564372401,5.10480788181161,5.10076284487905,5.09709411135179,5.09343523991173,5.09018776961823,5.08710538188917,5.08417767639235,5.08146705181282,5.07878463247955,5.07645048873015,5.07421328161124,5.07198474595997,5.07000477657984,5.06815730645258,5.06637155633916,5.0646908773028,5.06311712889274,5.06159203213359,5.06016644475596
5.07037935026123,5.07249069045422,5.0747285354354,5.07710419053772,5.07962311984419,5.08229018658394,5.08507121300683,5.08816639190737,5.09137667393599,5.09481008337228,5.09845251022743,5.10231702374272,5.10645913718598,5.11081055317968,5.11549306289568,5.12045524866217,5.12574523339685,5.13136026978454,5.13732439475263,5.14361875377055,5.15034874265991,5.1574777915328,5.16504388753984,5.17302053207447,5.18141850883618,5.19023488117829,5.19945741858797,5.20907161822046,5.21906489441426,5.2293947250615,5.24000394452246,5.25083656221233,5.2618251726837,5.27287705219624,5.28392168045367,5.29481889560024,5.30545974504014,5.31573199229963,5.32547902562695,5.33460006485898,5.34297293725922,5.35043102508821,5.35691655178361,5.36224800162109,5.36639434765674,5.36933901493179,5.37096109793538,5.37124279158889,5.37019628349461,5.36794569484778,5.36413808486451,5.35938567769633,5.35378984832225,5.34697958859168,5.33920762880463,5.33084578420322,5.3213802462939,5.31181143887112,5.30156827758975,5.29160566728022,5.28044510553706,5.26973429239636,5.25920600270321,5.24839839785044,5.23795629712039,5.22776608828127,5.21785809737747,5.20803700765823,5.19861936904149,5.18972073365165,5.18123785857375,5.17297332736212,5.16514405754303,5.15771998228771,5.15071446062643,5.14414176961704,5.13837931894963,5.13210331102579,5.12648276177929,5.12137193204971,5.11646943893986,5.11188770212276,5.10756562019997,5.10354134950491,5.09975830452836,5.0962108794334,5.09285025531307,5.08970299126055,5.08671390980096,5.08394927689512,5.0813504205232,5.07888075224803,5.07655874179532,5.07436586493196,5.07232214420487,5.07037310158672,5.0685620416224,5.06684190808893,5.06512497046268,5.06357087937346,5.06211273936687
5.07253480243256,5.07469391653992,5.07697173313808,5.07938766203712,5.081966710538,5.08464927458246,5.087526873783,5.09060440131734,5.09385552882969,5.09728438015041,5.10093161896956,5.10479906418871,5.10892191253329,5.11328798585387,5.11790918552749,5.12281706114205,5.12803177851158,5.13353294891528,5.13937202351669,5.14557329377755,5.15206353328616,5.15891660083568,5.16621519980021,5.17384195168335,5.18186794249309,5.19025356249886,5.19897661238196,5.20802595829436,5.21739582990016,5.22705248902477,5.23690204549586,5.24691850764121,5.25702832605719,5.26714903403731,5.27733422075742,5.28721558071416,5.29692293597552,5.30639329625646,5.31521266295895,5.32332975302693,5.33079865908007,5.33758599723588,5.34348541491333,5.3482279086742,5.35169088554697,5.35442822363773,5.35574647438103,5.35598256536379,5.35453561181476,5.35338104725249,5.35001182587304,5.34580113875842,5.34055376818904,5.33415849371811,5.32762798925652,5.3199799962421,5.31167766615461,5.30265795129316,5.29352367972864,5.28417919464336,5.27438440626195,5.26457930154803,5.2543779276045,5.24477069431564,5.23498573003867,5.22550831022018,5.21615486648756,5.20704883766166,5.19819555609081,5.18972840687829,5.18152512376759,5.17367872651911,5.16611256024869,5.15913291449457,5.15239315028925,5.14608103526049,5.13989850091789,5.13421094919215,5.12871772053201,5.12363219648412,5.11880900913511,5.11427634971337,5.10998108940751,5.10595626125786,5.10219008866472,5.09859852895933,5.09517247964229,5.09199171500418,5.0889991673784,5.08619972118716,5.08353896206032,5.08103633179164,5.0786716248544,5.0764403639071,5.07435533332564,5.07235960543663,5.07050575430268,5.06875390073924,5.06701427947068,5.06542924172808,5.06392188515314
5.07454179096659,5.07673581580376,5.07905296076824,5.08150254313557,5.0840881126367,5.08686441983843,5.08972294445063,5.0928019782123,5.09605664730812,5.09949892693992,5.1031385714718,5.1069909476232,5.11107640738376,5.11539682417468,5.11998299474436,5.12482006063814,5.12993454214571,5.13532100074778,5.1410216556718,5.14699112618572,5.15332791090899,5.16013116027396,5.16711668989899,5.17440197583847,5.18205840262468,5.18999524532091,5.1981383462388,5.20675371018333,5.21549175639588,5.22451997382534,5.23353747532216,5.2427249502307,5.25210764561669,5.26086162272632,5.27078424444477,5.2801745139205,5.28862369475151,5.29697667556936,5.30501267451279,5.31268333205028,5.31919129394624,5.32516665965795,5.33046191797542,5.33473017878302,5.33802175184187,5.34062870809155,5.34164512534513,5.34220465206543,5.34140618738532,5.3394534354363,5.33658170466796,5.33301433411486,5.32835687322263,5.32237013610213,5.31653229991891,5.30962694298995,5.30206787312478,5.2939806053532,5.28571424619479,5.27707295428369,5.26816549989563,5.25910644491576,5.24992987132471,5.24078848864598,5.23174973621553,5.22281893001002,5.21406200823472,5.20551677621649,5.19720821799656,5.18925811139639,5.18124407536075,5.17430654862224,5.16679554740047,5.16006326859656,5.1534338949146,5.14725155520902,5.14135974262631,5.13573826699944,5.13042335246277,5.12542294541799,5.12070045154167,5.11621098571458,5.11197169757408,5.1079428521778,5.10420790610284,5.1006174360311,5.09721804299043,5.09406003405915,5.09106811218789,5.08824535330714,5.08556120198419,5.08303388755794,5.08063669280616,5.0783859329454,5.07624866377996,5.07422289532865,5.07230924245324,5.07050250749938,5.06877463807612,5.06714034401159,5.06559497835059
5.07643322601517,5.07865645031238,5.08099551928521,5.08346575559891,5.08606972323284,5.08884591898576,5.09175176187479,5.09482065504106,5.09805947654087,5.1014909790313,5.10511582831245,5.1089396734846,5.11299119025501,5.11725040733215,5.12176213126432,5.12650688018537,5.13151230836329,5.13677224780779,5.14230282089823,5.14811711861076,5.15423418291052,5.16065692575332,5.16721358232974,5.17427564833465,5.18155087456835,5.1891123750446,5.19682782032673,5.2048429405502,5.21311627591814,5.2215230318692,5.23003848224513,5.2387086838877,5.24741188045122,5.25593411900961,5.2643264645209,5.27244412818786,5.28067550456038,5.28831441224902,5.29550811140076,5.30226977937988,5.30839317403374,5.31378940256179,5.31848789688994,5.32240097006722,5.32543633266293,5.32755610313344,5.32891419348302,5.32910453985881,5.3284064749311,5.32665765127779,5.32419984332768,5.32088625657493,5.31673679160191,5.31171406213597,5.30607575623567,5.29987182027954,5.29310928761361,5.28574033732139,5.27806167436574,5.27019649762905,5.26201477788468,5.25370647296445,5.24525075609882,5.23678244113729,5.22837735644662,5.2200601086511,5.21185215359455,5.20381420954394,5.19600013117769,5.18844392607717,5.18110425457627,5.17406633097629,5.16713898551158,5.16053022499242,5.15425541731583,5.14827540101401,5.14253205657575,5.13709893925626,5.13194452595383,5.12702974701676,5.12238357027,5.11798531658245,5.11384323657745,5.10980822944668,5.10610286273621,5.10261676582013,5.09921071966212,5.09602547041046,5.09301608406686,5.09016789219887,5.08746794726498,5.0849156089463,5.08250044477834,5.08022077944925,5.07805629336972,5.0760049473962,5.07405561889572,5.07219620230809,5.07043099189117,5.06877004305576,5.06718081884742
5.07818511786527,5.08042995433653,5.08279392194795,5.08527752754272,5.08790551806961,5.09067243014476,5.0935938105096,5.09666386183602,5.09988767464985,5.1032959381686,5.10688565349137,5.11067327226751,5.11465728352554,5.11885519956325,5.12327860503196,5.12791134953966,5.13279488799699,5.13792089871161,5.14328741084708,5.14894632265185,5.15485821201438,5.16100209162852,5.16737920014037,5.17401937388416,5.1809675051408,5.18813405562373,5.19547282371939,5.20300131663382,5.2107250996,5.2185668598626,5.22649919190422,5.23447848922959,5.24242949265398,5.25037937920002,5.25818421258595,5.2657609625182,5.27307464711891,5.28008267199398,5.28668220390603,5.29271206406525,5.29829695807379,5.30323571767286,5.3074802107148,5.31101154216813,5.31372278558168,5.31564569098496,5.31676334829439,5.31702361014538,5.31639360802925,5.31491166522559,5.312678661811,5.30963826425437,5.30588099894507,5.30136208103155,5.29620127330016,5.29060427996091,5.28448032393738,5.27782441214273,5.2710115543625,5.26355023312964,5.25607342614535,5.2484194803418,5.24063499624887,5.23278900644128,5.22495870721955,5.21720292962088,5.20954457113189,5.2019705700533,5.19460712807822,5.18742460776039,5.1806662026575,5.17372382376328,5.16717708021837,5.16089793394506,5.15485389640644,5.14908184590604,5.14354099902497,5.13826861088495,5.1332475360858,5.1284503573769,5.12388729360305,5.11955302067474,5.11537064689078,5.11158889197945,5.10783110702327,5.10429637067275,5.10095923147808,5.09781040007647,5.09480001399239,5.09195253741295,5.08924440071552,5.08668672079601,5.08426311676686,5.08195855883072,5.07977074683267,5.07770019363829,5.07570658988234,5.07383156537905,5.07204376467761,5.07034023126272,5.06871851788564
5.07986495987574,5.08212329969131,5.08449500243805,5.08698064454766,5.08961031571205,5.09237373131044,5.09528680348167,5.09833963407812,5.10154568466458,5.10492940705827,5.10848254620361,5.11222162070649,5.11614474630058,5.12027274011293,5.12459587398179,5.12913269913142,5.13390278077445,5.13887224598841,5.14407101301756,5.14953691486215,5.15523333635284,5.16112156435779,5.1672262784256,5.17356241523512,5.18013517397589,5.18691431862511,5.19385696536374,5.20095354557554,5.20816018900524,5.21550555173992,5.22289519691813,5.2302940757438,5.23769102981142,5.24500310929278,5.25217703076879,5.25916945706845,5.26589147538249,5.27225712025151,5.27827311008006,5.28379471608519,5.28883699465285,5.29332294386839,5.29716855526557,5.30035992453222,5.30284323911785,5.30457757493552,5.30557985358042,5.30582914844813,5.30526648091506,5.30394701575501,5.30196034431345,5.29921554415054,5.29582549937459,5.29177083989104,5.28710472343341,5.28195148122626,5.27632143725659,5.27047271245411,5.26385697830267,5.25721099163764,5.25034196813911,5.24327259591355,5.23612279139391,5.22884332135509,5.22153409870804,5.21428212350593,5.20710492161227,5.2000357862153,5.19309698166173,5.18633573329133,5.17983164040428,5.17326610301749,5.1670070522695,5.16101409337983,5.15520606234061,5.14966115240161,5.14432011363286,5.13921681285979,5.1343404097405,5.12965265339623,5.12520453873966,5.12093903633708,5.11677366552464,5.1130634614734,5.10938916999695,5.1059002176507,5.10258203052627,5.0994425703139,5.09645078783252,5.09360909622413,5.09090437342713,5.08834737616946,5.08591219230241,5.08359969803183,5.08139606165586,5.07929225193,5.07729627521596,5.07539401494696,5.0735791269869,5.07185345647816,5.07021093042561
5.0814486128214,5.0837150359237,5.08609546269379,5.08859290678944,5.09121232781245,5.09397602070968,5.09686212451117,5.09989383239169,5.10307140972296,5.10641568948179,5.10992011301139,5.11360217753761,5.11745301984819,5.12149945109308,5.12571464810316,5.13014898103332,5.13477835395381,5.13959363791987,5.14465006637702,5.14990563291977,5.15536768164067,5.16104181590261,5.16687292257712,5.17291035678224,5.17915462852981,5.18556656983546,5.19210279032381,5.19879025599797,5.20553752447278,5.21237217413204,5.21927827515625,5.22617255360473,5.2329837227559,5.23975080059596,5.24637718202093,5.25281916657901,5.25896748921068,5.26480473547475,5.2702997729597,5.27537744187307,5.27998677495812,5.28401348230951,5.28751540152618,5.29039345887517,5.29264169998749,5.29423153203971,5.29516153696726,5.29538221876454,5.29486621422867,5.29371236347703,5.29190399845207,5.28942270413986,5.28633577397523,5.28267452363188,5.27843246016074,5.27373757763452,5.26864369587244,5.26315210761867,5.25723471717963,5.25109182975401,5.24472689506302,5.23821373444451,5.23156071103896,5.22484040421531,5.2180840796089,5.21132681273346,5.20461127146964,5.19795928452203,5.19141583794594,5.18501177109288,5.17883469668848,5.17263662721911,5.16665624009178,5.16092522896808,5.15537564240081,5.15003383108947,5.14488105091002,5.13993397796904,5.13520379349382,5.13063873509079,5.12630656224896,5.12214542907506,5.11820069017343,5.11443339453105,5.11082410470489,5.10736712384663,5.10408216875811,5.10095078931129,5.09798400282379,5.09515034702951,5.09246316493409,5.08989386093382,5.08746191549092,5.08513317124843,5.08291386516751,5.08080824707137,5.07878932441481,5.07687479181717,5.07505180019,5.07330256453723,5.07163774162363
5.08291448972639,5.08518513873464,5.08756378876883,5.09004688808426,5.09266968143961,5.09541145881642,5.09827248946853,5.10128123444394,5.1044284577528,5.10772897650537,5.11118361722229,5.1148030732548,5.11858089143026,5.12253071322315,5.12665812901288,5.13097132987579,5.13546225367695,5.14014127562205,5.14501666885511,5.15009092891291,5.15533410385949,5.16074685840057,5.16632394041465,5.17208548672658,5.17800694072773,5.18405565407931,5.19023464323456,5.19652564373612,5.20290088935424,5.20951192717623,5.2157456847144,5.22209880203977,5.22845709322858,5.2347130702787,5.24081134146615,5.246683283925,5.25235921003837,5.25774303942447,5.2627547980123,5.26737651655905,5.27156788407292,5.27527769650697,5.27846594465845,5.28112270606444,5.28313611191877,5.28459363491476,5.28543210825575,5.2856225492526,5.28517944079073,5.28414003537864,5.28249519422332,5.28025774762175,5.27741566137012,5.27409161665952,5.27025296434352,5.26599287597865,5.26130252398819,5.25623574881465,5.25087174138129,5.24520151534435,5.23933526351939,5.23329713322805,5.22716188435788,5.22091045690684,5.21461097389962,5.20828851738919,5.20199168718908,5.1957445812516,5.18957043578336,5.18349325207072,5.17799079039316,5.17177380081905,5.16610344210561,5.16062708093066,5.15530721350168,5.15016647380613,5.14521126977609,5.14043300324566,5.1358420446841,5.13143045532898,5.12720613519041,5.12315366678989,5.11928321030017,5.11556891477184,5.1120288240732,5.10863360514119,5.1053953830401,5.102304695782,5.09935944912723,5.09655195210665,5.09387246335767,5.09132042294548,5.08887343190941,5.08655314976904,5.08433087131345,5.08221801206818,5.08019350492143,5.07826963074425,5.07642419492336,5.07466770927577,5.07298864189626
5.08424075969282,5.08650961838256,5.08888357426051,5.09136478213893,5.09396728198843,5.09671784078637,5.09949129092537,5.10250588628498,5.10561595809717,5.10885895267672,5.11225718185627,5.11580374983826,5.11950424098763,5.12336942608457,5.12738998218751,5.13158234044372,5.13594454728752,5.14045623178172,5.14517749494653,5.15004390324764,5.15507590475751,5.16025484772153,5.16558776256689,5.17107232281863,5.17667482229586,5.18240257670788,5.18824077042449,5.19415953992885,5.2001322957061,5.20620491484968,5.2122046662164,5.21809450965309,5.22396024888677,5.22973031614984,5.23538856403203,5.24080964775953,5.24601653080855,5.25095859089003,5.25557534582728,5.25981917481407,5.26366288325252,5.26707555936539,5.26994416001246,5.27236205572421,5.27426866615557,5.27557793647835,5.27632933795385,5.27649640315831,5.27610277232928,5.275169969227,5.27366686346109,5.27161359410009,5.26905715386005,5.26599337001615,5.26251529057125,5.25859608841867,5.25428266556162,5.24967578360467,5.24472299084137,5.2395071763513,5.23408772743935,5.22852657851634,5.22280299179207,5.21698003417137,5.21110610853559,5.2052121572926,5.19932538590906,5.19346140658737,5.18764387049755,5.18196658641588,5.17638394167118,5.17074400984224,5.16536700125947,5.16014879295544,5.15504421952943,5.15012424529634,5.14536019718326,5.14074375999964,5.13630808721537,5.13202885002674,5.12791638517515,5.12396369160132,5.12018211067834,5.11654689899592,5.11307315173749,5.10973721849041,5.10655526481904,5.10349843460779,5.10059399854289,5.09780242980499,5.09515450692451,5.09260653345489,5.09018252767239,5.08786407999043,5.08564734739758,5.08353204562275,5.08150534279093,5.07957170516725,5.07772057989021,5.07595565300683,5.07426120399427
5.08547060995402,5.08773058336702,5.09009194002368,5.09256133982414,5.09514184007182,5.09782771490492,5.10062165468536,5.10358909276621,5.10664591005323,5.1098422284657,5.11317368844657,5.11664470008215,5.1202561691186,5.12402368767335,5.12793728323749,5.13201049974626,5.13622791879448,5.14061041532574,5.14514104501614,5.14982618122222,5.15465369358591,5.15960650676485,5.16469252421112,5.16990984063908,5.17522514212655,5.18064667966857,5.18616691414189,5.19173178531213,5.19732705447485,5.20294690355824,5.2085712355839,5.21413816333585,5.21961340579912,5.2249614533004,5.23016195541437,5.23517867038618,5.23998692730394,5.2445292421737,5.24876158533144,5.25265280815307,5.25618540698753,5.25928193097449,5.26195395252565,5.26416897094842,5.26589637312467,5.26710046449461,5.26777903354335,5.2679547132428,5.26760498512288,5.26674322487221,5.26536617313596,5.2635068724362,5.26116439987077,5.25836330066913,5.25518238208587,5.2515804184285,5.24764874984487,5.24338082722348,5.23884413055769,5.2340354803065,5.22904439232862,5.22387329100539,5.21855699836143,5.21312116402923,5.20764296573832,5.20213349205648,5.19660516077319,5.19108737288328,5.18561321077605,5.18022518201553,5.17510166466046,5.16967831989487,5.16452983759205,5.15953646712012,5.15465542812829,5.14993266746232,5.14533891374954,5.14090501688593,5.13661182406209,5.13246813676394,5.12848583349292,5.12464440540934,5.12095469160338,5.1174052040621,5.11399909266347,5.11072127695097,5.1076027937775,5.10459641695455,5.10172120575059,5.09897038996547,5.09633643789676,5.09381481295802,5.09140192013249,5.0890961301615,5.08688190384498,5.08476578014398,5.08274107137428,5.0808032274402,5.07895544948639,5.07717807079343,5.07547742991428
5.08671098311533,5.08895635236224,5.09129948079924,5.0937437755587,5.09629159663843,5.09894943050804,5.10171360563906,5.10461541206093,5.10762404816515,5.1107512242749,5.1140226813426,5.11741155233835,5.12093530321139,5.12459623150112,5.12840497580103,5.13234837521427,5.13642238456689,5.14065785915718,5.14501670796214,5.14951274143641,5.15412129751757,5.15886616209388,5.16372207039223,5.16868452863969,5.17373408192744,5.17885890625076,5.18405197298819,5.18928016422203,5.19455586690606,5.19982562929695,5.20505997549417,5.21024262555402,5.21535681710563,5.2203296342889,5.22516663849424,5.22981128502342,5.23423175363095,5.23841607550323,5.24231549210368,5.24590214104017,5.24914111043992,5.25198677744947,5.25444802982523,5.25646822223541,5.25803768784592,5.25914852776378,5.25977763877128,5.2599475945907,5.25964014662145,5.25885331471474,5.25760093885175,5.25589580203352,5.25374846696959,5.25118681269707,5.2482636446096,5.24497152295551,5.24135402841674,5.23741272598177,5.23320356629222,5.22877231528395,5.22413873294974,5.21933459726911,5.21440149980474,5.2093584520084,5.20424588752376,5.19908908435293,5.19389732840417,5.18871698221675,5.18357023323158,5.17850423311263,5.17350041966463,5.1684357590104,5.16354980376083,5.15880995352964,5.15414820437917,5.1496257175449,5.14521435081099,5.14094192380952,5.13679439063245,5.13279486473712,5.12892705266211,5.12519390002954,5.12160597562172,5.11814692128575,5.11481457489127,5.11161062775637,5.10852901506141,5.10558875562463,5.10275335354289,5.10003793929113,5.0974290922947,5.09493314149563,5.09253344105504,5.0902390511012,5.08804200618084,5.08593387042715,5.08391371840292,5.08197910191869,5.08012144945159,5.07834810150051,5.07664045075168
5.08786591169523,5.09009862437584,5.09242517492532,5.09484653092164,5.09736634588265,5.09998869383326,5.1027217612024,5.10556672777443,5.10851366929259,5.11155819204689,5.11477541313865,5.11808194102565,5.12152088300853,5.12508088227436,5.12877907022064,5.13259939260914,5.13654810401589,5.14060625029714,5.14481240528823,5.14910998640039,5.15353714535421,5.1580683874129,5.16269190156663,5.16740724912905,5.17220353525041,5.17705751390004,5.18196135367491,5.18689446395353,5.19182962657187,5.19676518954354,5.20166071030596,5.20650553690962,5.21125838555058,5.21588596459725,5.22037848245024,5.22468921663903,5.22878271772654,5.23264568202693,5.23623858263469,5.23954257399598,5.24252304036847,5.24512913064144,5.24738248050418,5.24925353416975,5.25069769279046,5.25171680930856,5.2522989351297,5.25245252795231,5.2521848604317,5.25147390797698,5.25032306800502,5.24875670901582,5.24678784825076,5.24444126653427,5.24175196642916,5.23872341158333,5.23537270978461,5.23174882409883,5.22786629278962,5.2237624670384,5.21948201559636,5.21500182905418,5.21040291760943,5.20570513550589,5.20092684698088,5.19608355021346,5.19122737494873,5.18634617044215,5.18150777325947,5.17673356290629,5.17194408730151,5.16722461295823,5.1625732172911,5.1580092497742,5.15355146358877,5.14921615293938,5.1449731396882,5.14086675977148,5.13686572529702,5.13299733004028,5.12924658888517,5.12562532815127,5.12212498379363,5.11874882917351,5.11549298993457,5.11236625258868,5.10935270819085,5.1064483382678,5.1036629576443,5.10098228829991,5.09840642777765,5.09593982612412,5.09356712333222,5.09129607506119,5.0891123403734,5.08701457513707,5.0850000056641,5.0830722960638,5.08121567691538,5.07943846436551,5.07773120212297
5.0888069563807,5.09102338918023,5.09332821774683,5.09572352570665,5.09821446237925,5.10080545162002,5.10349574941431,5.10629624227557,5.10923043276148,5.11216011899358,5.11533059759654,5.11855777617612,5.12190257866339,5.12536978221161,5.1289493363949,5.13265155278992,5.13647072930895,5.14038659014501,5.14442611661428,5.1485638369972,5.15279082489954,5.15711760584739,5.16152850180192,5.16601175633745,5.17056775554788,5.1751711773562,5.17980339545371,5.18445127649812,5.18910089096092,5.19373264702761,5.19831600748655,5.20284194876167,5.20727703349525,5.21158535961977,5.21576082083369,5.21976215221752,5.22355696235649,5.22713179467231,5.23046085583442,5.2335031078404,5.2362485547208,5.23865503294039,5.24072616117483,5.24244388008399,5.24376910003808,5.24471373455667,5.2452642427688,5.24540641907314,5.24515058207097,5.24449444081784,5.24345241445188,5.24201690825658,5.24021501552031,5.23806255811065,5.23557560007674,5.23277569793153,5.22968815728264,5.22633678288855,5.2227464187414,5.21894794790422,5.21494598496439,5.21079747235468,5.20651830317208,5.20213446355859,5.19765303932806,5.19311200563118,5.18855618042195,5.18397334038702,5.17935712920597,5.17496543632883,5.17029275848842,5.16584739296183,5.16143269345112,5.15708082493038,5.15282778024127,5.14866855222692,5.14459820102406,5.14064723067156,5.13678704735232,5.13305390492695,5.12941826979322,5.12590948060877,5.12250305254456,5.11922146210092,5.11604180483858,5.11298162980183,5.11002512425911,5.10718687653896,5.10444302983824,5.10181288198474,5.09927235518415,5.09683822052883,5.09449130923463,5.09223506644275,5.09006568972345,5.08798420946551,5.08598257518925,5.08405737477419,5.08220636385176,5.08043425430578,5.07872266815744
5.08962633296237,5.09182023087829,5.09409942773813,5.09646585259689,5.09892191376119,5.10147061554877,5.10411449560668,5.10685744440964,5.10970060697927,5.11263045832627,5.11570044763702,5.11886117632057,5.12210602180847,5.12547131533323,5.12894150561356,5.13252545033312,5.13619873226191,5.13998396710306,5.14386458722974,5.14783115359627,5.15189368988159,5.15601929265135,5.16022581876785,5.16448843140785,5.16880568674145,5.17316772724834,5.17754914724591,5.18194527156952,5.18631801130787,5.19066832752641,5.19496686966325,5.19919812725348,5.20334759912778,5.20736461120788,5.21125285308457,5.21497377532557,5.21849574666364,5.22180818029589,5.22489524004448,5.22770774286344,5.23024562178334,5.23247000130305,5.23437771862794,5.23596575437591,5.23718931703901,5.23806184164178,5.23856763220381,5.23869504816103,5.23846961442194,5.23787798301538,5.23691332622377,5.23559979823263,5.23394463680252,5.23195611906626,5.22965702244771,5.22707202425616,5.22422148027654,5.22112241840498,5.21779049869982,5.21425492321558,5.21054285633155,5.20667995767158,5.20268998226602,5.19857495820655,5.19439058170214,5.19014108971007,5.18584502453147,5.18151894629899,5.17721814089628,5.17307265644831,5.16866785701275,5.16436695865183,5.16015873042129,5.15603393517255,5.15195118779109,5.14798253879672,5.14408049328889,5.1402769435281,5.1365613053907,5.13295434086637,5.12943874281496,5.12603810189054,5.12273015140003,5.11953867904204,5.11644026714015,5.1134568673854,5.11056433893529,5.10778228106611,5.10509075333454,5.10250059379382,5.10000016848954,5.0975963997714,5.09527932166426,5.09304870001525,5.09090386949731,5.08883531470438,5.08684742582538,5.08493558819587,5.08309319316852,5.08132388893593,5.07961853187019
5.09043978285879,5.09260438584627,5.09485292608551,5.09718330664035,5.09959819149623,5.10210120469132,5.10469396645617,5.10737787779731,5.11015239186333,5.11302352951637,5.11599205933311,5.1190584376793,5.12220663623434,5.12547685998591,5.12883813673146,5.13230815002189,5.13585001279708,5.13948665518595,5.14321516611052,5.14701758969847,5.15089675349669,5.15484307396245,5.15885374294593,5.16291108151645,5.16700836908256,5.17113301888594,5.17527066143603,5.17941867918443,5.18354140239387,5.18763067753748,5.191670902317,5.19562578188514,5.19949793808815,5.20325370463739,5.20687907313515,5.21034708883931,5.21361720935872,5.21669027241048,5.21954354487584,5.22216200997308,5.22451348783359,5.22657065907245,5.22832938249566,5.2297969236624,5.2309284054866,5.2317375843687,5.23220882216043,5.23232699532937,5.23211424512223,5.2315721278118,5.23068859514043,5.22947907338239,5.22795525519645,5.22611738149782,5.22400420581543,5.22160853478813,5.21897158522355,5.21609326720382,5.21299873848761,5.20971791870491,5.20626605517718,5.20265971502495,5.19892416686212,5.19508468486828,5.19116465013054,5.18717048064675,5.18312941013702,5.17906355068427,5.17497961830112,5.17068603426945,5.1668895385373,5.16282584074974,5.15881508621846,5.15488735185208,5.15099714734949,5.14716686730253,5.14343674472418,5.13978182305417,5.13620675241791,5.13272602569442,5.12933140119156,5.12603670391621,5.12283070480244,5.11972623015477,5.11671258766393,5.1137986605164,5.11097681721213,5.10824908185069,5.10561475211218,5.10306976702484,5.10061632528358,5.09824679768517,5.09596566162203,5.09375942807073,5.09163851168452,5.08959142277614,5.08762299532056,5.08572175538436,5.08389268420964,5.08213181321311,5.08043274127012
5.09114411307614,5.09328414944596,5.09550069557451,5.09779479561461,5.10016904644876,5.10262872689515,5.10517304291276,5.10780277466971,5.1105200637238,5.11332854935845,5.11621324158242,5.11918350677166,5.12225006002033,5.1254610192241,5.12869237173989,5.13202557551007,5.13544514508054,5.13894417829836,5.14251016220939,5.14616313863299,5.14986536907783,5.15362882958878,5.15745086594649,5.16131349540375,5.16520386374216,5.16911473279965,5.17302292560257,5.17692836096904,5.18081804210516,5.18466529224806,5.18846135537541,5.19216955253364,5.19578755940933,5.19929676853824,5.20267815967725,5.20591193711003,5.20895683914638,5.2118122361469,5.2144627565805,5.21688468936672,5.21906803689971,5.22097891199854,5.22260815096594,5.22395914829621,5.22500993983634,5.22575884574178,5.22619874561298,5.22631083874669,5.22611379336364,5.22560861812836,5.22479278178879,5.22367881196824,5.22227290514381,5.22057697869546,5.21863441544945,5.21641283558201,5.21394514105045,5.21128547940256,5.20841586523267,5.20535535231073,5.20213054694951,5.19876472026366,5.19527776962502,5.19168538041273,5.18799892522295,5.184246204265,5.18044647970629,5.17661977793685,5.17276927162168,5.16888009868905,5.16509905168508,5.16117638728625,5.15740118746614,5.15363314934846,5.14995489267149,5.14630231537132,5.14270576619799,5.13920145266382,5.13576323612322,5.1324065615466,5.12912960133676,5.1259394136966,5.122834437511,5.11981737132639,5.11688904979854,5.11404686697051,5.11129600705064,5.10862865904309,5.10605171172449,5.10355436929504,5.10114877318387,5.09881379979024,5.09656777631668,5.09439184929198,5.09230074215496,5.09027421531395,5.08832483587297,5.08644306698741,5.08462745452538,5.08287841255984,5.08118714849035
5.09175281444511,5.09386400863599,5.09604829741633,5.09830577814735,5.10063882797338,5.1030495094665,5.1055394618083,5.10811268566535,5.11076764838666,5.11350543592289,5.11632524041577,5.11923077446699,5.12221028397166,5.1252620043848,5.1283968084013,5.1316093921764,5.1349162613359,5.13827660227064,5.14171869578392,5.14521210487307,5.14875666339904,5.15235125746047,5.15598897697665,5.15966676222272,5.16336278807248,5.16707494665711,5.17077517041966,5.17446442190612,5.17812501840601,5.18174846455711,5.18531730544166,5.18880164171986,5.19219142575448,5.19547578674843,5.19862952713981,5.20164643976377,5.20449084047952,5.20714825412676,5.20961681751007,5.21186300231205,5.21388885719762,5.2156669770958,5.21717871193016,5.21842795627336,5.2194041692615,5.2200982966001,5.22050849191191,5.22061677159305,5.22043760800403,5.21997100302383,5.21920873940375,5.21817961832882,5.21688144115615,5.21531685777134,5.21348424493518,5.21145173672374,5.20916941131058,5.20669330105686,5.20401091188673,5.20115551548123,5.19814963731688,5.1950083973674,5.19173853137615,5.18836606956434,5.18491211112035,5.18138723297487,5.17779849332028,5.17415672796494,5.17055968826408,5.16697724006813,5.16336472937438,5.15962453277126,5.156002048611,5.15240613229052,5.14886009076626,5.14538027572953,5.14194491071034,5.13855486501007,5.13525685837943,5.13201419146943,5.12885686724641,5.12576498185905,5.12276223535823,5.11982960833613,5.11698730779315,5.11421762148439,5.11153826874201,5.10893090059739,5.10641182273343,5.10396466982882,5.10160360371255,5.0993128973548,5.09710274544638,5.09496146743139,5.09289500442345,5.09089489632994,5.08896942446694,5.08710337711639,5.08530720137305,5.0835694162623,5.08189191768425
5.09231117465077,5.0943879882137,5.09653585368763,5.09875289473033,5.10104167712513,5.10340345196038,5.105839692866,5.10835107636508,5.11093818050217,5.11360115235046,5.11634241283599,5.11915711507123,5.1220576944413,5.12501894128085,5.12791058946643,5.1311238048492,5.13432726353768,5.13756192527888,5.14085956172457,5.14420379410547,5.14759547222576,5.15103052115578,5.15449927360681,5.15798978807292,5.16150078896347,5.16502355198364,5.16852791628798,5.17201564829774,5.17547366073902,5.17887734736262,5.18223583281392,5.18551294940231,5.1886918153947,5.19177186217608,5.19471658854806,5.19753529530203,5.20019572984522,5.20267227732298,5.2049686506606,5.20706195805517,5.20894480822471,5.2106034583453,5.21200696322541,5.21316733667679,5.21407193538955,5.21471677622405,5.2150991498207,5.21520546485843,5.21504142696937,5.21461188507737,5.21390956976601,5.21295101376417,5.21174497883315,5.210288280359,5.20860210257918,5.20668688955052,5.20459091871767,5.20226884776674,5.19977333698482,5.19711498488635,5.1943088222892,5.19136325720093,5.18830381378449,5.18514837092332,5.18190391669365,5.17858080847627,5.17526099777772,5.17172182035183,5.16825872364265,5.16497743326526,5.16146245252089,5.15795694833697,5.15451967351023,5.15110495388107,5.14772552155352,5.14437389430715,5.1411026488966,5.13785076098761,5.13467192170699,5.13155092450749,5.12850546381505,5.12551782717223,5.12261161468201,5.11976898128973,5.11700787293383,5.11431371686948,5.11170236355036,5.10915922649563,5.10669681593628,5.10430703514056,5.10199012400956,5.09974472647413,5.09756995568057,5.09546455770544,5.09342974735165,5.09145689757057,5.08955313479819,5.08771062196139,5.08593078433798,5.08421054935392,5.08254580885871
5.09278375501584,5.09482970392381,5.09694010795218,5.09911612700123,5.10136150806843,5.10367611147435,5.10605949931087,5.10851307826855,5.11103560618995,5.1136266929955,5.11628960854834,5.11902320398482,5.12182955256762,5.12470141612257,5.12759127247169,5.1306020243023,5.13367918971684,5.13678441306796,5.13994751081956,5.14315368532409,5.1464046265649,5.14968430574216,5.15299300426279,5.15631774266363,5.15964763209986,5.16298412828007,5.16630911461925,5.1696096123331,5.17287601950762,5.17608479439053,5.17923852904195,5.18232238265514,5.18530811298133,5.18819693725586,5.19095728082001,5.19358733090028,5.1960784883042,5.19838942486296,5.20052771679305,5.2024816609866,5.20423426055588,5.20577814131484,5.20708788689304,5.20816649459845,5.20901287521556,5.20960481140718,5.2099607226612,5.21006510175991,5.20991418811864,5.20951703939204,5.20887094077541,5.20798247441218,5.20686123183261,5.20550627448469,5.2039356784785,5.20216209662923,5.20017995317898,5.1980398697544,5.19570814743133,5.19322591890456,5.19059640475369,5.18783649520207,5.18496294864234,5.18199717637217,5.17899437852616,5.17579973548605,5.17255636903626,5.16941168393223,5.16618543237931,5.16300005598809,5.15969718287417,5.15633084463985,5.15303593761283,5.1497776732861,5.14655132291533,5.14335381897853,5.14020081316426,5.13710241347397,5.1340382582056,5.1310332926546,5.1280938274573,5.12520971467263,5.12239579423046,5.11964173224915,5.11696070815876,5.11434449068623,5.11179936058475,5.10932412585043,5.10691935513635,5.10458273435812,5.10231162618147,5.10011173541761,5.09797611070722,5.09590865967694,5.09390326696525,5.09196288731576,5.0900842234778,5.08826253230566,5.08650429110049,5.08480080255083,5.08315151475665
5.0932492598985,5.09525877463139,5.09732775071535,5.09945961745589,5.1016548612817,5.10391487372896,5.10624305869561,5.10863632530619,5.11109200318379,5.11361284942436,5.11619870058071,5.11884927089285,5.12155667048379,5.12433331353814,5.12716034413221,5.13005181663139,5.13299333696176,5.13599388617454,5.1390314678673,5.1420930916402,5.14519663375938,5.14832758113244,5.15148112797194,5.1546472436733,5.15781443858077,5.16097744295465,5.16412558888383,5.16725104744007,5.17033812455948,5.17336713498606,5.17633509914275,5.17923456669785,5.18204450977556,5.18475650246882,5.18734703619388,5.18980449410482,5.19213562505618,5.19429958341966,5.19629591370265,5.198121933658,5.19975342824138,5.20119163323572,5.20241719444432,5.20342100484109,5.20421069700284,5.20476555739893,5.20508999814341,5.20519108011135,5.20505107556487,5.2046831473416,5.2040876810772,5.20326277825811,5.20221819560618,5.2009613571539,5.19950155995996,5.19784692478078,5.1959947998223,5.19398502403205,5.1918324853981,5.18949294140773,5.18703655012001,5.18449042694821,5.18168463633146,5.17891600257866,5.1761279500964,5.17314292193996,5.17019214687247,5.16711996235027,5.16402395989728,5.16091445647245,5.15782237666117,5.1547469362245,5.15157397994135,5.14845957095626,5.14537533230224,5.14231047523782,5.13928668544493,5.1362983889597,5.13337226382957,5.13046546433889,5.12762923254095,5.12484650947054,5.12212076484492,5.11945819754346,5.11685177030358,5.11431376480109,5.11183584366318,5.10942565021051,5.10707390237722,5.104794168508,5.10257027005732,5.10041801315878,5.09832071488238,5.09629159851876,5.0943203767972,5.09240862251221,5.09055802459318,5.08875860698448,5.08702388388383,5.08533834728847,5.08370674541303
5.09364317158106,5.09561846839179,5.09765071828454,5.09974153684384,5.1018915830098,5.10410226745161,5.10637355309753,5.10870272252749,5.11109439665524,5.11354634919239,5.11605730343482,5.11862769150376,5.12125070273505,5.12392888864013,5.12666221921713,5.12944463873611,5.13228701713959,5.13512346595784,5.13806366039073,5.14098656491981,5.14396569185753,5.14697020421514,5.14997161468654,5.15298656723673,5.15600056678968,5.15900456847301,5.16198308344755,5.16494421806408,5.16786247415572,5.17072449126848,5.17352481847925,5.17625217913286,5.17889713910684,5.18144542058832,5.1838780433961,5.18618203093177,5.18836238666221,5.19039041767719,5.19225816307796,5.19396472517391,5.1954879752997,5.19682919072072,5.19797664089711,5.1989127670623,5.19964853385213,5.20017062378169,5.20047386270137,5.20056547082288,5.20043490183717,5.20009148276565,5.19954015349439,5.1987722420177,5.19779865737928,5.19663115182752,5.19527176496852,5.19372652524479,5.19200405313516,5.1901211121806,5.18809443226396,5.18593290757987,5.18356287986567,5.18128151219965,5.17861098655286,5.17604549828758,5.17334065856765,5.17053798694655,5.16769782528451,5.16481224133289,5.16189793833012,5.15894800338897,5.15595027022716,5.15309126481437,5.15004479940596,5.14708848132047,5.14413355187749,5.14121340242261,5.13831129719108,5.13545116478148,5.1326229298676,5.12985204249088,5.12710121827367,5.12441891937582,5.12178243011421,5.11920502708415,5.11667623530677,5.11421201336903,5.11179864018786,5.10945600190999,5.10716288257728,5.10493599042498,5.10276201148692,5.10065339553184,5.09859862848264,5.09660705788056,5.09466825244353,5.09279159143329,5.09096574480541,5.08919645045916,5.08748068139875,5.0858165627528,5.08419966054747
5.09394389831427,5.0958787373025,5.09786962822392,5.0999184694472,5.10202391291243,5.10418555134582,5.10640157315333,5.10867189009829,5.11099810104645,5.11338214553733,5.11582084159491,5.11831298405898,5.12085611962501,5.1234449332533,5.12608245893581,5.12876263698833,5.13148951870283,5.13425469991569,5.13701145312545,5.1398868678923,5.14270000928277,5.14556910721556,5.14844682185543,5.15131424946796,5.15418067999457,5.15703403260713,5.15986254344117,5.16266398325652,5.16542494449356,5.16813166693377,5.17077692220052,5.17334487592587,5.17583403151546,5.17823139578643,5.18051730492278,5.18268205927729,5.1847247886019,5.18662676598336,5.1883767894669,5.18997323227531,5.19139843834502,5.19265214876343,5.19372581097197,5.19460085459129,5.19528815260099,5.19577901522796,5.19606285001004,5.19614888031443,5.19603153640861,5.19570956771865,5.19519320849601,5.19447290873147,5.19356628909236,5.19248537464057,5.19120332660466,5.1897667586305,5.18819433622792,5.18640987475727,5.18445579799163,5.18229757427629,5.18028006349652,5.17801185167954,5.17562741147271,5.17316050674301,5.17060950686372,5.16797978059177,5.16530346803404,5.16255724253899,5.15980873569114,5.15700752209139,5.1542093262815,5.15152375651462,5.14858977752397,5.14570233690522,5.14287851590264,5.14008165974608,5.13730027418789,5.13455462526326,5.13183351983359,5.12915907700158,5.12652771358967,5.12392640602019,5.12137449481871,5.11888119650185,5.11642970292667,5.11403735928506,5.11169716590915,5.1094112508449,5.10717801199462,5.10500221637119,5.10288106304875,5.10081719354775,5.0988043786826,5.09685127095002,5.09494791826867,5.09310252920013,5.09130771043828,5.08956253087119,5.08787194120502,5.08622833446297,5.08463080619681
5.09414246980299,5.0960441639385,5.09799678339753,5.10000079799411,5.10205936154972,5.10417042385012,5.10633223800918,5.10854542960579,5.11081028328323,5.11312554700395,5.11549124425321,5.11790624618555,5.12036948328875,5.12287174935208,5.1254177365581,5.12800188161702,5.13061837200241,5.13327715611655,5.13594743008909,5.13865932977508,5.14137605192161,5.1441139311439,5.14685144950453,5.14958752244716,5.15231797163152,5.15503233775105,5.15771884466891,5.16037337610075,5.1629892690867,5.16555245154571,5.16805561689411,5.17047889014824,5.17282437371192,5.17508492781318,5.17723493572053,5.17927027732334,5.18118833481689,5.18297334928505,5.18461516978114,5.18611201797561,5.18744827856223,5.18862207091379,5.18962723641126,5.19044714884697,5.19109078741308,5.19155319141513,5.19181879927938,5.19190037896594,5.19179228897628,5.19148981179949,5.19101001945768,5.19034347231659,5.18945953080373,5.18835638703875,5.1873044651437,5.18581469858894,5.18445454927828,5.1827489479623,5.1810002624377,5.17909771075634,5.17703930808875,5.17489935399843,5.17265696518121,5.17033647438041,5.16792966161744,5.16545398733009,5.16290876089077,5.16033145865389,5.15770537708925,5.15505274743521,5.15237325726781,5.1496766948959,5.14694617003486,5.14434350775636,5.14159296057226,5.13891208288246,5.13624664577378,5.1336102184288,5.13099641849871,5.12842037083256,5.12587365968735,5.12337868865203,5.12090910651376,5.11849358199596,5.11612323471828,5.11380092773219,5.11152685237285,5.10930124362543,5.10712934444384,5.10500575495416,5.10293580297272,5.10091651368712,5.09895008059111,5.0970344781145,5.09516696042821,5.09335554746556,5.09159017687373,5.08987420506003,5.08820920643636,5.0865859974318,5.08501338660466
5.09432649882707,5.09618911727816,5.09809987043286,5.10005953397359,5.1020679665159,5.10412469050457,5.10623124024882,5.10838580176669,5.11058771320973,5.11283539542041,5.1151285089749,5.11746594370495,5.11984777489703,5.12226695857026,5.12472153678655,5.12721151387595,5.12973412769591,5.13228192211,5.13485049944927,5.13745601381161,5.14002051722019,5.1426543548191,5.14528684510978,5.14789458212215,5.15049827112579,5.15307543879596,5.1556270239729,5.15814343651905,5.1606168660481,5.16304429053369,5.16540972292417,5.16769627887982,5.16990647339408,5.17203880903778,5.17406080542462,5.17597649109605,5.17777858254843,5.17945490744321,5.18099834075424,5.18240359714926,5.18365539293302,5.18475633267953,5.18569883862992,5.1864670191969,5.18707067875429,5.18750388117671,5.18775214166698,5.18782617196262,5.18772978792086,5.18744584390118,5.18699216630753,5.1863636827357,5.18554252244122,5.18456448673291,5.18351445621315,5.18226646219195,5.18086950416605,5.17930775216414,5.17762785998854,5.1758248915133,5.17391195816903,5.17188135448974,5.1697768654863,5.16757435615003,5.16530695294105,5.16297254641711,5.16056986233086,5.15812545615276,5.15563033794092,5.1531130152848,5.15056973951598,5.14802215836094,5.14550377807791,5.14282442824245,5.14027228518895,5.13771696970408,5.13516744285384,5.13263908581294,5.13013167048633,5.12765034662244,5.12520313179771,5.12278358024794,5.12040915445374,5.11807118639464,5.1157770279065,5.113522073608,5.11131735529102,5.1091512943957,5.10703848383727,5.10496826498082,5.10295063423425,5.10097829111667,5.09905478666756,5.0971798108545,5.09535212125797,5.09357312279976,5.09183862365669,5.09015254745322,5.08851375812548,5.08691295372902,5.08536353516332
5.09452301722819,5.09634675666942,5.09821627022064,5.10013123709059,5.10209015692042,5.10409377743187,5.10614255880002,5.10823834314844,5.11037762983832,5.11255904715118,5.11478114183576,5.11704202514286,5.11934029559019,5.12167964634102,5.12404520794976,5.12644351061009,5.12886724513176,5.13131749699287,5.13378168916633,5.13626704601798,5.13876270322013,5.14125324487734,5.14359945310753,5.14628023492445,5.14871312539096,5.15117401999301,5.1536059211333,5.15598862783204,5.15833208809878,5.16063452233968,5.16286767659884,5.16503045725473,5.16711640587008,5.16912459034943,5.17103178059075,5.17283645339107,5.17453120642661,5.17610934716475,5.17756147324596,5.17888129272493,5.18005470836233,5.18108838189048,5.18197239200531,5.1826912719993,5.18325879618427,5.18365947609759,5.1838931866335,5.18397789130672,5.18389080686477,5.18362470340534,5.18319413647462,5.18260324253961,5.18184961158306,5.18096817457035,5.17992959299375,5.1787502658455,5.17743560865216,5.17597633718596,5.17440363688772,5.17271514678363,5.17091293302486,5.16901607697192,5.16700532053043,5.16494388651451,5.16279738636878,5.16057500065828,5.15831943516693,5.15598653127499,5.15363553283812,5.15124393782653,5.14881684298559,5.14637348686399,5.14390230349732,5.14150681621598,5.13901950653352,5.13655968584507,5.13411537130006,5.13168088039228,5.12927245489126,5.12688278405463,5.12452421120046,5.12219342293365,5.11990046089737,5.11763521391854,5.11541718407537,5.11323032135604,5.11108867913928,5.10898495623804,5.10693012398896,5.10491279756759,5.10294537143994,5.10101849235335,5.09914036388584,5.09730511875451,5.09551054792213,5.09377296257103,5.09207307652608,5.09041414419121,5.08880273448777,5.08722883793509,5.08570011501874
5.09470968836745,5.09649341271768,5.09832183248559,5.10019266664371,5.10210491178362,5.10405783163462,5.10605317343231,5.10808968277972,5.11016784542971,5.1122847686012,5.11443794548329,5.11662673004401,5.11884896097037,5.12110451053613,5.12338901627943,5.12569775271325,5.12802842443177,5.13038234674643,5.13274992468144,5.13513228106667,5.13751219848754,5.13989814081124,5.14226431007497,5.14466664221628,5.1470150900151,5.14935181653003,5.15166440894015,5.15392772047651,5.1561489644241,5.15832787690317,5.16044117224776,5.16248825340197,5.16446092309898,5.16635263775556,5.16815462911548,5.16985836013529,5.17145192851191,5.17293835207054,5.17430503857728,5.1755434510677,5.17664779764792,5.17761931940656,5.17844767919253,5.17912410222965,5.17965735226028,5.18003062478118,5.18026416486772,5.18025681019079,5.18022818927764,5.18000345438887,5.17961591490089,5.17908392077455,5.17840835622325,5.17755162708136,5.17655867572243,5.17543893211106,5.17419867699397,5.17284038081693,5.17135641025049,5.16975988392089,5.16807411942569,5.16627547039524,5.16437847209005,5.16241896290232,5.16038100457085,5.15832856803211,5.15614259557656,5.15396340452973,5.1517169895576,5.14944775530438,5.14713284356876,5.14480050199795,5.14244463900095,5.14009230090264,5.13773979592612,5.13539287336051,5.13305862367246,5.13072781366803,5.12841545031617,5.12611739949698,5.12384927117469,5.1215982320604,5.11938388004888,5.11719951062563,5.11504677946045,5.11292881653969,5.11085053339089,5.10880849470889,5.1068076261804,5.10484443416593,5.10292677247237,5.10104626763335,5.09921259266189,5.09741784446278,5.09566567189125,5.09395692005736,5.09228809072047,5.09066104680725,5.08907712670845,5.08752967119753,5.0860251299968
